-40.350082  106.894859  -0.502712
-40.338577  106.894630  -0.507040
-40.322300  106.892624  -0.513960
-40.309818  106.890572  -0.518974
-40.300304  106.888039  -0.520785
-40.291180  106.885826  -0.523090
-40.278294  106.883553  -0.524686
-40.264431  106.880089  -0.529179
-40.252708  106.873154  -0.535702
-40.245274  106.866302  -0.539309
-40.238026  106.860977  -0.541351
-40.231464  106.858734  -0.541050
-40.225086  106.856491  -0.540666
-40.222038  106.852844  -0.540634
-40.218853  106.848061  -0.542272
-40.216198  106.843941  -0.542415
-40.211906  106.839706  -0.542624
-40.207172  106.837662  -0.541615
-40.195557  106.837296  -0.542689
-40.184101  106.834320  -0.545464
-40.168320  106.828140  -0.555244
-40.150520  106.819916  -0.568336
-40.132244  106.809135  -0.583317
-40.112362  106.797112  -0.599882
-40.091484  106.781929  -0.618699
-40.071957  106.769501  -0.629611
-40.054253  106.758804  -0.635645
-40.037067  106.750122  -0.635688
-40.018669  106.743362  -0.630926
-39.999371  106.738914  -0.622631
-39.977642  106.738159  -0.609803
-39.954639  106.739929  -0.596558
-39.932255  106.740044  -0.590733
-39.909664  106.738701  -0.590132
-39.884258  106.739388  -0.588199
-39.861988  106.743401  -0.581065
-39.835846  106.745415  -0.581042
-39.805172  106.746254  -0.587292
-39.776554  106.747932  -0.591222
-39.745789  106.749222  -0.594324
-39.715149  106.750916  -0.598629
-39.682465  106.751091  -0.604436
-39.641258  106.744141  -0.621687
-39.605774  106.741348  -0.633201
-39.570000  106.742134  -0.637223
-39.536285  106.743568  -0.642914
-39.504322  106.747063  -0.642894
-39.481438  106.753662  -0.630598
-39.448601  106.757500  -0.627414
-39.412369  106.754997  -0.635842
-39.368458  106.750832  -0.652568
-39.332294  106.752823  -0.662238
-39.283154  106.755661  -0.679508
-39.224342  106.762703  -0.698586
-39.163322  106.769485  -0.719069
-39.077152  106.782448  -0.747927
-38.964806  106.815231  -0.781366
-38.819695  106.869293  -0.829817
-38.578293  106.980057  -0.912904
-38.208893  107.230064  -0.874929
-37.770271  107.615387  -0.791024
-37.091270  108.428619  -0.716088
-36.454475  109.295464  -0.622759
-35.903545  110.366272  -0.531573
-35.519844  111.579247  -0.357327
-35.286205  112.609215  0.026382
-35.202156  113.487160  0.554928
-35.246365  114.393021  1.112590
-35.486893  115.541374  1.744920
-35.926651  116.890236  2.404714
-36.601429  118.399696  3.029082
-37.391071  119.849648  3.590727
-38.313744  121.283989  4.183873
-39.080315  122.181961  5.037723
-39.772236  122.865479  5.759497
-40.549541  123.417061  6.396888
-41.473217  123.866104  6.952223
-42.622627  124.190163  7.484063
-43.776894  124.367722  7.893578
-44.977177  124.426392  8.220295
-46.242340  124.384651  8.522678
-47.414028  124.264481  8.770033
-48.485367  124.133820  9.024270
-49.760414  123.873634  8.969773
-51.028500  123.416962  8.949293
-52.271313  122.799530  8.744922
-53.207794  122.121284  8.537230
-54.158226  121.073235  8.158677
-55.334091  119.144997  7.544430
-56.398952  116.542709  6.659359
-57.300407  114.124283  6.037125
-57.799931  112.383957  5.534504
-58.076874  111.265358  5.306448
-58.233654  110.440475  5.308224
-58.216553  109.440788  5.322635
-57.831181  108.638290  5.566680
-57.431602  108.067291  5.813841
-56.756702  107.645462  6.146420
-56.044815  107.516296  6.182456
-55.040226  107.597572  6.016942
-53.520935  107.751862  5.641488
-51.838852  108.234650  5.439721
-49.780487  109.101997  5.507923
-47.591778  110.070412  5.466599
-45.239330  111.220688  5.561778
-42.830326  112.550697  5.584021
-40.495201  113.543922  5.539638
-38.374821  114.160767  5.465743
-36.424168  114.421959  4.883063
-34.896065  114.576866  4.413892
-33.648815  114.713081  3.975818
-32.520103  114.916138  3.540982
-31.609798  115.171715  3.185870
-30.898262  115.467613  2.933449
-30.383335  115.773682  2.747063
-30.086308  116.114525  2.631778
-29.940863  116.390099  2.533382
-29.932154  116.592766  2.466397
-30.028179  116.710114  2.405946
-30.208168  116.734848  2.356178
-30.385351  116.691795  2.304537
-31.594990  115.441895  1.835872
-32.150917  114.611610  1.737908
-33.025093  113.071541  1.270176
-33.674789  111.759529  0.699406
-34.176498  110.585472  0.201575
-34.577415  109.496872  -0.209123
-34.863731  108.539665  -0.524516
-35.010067  107.540977  -1.015503
-34.999336  106.516396  -1.500832
-34.888184  105.761131  -1.816861
-34.720715  105.135658  -2.116962
-34.093304  104.179482  -2.358578
-33.303913  103.382988  -2.519375
-32.281609  102.855942  -2.621835
-31.002728  102.453941  -2.719802
-29.262060  102.177933  -2.889899
-27.088522  102.124260  -3.129533
-24.892761  102.168388  -3.384266
-22.370073  102.267151  -3.672153
-20.069548  102.390686  -3.892688
-17.939539  102.568100  -4.215871
-16.092245  102.817009  -4.412504
-14.485677  103.038101  -4.541474
-13.120264  103.260979  -4.735186
-12.069799  103.444008  -4.851454
-11.342345  103.570839  -4.928010
-10.819758  103.665550  -4.973182
-10.461462  103.723541  -5.001973
-10.157628  103.788002  -5.022751
-9.911642  103.848869  -5.039294
-9.751227  103.895203  -5.049747
-9.657167  103.931023  -5.052100
-9.615712  103.956223  -5.031104
-9.611911  103.961510  -4.989028
-9.624326  103.962975  -4.951842
-9.651749  103.964294  -4.900210
-9.697561  103.970390  -4.823295
-9.761832  103.982857  -4.713254
-9.825874  104.005310  -4.558328
-9.896610  104.038086  -4.384204
-9.971765  104.085533  -4.194890
-9.997731  104.218681  -3.995686
-9.883965  104.533989  -3.700613
-9.521114  105.256157  -2.773062
-9.146679  106.143990  -1.664983
-8.859366  106.920242  -0.724712
-8.388688  107.957924  0.474422
-8.052269  110.019310  2.296808
-7.980648  112.446007  4.109622
-7.977331  114.939354  5.644396
-7.876536  116.732910  6.958497
-7.765049  118.207214  7.947053
-7.567430  119.466522  8.651084
-7.267519  120.741707  9.226512
-6.889274  122.427055  9.407372
-6.316841  123.969139  9.503983
-5.627490  125.270180  9.459699
-4.921340  126.352158  9.500619
-4.141100  127.267914  9.480062
-3.416812  127.942581  9.413086
-2.569306  128.570755  9.184525
-1.510623  129.544067  8.503377
-0.656657  130.161377  7.656216
0.029210  130.482574  7.094595
0.523246  130.552872  6.701487
1.219034  129.988113  5.570715
2.113785  128.828705  3.910951
2.900331  127.528511  2.340793
3.514697  126.493004  1.234640
3.942466  125.388832  0.407881
4.243711  124.306885  -0.534057
4.380807  122.915916  -1.227015
4.381875  121.816734  -1.236030
4.336813  119.934937  -1.141180
4.108646  117.604828  -1.351223
4.081030  114.792877  -1.458641
3.884935  112.127991  -2.149289
3.782498  108.843803  -2.862306
3.602236  106.949989  -2.977873
3.379586  105.293709  -2.924989
3.172641  103.019241  -3.098357
2.938849  100.987938  -3.079824
2.874031  100.084122  -1.478082
2.732605  98.225250  -1.064305
2.615252  97.220222  -0.574375
2.912165  96.020874  -0.352425
3.068149  94.284012  0.065051
3.069690  92.976479  0.273680
3.077902  92.232346  0.393128
2.993793  91.721886  0.521325
2.830120  91.384377  0.745558
2.625544  91.307434  1.121051
2.420467  91.382477  1.495649
2.136962  91.635971  1.967820
1.658433  92.183220  2.685189
0.947648  93.164185  3.796700
0.096724  94.753281  5.331069
-0.900465  96.681900  6.966918
-1.909784  98.746826  8.598867
-2.834401  100.609726  10.049497
-3.734191  102.599243  11.530414
-4.655373  104.019157  12.667208
-5.376801  104.985123  13.370220
-6.077377  106.254852  14.063574
-6.814476  107.584480  14.324221
-7.575172  108.949814  13.039492
-8.143988  110.617355  11.898294
-8.625034  112.181282  11.196580
-8.941045  113.659126  10.787861
-8.996582  115.093246  11.066144
-8.923415  116.477356  11.475266
-8.870102  117.892998  11.847075
-8.793700  119.340675  12.153251
-8.586005  121.093536  12.385337
-8.205926  122.791679  12.529673
-7.594454  124.793419  12.636750
-6.922328  126.370338  12.629466
-6.043501  127.863968  12.517312
-4.656562  129.420807  12.450994
-2.938376  131.047684  12.354208
-0.626119  132.589462  12.387773
1.950965  133.827591  12.598994
4.696136  134.931519  12.895052
7.233631  135.861511  13.075726
9.734445  136.623795  13.225691
16.250053  136.804031  13.395491
17.780609  136.407501  13.167768
19.721008  135.199387  12.674051
21.359053  134.584366  12.149027
22.644281  133.518219  11.513364
23.570591  132.217941  10.980808
24.164890  130.519226  10.358076
24.284712  129.284271  10.002947
23.899319  127.876984  9.420368
22.947573  125.648682  8.746895
21.447269  123.625648  8.350420
19.694321  121.552643  8.012918
17.974991  119.675179  7.689246
16.120699  117.476120  7.113180
14.528455  116.059441  6.715819
12.773237  114.502731  6.262905
11.092123  113.489220  6.120910
9.415067  112.683739  6.119173
7.979711  112.186417  6.183159
6.443203  111.537949  6.137144
5.146772  111.104301  6.198273
4.092511  110.825073  6.295999
3.223081  110.618965  6.413980
2.584250  110.482689  6.531839
2.058327  110.427238  6.631334
1.652024  110.385719  6.878353
1.409865  110.452927  7.120127
1.344752  110.730621  7.366449
1.454615  111.317955  7.711759
1.720632  112.182518  7.973178
2.204883  113.086876  8.210640
3.368711  114.862000  8.934616
4.307345  116.133324  9.501296
5.326993  117.317070  10.087224
6.187387  118.159874  10.549391
7.355762  118.831825  11.675836
8.689175  119.600609  12.944748
10.272445  120.741386  14.281035
11.927676  122.408325  16.442392
13.397177  123.744919  18.145449
14.633542  124.873169  19.515860
16.090218  126.288155  20.629944
17.890848  129.555389  22.615765
19.618198  132.942810  24.119125
21.181486  135.008804  25.132032
22.556456  136.710022  25.807392
23.690042  137.882111  26.323334
25.380739  139.229660  26.724976
27.102085  140.300644  27.086010
28.444563  140.258057  26.780132
30.185619  140.600449  26.552328
32.553886  142.393112  26.516464
34.574299  143.746857  26.800201
36.242355  144.771683  26.648220
37.765102  145.542999  26.693441
39.274006  145.859650  26.396200
40.776920  145.596344  26.159616
42.235134  144.759018  25.549200
43.973713  143.569641  24.402330
46.313560  143.001816  22.836792
48.873741  141.915497  20.770290
50.896973  140.604889  18.860197
52.538109  139.048920  17.251926
53.822792  136.956741  15.888773
54.939606  134.416565  14.946341
55.891399  131.804810  14.262045
55.875896  129.142471  13.843801
56.195251  126.926918  13.281403
56.052578  124.909950  12.829903
55.893970  123.015549  12.603099
55.562546  121.119469  12.513953
55.506954  119.759567  12.741004
55.237354  118.202820  13.312718
54.698769  116.414696  14.045136
54.388058  115.150085  14.417874
53.898319  114.207779  14.694565
53.501957  113.589668  14.945318
52.549805  111.944405  15.726217
51.976479  110.202286  16.469595
51.695946  109.294067  17.227467
51.235165  109.064407  17.934763
50.589172  109.124733  18.633854
49.739674  109.691528  19.735073
48.741146  110.044281  20.396740
48.004848  110.679977  20.803453
47.366871  111.905838  21.422764
46.657272  113.895027  22.651922
45.970795  116.029648  24.149120
45.131920  118.371109  25.825512
44.411335  121.222557  27.847452
43.571472  124.082039  29.578613
42.911480  127.129562  31.255781
41.981991  129.872833  32.681469
41.099010  132.582184  33.887684
40.378010  135.005310  34.844013
39.840668  137.086304  35.466152
39.371723  138.877670  35.776146
39.065311  140.661499  36.162750
38.746601  142.801697  35.969658
38.615788  144.937973  35.917980
38.284985  147.763794  35.517773
38.016369  149.761765  35.533283
37.811646  151.374069  35.800682
38.210518  154.356232  34.400604
38.875568  156.894608  32.972576
39.200935  158.924500  31.757162
39.610821  159.876373  30.819622
40.292896  160.736847  29.775694
40.851200  161.142563  27.943779
41.588596  160.676208  23.065996
42.497616  160.439056  19.447399
43.175545  160.280670  17.745440
43.854973  160.267410  16.466381
44.497837  160.372833  14.376490
45.085247  160.346237  12.881792
45.727657  159.385269  7.711318
46.364655  159.235809  4.523166
46.898312  159.038513  3.221495
47.099892  158.956161  2.705497
47.189461  158.921005  2.258303
47.083778  158.854233  1.382487
47.011482  158.799515  0.741230
46.892971  158.725052  0.368355
46.795647  158.255661  -0.461092
46.720474  157.901382  -1.093670
46.559082  157.180801  -2.096815
46.546780  157.043533  -2.241144
46.525143  156.847198  -2.418416
46.485043  156.647217  -2.560055
46.425758  156.371643  -2.728801
46.371021  156.084824  -2.995739
46.382755  155.651993  -3.385526
46.416134  155.335785  -3.611329
46.443798  154.986130  -3.865031
46.400429  154.646103  -4.257673
46.412655  154.250702  -4.573600
46.445869  153.996353  -4.720318
46.369839  153.750961  -4.789326
46.304295  153.549805  -4.791831
46.260773  153.387558  -4.764065
46.236706  153.273468  -4.746955
46.225868  153.173431  -4.732357
46.219864  153.097153  -4.724634
46.217476  152.982178  -4.690655
46.224209  152.863495  -4.667366
46.228016  152.761612  -4.643844
46.230808  152.692352  -4.586409
46.207050  152.640274  -4.549422
46.185139  152.591721  -4.518931
46.151649  152.549789  -4.482252
46.118935  152.512451  -4.449134
46.083439  152.477539  -4.422866
46.044041  152.442245  -4.399306
46.002159  152.415588  -4.372420
45.936825  152.378967  -4.335210
45.879654  152.342056  -4.297418
45.805218  152.263260  -4.183905
45.730251  152.191513  -4.099968
45.663391  152.135605  -4.031721
45.601933  152.085709  -3.972167
45.529728  152.043030  -3.924755
45.468040  152.003647  -3.883468
45.405170  151.969635  -3.841877
45.348347  151.937820  -3.803094
45.250206  151.887131  -3.743658
45.150631  151.831146  -3.687827
45.042065  151.765060  -3.643230
44.934452  151.714798  -3.568337
44.849239  151.676392  -3.512756
