-82.803001   176.194153  23.596233
-82.741020   176.205658  23.620489
-82.706001   176.198166  23.634417
-82.658943   176.192871  23.673559
-82.641136   176.180710  23.692400
-82.611572   176.158386  23.712383
-82.563538   176.133972  23.748787
-82.527916   176.094131  23.801001
-82.538109   176.010071  23.811615
-82.558800   175.924332  23.817871
-82.519028   175.877411  23.921515
-82.551483   175.892670  23.879297
-82.620705   175.931808  23.794529
-82.676895   175.940216  23.741764
-82.728737   175.967987  23.738964
-82.780663   175.985077  23.734035
-82.856232   176.012939  23.722029
-82.926056   176.050308  23.718668
-83.050308   176.110657  23.580904
-83.199577   176.160583  23.457787
-83.270302   176.173141  23.383863
-83.334648   176.166809  23.326439
-83.341644   176.135727  23.302372
-83.279846   176.028961  23.608030
-83.331512   176.013351  23.541927
-83.417938   175.886398  23.556234
-83.569511   175.696655  23.328947
-85.841255   173.831970  20.678453
-85.899452   173.365891  19.589527
-85.746994   173.508026  19.444794
-85.780571   173.600418  19.690594
-85.909370   173.832382  19.844467
-86.037376   174.058823  20.853548
-86.100784   174.202271  20.744623
-86.133881   174.345245  20.671551
-86.051933   174.631516  21.018822
-85.957077   174.932526  21.420431
-85.961090   174.948425  21.429655
-85.951775   174.956055  21.455267
-85.937653   174.977432  21.479540
-85.932869   175.003067  21.492159
-85.893806   175.045135  21.569792
-85.843452   175.109879  21.659485
-85.787079   175.160446  21.713993
-85.648064   175.287445  21.842260
-85.495850   175.406250  22.134075
-85.376183   175.510437  22.281914
-85.335716   175.551987  22.244337
-85.162506   175.659714  22.444044
-85.021072   175.763062  22.641476
-84.870026   175.904572  22.960674
-84.731949   176.028229  23.266903
-84.737244   176.098038  23.275957
-84.767281   176.323837  23.357626
-84.726028   176.559708  23.553045
-84.646233   176.658768  23.645203
-84.585777   176.715134  23.717014
-84.568024   176.724716  23.750343
-84.542885   176.705505  23.744852
-84.571297   176.705109  23.703550
-84.617813   176.672974  23.637690
-84.674698   176.640808  23.611189
-84.862015   176.550446  23.293945
-85.036659   176.498825  23.113729
-85.200554   176.349213  23.114103
-85.434471   176.146027  23.093699
-85.714493   175.876404  23.036446
-86.151543   175.277725  23.446920
-86.783257   174.588959  24.088726
-87.756042   174.235718  23.836393
-88.895332   173.070404  23.270115
-90.329277   172.525406  24.072607
-91.830879   171.978973  24.028395
-93.095016   171.166641  24.517658
-94.273193   170.414352  26.407261
-95.615807   169.662247  28.038488
-96.989891   169.192184  27.737852
-98.332954   168.500092  27.530411
-99.457855   168.096405  27.384842
-100.356010   168.048630  27.350527
-100.832993   168.266098  27.299946
-101.354584   168.720306  27.616297
-101.846466   169.478638  27.840366
-102.313217   170.377594  27.641546
-102.549667   171.278198  27.523722
-102.762596   172.878433  26.901426
-102.660027   174.455994  26.809841
-101.992950   176.496750  27.036337
-101.172585   179.208160  26.142712
-98.210716   187.698975  24.284641
-97.253532   189.888672  23.514473
-95.906342   192.761612  22.929815
-94.502808   196.418427  21.893347
-93.594124   198.549255  21.522190
-92.437096   201.054031  21.258615
-91.476036   203.283524  20.832962
-90.687790   204.940262  20.723864
-90.173874   206.312149  20.679895
-89.929718   207.453888  20.743227
-89.816261   208.460831  20.856747
-89.789909   209.272568  20.921402
-89.867409   209.935715  21.027575
-89.967598   210.362152  21.152769
-90.098335   210.634460  21.277155
-90.223358   210.841217  21.362532
-90.406929   210.742752  21.449511
-90.626053   209.898895  22.137444
-90.752335   208.280807  22.111626
-90.574471   206.780060  22.311731
-90.318741   204.791428  21.993427
-89.931808   202.802277  21.722881
-89.509460   200.886353  21.602417
-88.555489   197.886246  21.869829
-87.001709   193.689468  22.301651
-86.021683   190.495377  21.079153
-84.917000   187.058456  19.725384
-83.746574   183.586853  19.127184
-82.392395   179.839798  18.829802
-81.173553   176.045288  18.854805
-79.864403   172.156326  18.949400
-79.097878   168.689163  19.205660
-78.883575   165.239716  19.107071
-78.928970   161.740677  19.025511
-79.305527   158.508026  19.663378
-79.739182   155.317459  20.007006
-80.803307   152.648636  20.626917
-82.288483   149.997818  22.549290
-84.429436   147.896866  23.566765
-86.840714   145.353287  25.262959
-89.772575   143.573959  26.637478
-92.902748   142.512009  28.075912
-95.837494   142.152084  31.293470
-98.922569   142.647415  32.428978
-100.934013   143.389496  33.032230
-102.553352   144.647644  34.182499
-104.079079   146.737518  35.290306
-105.309174   149.085938  35.384193
-105.930450   152.041397  35.571388
-105.320732   157.212708  39.235058
-105.237183   160.752762  38.527054
-104.323280   164.458145  39.192093
-103.180618   168.266144  39.901993
-102.055870   171.655655  39.694954
-101.686676   175.322433  37.742638
-100.503281   179.827469  35.250397
-98.731766   183.465851  35.003597
-97.217682   187.805923  33.072201
-95.075798   191.867905  31.156387
-92.809822   195.170120  29.827751
-90.120972   198.611649  28.777475
-87.530998   201.190735  27.850163
-85.007080   203.352600  27.111361
-82.831444   204.919876  26.351406
-80.744034   206.279755  25.463610
-78.692154   207.079544  24.658283
-76.812653   207.637650  23.574400
-75.157921   208.017334  22.623680
-73.598106   208.017471  21.564716
-72.052376   207.608368  20.582369
-70.812904   207.000076  19.827488
-69.545845   205.849243  18.999004
-68.207336   203.525528  17.843603
-67.515877   201.583679  17.058332
-67.306679   199.823807  16.660118
-67.597816   197.530411  16.140961
-68.475769   194.350204  15.935670
-69.861725   190.518402  15.814895
-71.717903   186.570190  16.098848
-73.955124   182.615067  16.573273
-76.691803   178.551132  17.507956
-79.336105   174.791153  18.873180
-81.907043   170.940384  19.440580
-84.309814   167.885651  20.255415
-85.930489   166.089523  21.957823
-87.350433   165.144913  23.158691
-88.354958   164.949112  23.941940
-89.143318   165.066101  24.181780
-89.898003   165.534515  24.358051
-90.513817   166.303436  24.419554
-90.914291   167.052368  24.422928
-91.286865   167.991852  24.392609
-91.434052   168.964569  24.281216
-91.329674   170.581604  24.410362
-90.990982   172.473312  24.167860
-90.393341   174.169098  23.664558
-89.652023   175.546692  23.078590
-88.627525   176.842072  22.440063
-87.323814   177.828415  21.907976
-85.816917   178.499405  21.307014
-84.083252   178.609024  20.607128
-82.263542   177.930695  19.821306
-80.291252   176.581619  19.245428
-78.206718   174.896591  18.819929
-75.880066   172.685776  18.456526
-73.629631   170.055618  18.285509
-71.218185   167.125305  18.256975
-68.874420   164.440567  18.329077
-66.326744   162.043091  18.459927
-63.556583   159.964172  18.726767
-60.939972   158.115036  18.853317
-58.156498   157.205597  19.001902
-55.652622   156.497925  19.117826
-52.742565   156.441971  18.956152
-49.682224   157.009277  18.579510
-46.930248   158.437195  18.363140
-44.665318   160.030090  17.853243
-42.533443   161.523056  17.266163
-40.413109   163.309814  16.718760
-38.349564   165.464401  16.158430
-36.602287   167.290375  15.705656
-35.229313   169.178238  15.347055
-34.085541   170.999756  14.957720
-33.232876   172.988037  14.528161
-32.792030   175.064697  14.202875
-33.712379   180.974625  14.009047
-34.327015   182.868500  14.041331
-35.663139   185.456085  14.125518
-37.526909   187.921738  14.396333
-39.653999   189.787659  14.893079
-42.134502   191.393982  15.388299
-44.637238   192.499695  15.916428
-47.207111   193.111481  16.487764
-49.610931   193.258255  16.992332
-52.094604   193.025085  17.263151
-54.524277   192.512955  17.830507
-56.519558   191.929337  18.322716
-58.461330   190.986710  18.699320
-60.204033   189.873642  19.158428
-61.614185   188.527130  19.404215
-62.926605   187.055893  19.927591
-64.113121   185.023010  20.359701
-64.994392   183.018433  20.834711
-65.711784   180.574463  21.068316
-66.152176   177.583954  21.342062
-66.267944   173.977020  21.528751
-66.071350   170.774155  21.561888
-65.559822   167.924240  21.697144
-64.863258   165.400146  21.944414
-63.772655   162.447540  21.916456
-62.408489   160.058731  21.838238
-60.863728   158.259766  21.770611
-59.211330   156.975372  21.628345
-56.923035   156.124100  21.161003
-54.846977   155.768677  20.434647
-52.691841   156.069290  19.653643
-50.686382   156.828796  18.827496
-48.431591   158.331100  17.859236
-46.620560   159.660080  17.033827
-44.885315   161.267319  16.097895
-43.432430   162.722275  15.402188
-42.190277   164.657700  14.941675
-41.205635   166.726440  14.183064
-40.608116   168.634506  13.582629
-40.257248   170.649979  13.001183
-40.091984   172.513947  12.523125
-40.209820   174.587845  12.185350
-40.568398   176.609650  12.013889
-40.933987   177.818283  11.932033
-41.686695   179.305130  11.840476
-42.498367   180.357574  11.955184
-43.318645   181.141785  12.150101
-44.204952   181.470245  12.357300
-45.064224   181.356094  12.671234
-45.821400   180.904053  12.928259
-46.622250   180.264893  13.195637
-47.225739   179.390152  13.371879
-47.746304   178.232391  13.518518
-48.117916   176.923737  13.650409
-48.325382   175.003937  13.877867
-48.334766   172.471375  14.200556
-48.127808   170.238983  14.467838
-47.553799   167.885361  14.715772
-46.693306   165.687897  14.939041
-44.982903   163.513229  15.320932
-43.011356   161.913391  15.281359
-41.109581   160.974167  15.023450
-39.149437   160.665237  14.647052
-37.005558   160.724243  14.131660
-34.837509   161.262756  13.626637
-32.966408   162.201843  12.900356
-31.124287   163.168427  12.197587
-29.427626   164.168747  11.497427
-28.371897   165.158310  11.140557
-27.611858   166.089996  10.745086
-27.317692   167.062897  10.393485
-27.242805   167.987091  10.127253
-27.761051   169.254761  9.999290
-28.464653   170.016068  10.039948
-29.401247   170.587250  10.247215
-31.319082   171.796463  10.958051
-33.399597   172.339661  11.689595
-35.589657   172.570648  12.334044
-37.971794   172.739044  12.935609
-40.140053   172.848434  13.609482
-42.028641   173.113770  14.200438
-43.546665   173.416855  14.644539
-44.714325   173.815384  14.995018
-45.490486   174.373459  15.112280
-46.069355   175.115601  15.138026
-46.363266   175.998901  15.054703
-46.488010   176.866760  14.919867
-46.498180   177.689102  14.781588
-46.141884   178.741043  14.622212
-45.281281   179.966568  14.292954
-44.030960   181.175171  13.823837
-42.254879   182.240494  13.078597
-40.094227   183.083771  12.193311
-37.660442   183.611465  11.273515
-35.361649   183.543091  10.489161
-32.872303   183.024918  9.688285
-30.466064   182.004913  8.890406
-28.323738   180.485657  8.198565
-26.344023   178.604004  7.575477
-24.656149   176.428558  7.175773
-23.471001   173.814285  7.107759
-22.853853   171.144623  7.229688
-22.704229   168.401779  7.492290
-22.780016   165.462173  7.987163
-23.168896   162.580185  8.668667
-23.720728   159.522766  9.526220
-24.444775   156.442322  10.498450
-25.155922   153.579773  11.611719
-25.772278   151.020981  12.663693
-26.318987   148.837479  13.668929
-26.909573   147.168121  14.578235
-27.260332   146.076508  15.184611
-27.538174   145.554413  15.540640
-27.783579   145.546051  15.675647
-27.942921   145.991089  15.585149
-28.055264   147.125656  15.365816
-28.035271   148.640106  14.968873
-27.981775   151.058228  14.360934
-27.814974   154.048859  13.452592
-27.300102   157.526642  12.500661
-26.637350   161.293533  11.722767
-25.870739   164.827057  11.029209
-24.512762   170.253479  10.403957
-23.585670   172.978439  9.937690
-22.532120   175.273239  9.316142
-19.301853   179.694427  8.293042
-18.333866   180.842911  8.003263
-17.031628   182.265121  7.609968
-15.825038   183.366470  7.403321
-14.637916   184.019623  7.262541
-13.616132   184.098618  7.067362
-12.722137   183.798157  6.887299
-11.882679   182.992828  6.714667
-11.114414   181.685532  6.534503
-10.528517   180.243164  6.467532
-10.008339   178.698196  6.392391
-9.612303   176.792252  6.333094
-9.277189   174.419800  6.419370
-9.019059   171.746994  6.601686
-8.715375   169.069946  6.880623
-8.584797   166.285950  7.440914
-8.479180   163.922943  8.037794
-8.291858   161.164017  8.789695
-8.173773   158.974945  9.476579
-8.090618   157.153000  10.103763
-7.991397   155.575241  10.690901
-7.869306   154.276062  11.180988
-7.791702   153.204102  11.570930
-7.634319   152.657761  11.779651
-7.520685   152.390533  11.889278
-7.369688   152.420746  11.897307
-7.205391   152.596405  11.849456
-6.954858   153.022003  11.708812
-6.512615   153.875412  11.333673
-6.049051   155.271622  10.758985
-5.608510   156.995239  10.163357
-5.284835   158.972397  9.608429
-4.934908   161.336792  9.025226
-4.412688   164.263550  8.306806
-3.752151   167.310959  7.659493
-3.154697   170.288773  7.127082
-2.499778   173.317902  6.739325
-1.869375   176.147644  6.436251
-1.272257   178.794403  6.203560
-0.737281   180.974289  6.039515
-0.154825   182.925140  5.814851
0.462783   184.575821  5.569361
0.993901   185.851883  5.405329
1.449391   186.928864  5.362206
1.906692   187.705750  5.327839
2.393076   188.045395  5.309845
2.730116   188.103073  5.308062
2.999011   187.972488  5.278704
3.237041   187.612137  5.285138
3.620219   186.684738  5.356225
3.885869   185.702682  5.419708
4.106727   184.147751  5.441485
4.238094   181.808151  5.527686
4.306220   179.671692  5.625834
4.344738   176.851425  5.903988
4.431540   172.951920  6.306890
4.397499   169.044327  6.839399
4.410170   165.494308  7.575534
4.538279   162.217209  8.449484
4.643754   158.932922  9.365269
4.964847   156.208191  10.241187
5.412382   153.583740  11.069658
6.042974   151.599304  11.842991
6.580210   149.939240  12.560943
7.324342   148.540558  13.283558
7.984537   147.414047  13.851630
8.662587   146.557144  14.216265
9.403407   145.898102  14.383558
10.365685   145.588211  14.312907
11.338003   145.577301  14.023910
12.492678   145.918777  13.697360
13.708981   146.675125  13.176124
14.782939   147.786774  12.369251
15.959382   148.948990  11.672261
17.197382   150.381256  11.027265
18.594604   152.138550  10.488857
19.950840   154.101898  9.930721
21.062408   155.788910  9.399702
22.144581   157.821869  8.688760
23.292017   159.903763  8.005836
24.455978   162.340057  7.390152
25.506989   164.674362  6.843535
26.395678   167.280655  6.509884
27.175982   170.179321  6.125371
27.361794   172.617828  5.844076
27.305008   174.473465  5.465832
27.025394   176.529922  5.164663
26.433346   178.545013  4.910568
25.665686   180.484604  4.720408
24.742056   182.055450  4.661283
23.400095   183.612610  4.692199
21.948492   184.769821  4.795272
20.433905   185.597794  4.853544
18.659075   186.132935  5.068769
16.756540   186.230072  5.427748
14.732251   186.154831  5.820773
12.757525   185.540466  6.227495
11.144136   184.822784  6.474765
9.704990   183.746826  6.808391
8.304550   182.080643  7.037787
7.031100   180.142776  7.314200
5.829548   177.688507  7.682453
5.150407   175.075012  8.027950
4.769868   172.406479  8.322673
4.587481   170.044220  8.632972
4.609137   167.365234  9.013549
4.710679   164.617416  9.489304
5.043182   161.582855  10.159328
5.518209   158.979706  10.823539
6.245128   156.668289  11.392715
7.314596   154.638336  11.719597
8.446962   153.236359  11.844733
9.541789   152.400406  11.795858
10.816961   152.055313  11.602457
12.106048   152.259186  11.153236
13.502166   152.844208  10.584839
15.106075   153.602081  9.958840
16.787714   154.773849  9.092491
18.596840   156.133194  8.261167
19.927233   157.622833  7.672897
21.192308   159.341858  7.072176
22.416666   161.316193  6.471889
23.072510   162.661331  6.085629
23.769148   164.640457  5.609624
24.228540   166.544357  5.263176
24.289547   169.830093  4.937190
24.256880   170.843094  4.903856
24.099648   172.266525  4.882577
23.843901   173.473572  4.910605
23.655256   174.249969  4.951097
23.412535   174.730301  5.123737
23.149128   174.968002  5.306061
22.883215   175.057159  5.544327
22.669523   174.858353  5.801264
22.507872   174.530807  5.966767
22.347702   173.821884  6.169900
22.282652   172.461655  6.380645
22.243464   170.286896  6.451707
22.338413   167.645859  6.639277
22.748600   164.268127  6.917399
23.249302   160.739838  7.427358
23.951527   157.305786  8.116388
24.853445   154.061981  8.679048
26.123394   151.221024  9.115175
27.422089   149.455978  9.315924
29.227634   148.633972  9.253109
30.985542   148.848389  8.843273
33.199944   149.825699  8.219628
35.686909   151.397812  7.421273
38.198444   153.608582  6.475394
40.400906   156.042084  5.695370
42.694916   158.918686  4.933385
45.353920   162.709564  4.551194
47.777370   166.717773  4.074122
49.934082   170.698868  3.760771
52.065224   175.450577  3.275656
53.957317   180.294174  3.027861
54.907036   185.424438  2.957451
55.750000   190.616714  2.998753
56.412094   195.699860  3.126637
56.585033   200.122070  3.339951
56.607132   204.277649  3.556874
56.453716   207.984543  3.809054
55.853855   210.865494  3.740036
55.327862   213.969086  3.819972
54.693672   216.462723  3.962136
54.060993   218.779144  4.180056
53.006950   220.776138  4.234496
52.002728   222.676498  4.309031
50.752567   224.770187  3.964219
49.628685   226.350159  3.796325
48.560608   227.534470  3.716754
47.551617   228.349472  3.643583
46.596119   228.728989  3.609938
45.485973   228.898758  3.501832
43.804241   228.421082  3.268895
42.482681   227.755417  2.925856
41.300144   227.050125  2.644311
39.525455   225.119446  1.954423
37.950191   222.780106  1.380666
36.449760   220.177490  1.091931
35.309402   216.964310  0.793740
34.457767   213.308243  0.470554
33.671242   209.131699  0.084590
33.214188   204.796280  -0.461256
32.941910   200.153793  -1.046058
32.910069   195.976776  -1.499004
33.075943   191.557587  -1.863601
33.311653   185.813629  -2.321051
33.626968   181.052277  -2.528880
34.127132   176.200592  -2.360076
34.855396   171.467361  -2.038747
35.739922   166.723877  -1.475541
36.259529   162.485062  -0.734522
36.996681   158.308731  0.147143
38.228542   154.051987  1.521713
39.972954   150.914703  3.310497
41.866108   148.464111  5.246541
43.964775   146.421677  7.184866
45.921696   145.014938  8.739793
47.690556   143.998627  9.919119
49.548416   143.296005  10.971461
51.275475   142.641754  11.754349
53.037209   142.449692  12.223369
54.820351   142.604355  12.351377
56.906231   143.330917  12.365696
59.905483   144.863800  12.199778
62.768108   146.841827  11.953577
65.991249   149.166489  11.483563
69.135246   151.763443  10.796450
72.053818   154.488449  10.109352
74.730858   157.546722  9.461180
77.278366   160.696899  8.920466
79.681511   163.817001  7.998133
81.882797   167.497910  7.079330
83.449409   170.972534  6.347722
84.518120   174.110352  5.858644
85.079208   177.331619  5.562882
85.123352   180.250092  5.378798
84.646317   183.024109  5.182063
83.919731   185.379211  5.160193
82.917091   187.444733  5.036169
81.617638   189.633957  5.123913
79.889664   191.404526  5.162352
77.948517   192.797974  5.198359
75.590721   193.623367  5.205566
72.922089   194.075241  5.508739
69.890663   194.043823  5.993786
66.678001   193.417419  6.692362
63.967243   192.734482  6.949479
61.789295   191.782501  7.234977
59.500000   190.216263  7.224321
57.268749   187.973892  7.154960
55.457359   185.893600  7.027642
54.055138   183.366821  6.959836
52.819241   179.914154  6.632612
51.959583   175.830994  6.517302
51.708248   171.943054  6.797245
52.014000   168.441895  7.236727
52.534611   165.078354  7.836448
53.300598   162.035324  8.552285
54.743351   158.963348  9.376554
56.213654   156.820404  9.912993
58.070820   155.392563  10.212231
60.090149   154.575928  10.350348
62.240849   154.562012  10.258994
64.673508   154.850723  10.127912
67.203400   155.535431  9.803773
69.721764   156.639191  9.442101
72.943512   158.140320  8.805293
78.828072   162.808701  7.405227
79.883347   163.788239  7.228399
80.723831   164.916275  7.041128
81.264954   165.955017  6.873408
81.402397   166.749832  6.781486
81.303413   167.261887  6.721637
80.993408   167.429214  6.746385
80.686256   167.389130  6.834994
80.250587   167.175735  6.883449
79.884651   166.885406  6.950716
79.533836   166.528732  7.033243
79.176285   165.893082  7.169716
78.897018   165.170471  7.377432
78.716118   163.914124  7.773268
78.656471   162.645874  8.224074
78.639992   161.378967  8.756356
78.979721   159.953751  9.385139
79.599693   158.807480  10.011436
80.626640   157.670181  10.593884
81.894943   156.595139  11.146986
83.136887   155.772079  11.563559
84.637947   155.046661  11.961025
86.195221   154.422379  12.320532
87.787994   153.850754  12.651431
89.216934   153.314728  12.944961
90.361633   152.768265  13.236754
91.445953   152.159744  13.478387
92.365257   151.661865  13.598510
93.284622   151.117722  13.831135
94.040108   150.450775  13.972074
94.578011   149.870941  14.195079
95.088051   149.198135  14.433334
95.498734   148.416199  14.585447
95.796341   147.658386  14.765829
96.002403   146.832626  15.103995
96.116035   146.162933  15.388324
96.028847   145.620682  15.565472
95.947189   145.097794  15.719977
95.933151   144.629684  15.833505
95.734772   144.167725  15.943105
95.459679   143.733551  16.087582
95.230179   143.439117  16.171995
95.016579   143.198898  16.225691
94.733406   143.032639  16.249207
94.482697   142.927902  16.234280
94.253273   142.797989  16.206392
94.079422   142.697861  16.177282
93.942215   142.613449  16.156395
93.810951   142.532608  16.128675
93.688698   142.475433  16.087763
93.568588   142.438171  16.042158
93.503204   142.402115  16.028885
93.399994   142.343262  16.023767
93.308960   142.328598  15.993611
93.231049   142.328384  15.959415
93.150970   142.343124  15.917134
93.071472   142.364532  15.871780
92.993103   142.383911  15.827902
92.901505   142.414719  15.775732
92.801285   142.461899  15.717559
92.715004   142.499115  15.668648
92.640846   142.528992  15.626884
92.571777   142.557602  15.588387
92.483345   142.608292  15.528717
92.381950   142.672028  15.465654
92.298569   142.725937  15.412759
92.188614   142.805237  15.374537
92.067146   142.921204  15.377336
91.963829   143.018066  15.381098
91.854523   143.112579  15.378998
91.764069   143.186493  15.379672
91.677940   143.256973  15.374730
91.601349   143.316635  15.370388
91.507256   143.373840  15.353955
91.415665   143.427841  15.336445
91.339081   143.469086  15.323872
91.271103   143.508194  15.311165
