-85.032707   239.388123  35.626472
-85.038605   239.310791  35.618977
-85.037025   239.192749  35.632320
-85.052711   239.043610  35.652298
-85.046669   238.895172  35.668762
-85.038696   238.764297  35.688156
-85.033356   238.616989  35.687168
-85.033730   238.473984  35.682896
-85.046227   238.319611  35.681347
-85.047661   238.184006  35.679630
-85.040428   238.070770  35.672466
-85.043182   237.982422  35.599125
-85.036179   237.866135  35.519424
-85.032372   237.764679  35.449665
-85.026711   237.637009  35.370525
-85.044304   237.494019  35.290482
-85.077126   237.370483  35.242523
-85.101021   237.272614  35.209888
-85.099663   237.158264  35.201313
-85.098137   237.023773  35.208519
-85.101868   236.855606  35.232525
-85.088097   236.728378  35.252686
-85.076912   236.608734  35.265903
-85.076485   236.480896  35.261658
-85.074501   236.354233  35.245903
-85.085678   236.210205  35.225857
-85.107407   236.056274  35.186756
-85.142166   235.896683  35.119816
-85.217171   235.655869  34.982525
-85.277870   235.459839  34.864693
-85.418251   235.180756  34.722786
-85.532852   234.676804  34.545883
-85.609055   234.261169  34.426548
-85.749268   233.840073  34.270493
-85.873314   233.396942  34.103889
-86.081703   232.623718  33.930309
-86.402084   231.652817  33.751556
-86.802872   230.665543  33.595245
-87.313217   229.212479  33.124603
-88.193474   227.347183  32.522614
-89.281960   224.450592  31.832779
-90.749214   220.640808  30.672260
-92.358871   216.695389  29.907970
-93.544678   212.939957  29.300648
-94.781586   209.556763  28.029816
-96.323349   205.254532  27.551285
-97.675705   201.219101  27.117550
-99.278206   196.407608  26.191513
-100.717323   191.146149  25.996212
-102.221748   186.006683  25.142460
-103.346687   180.623718  24.234034
-104.573799   175.417633  23.896633
-105.456039   170.768982  23.772770
-106.215523   165.598053  24.301998
-106.959038   160.529755  24.646246
-108.217979   156.480270  24.665350
-108.383209   152.983414  24.820101
-109.357231   149.622589  24.744223
-109.350967   146.595184  25.043190
-109.925888   144.378113  25.607172
-110.765297   143.273666  26.032913
-111.431236   142.425766  26.382364
-112.088287   141.928635  26.594563
-112.912125   141.482132  26.549417
-113.632706   141.192963  26.561783
-114.015800   141.261963  26.653271
-114.482567   141.785416  26.862831
-115.302391   143.061737  27.399265
-116.013298   144.873962  27.768373
-116.688812   148.723373  28.270721
-116.648743   152.566772  28.799940
-116.402763   155.982285  29.027252
-116.362617   159.433990  29.115984
-115.719788   162.992065  29.026081
-114.345245   166.167038  28.878929
-113.158745   169.477081  28.727585
-111.844704   172.257584  28.422836
-110.294861   175.230820  28.125700
-108.410912   177.870407  27.701822
-106.253265   180.275024  27.637823
-104.477837   181.824509  27.190947
-102.603111   183.432678  26.646397
-100.357147   184.453766  26.205666
-98.014351   184.881348  25.260202
-96.111221   185.006027  24.344593
-93.689629   185.051834  23.542995
-90.849678   184.423004  21.894016
-88.247040   183.671799  20.467140
-85.927597   183.073181  18.893723
-83.286690   182.422516  17.530760
-80.895683   181.861343  16.431728
-77.846931   181.125366  14.753022
-74.696159   180.961517  13.474028
-71.635536   181.017197  12.403549
-68.867096   181.410233  11.378571
-66.248558   182.149857  10.533016
-59.550297   188.400269  9.071346
-58.063019   190.316940  8.906494
-56.264812   192.783936  8.852608
-54.758514   196.293869  9.268356
-53.332073   200.395416  10.281642
-52.650738   205.694366  11.898584
-52.505692   211.327484  13.653372
-52.754417   216.939758  15.747925
-53.454487   222.801620  18.623413
-54.088665   228.427063  22.256727
-54.954868   232.830872  25.782759
-56.138737   236.970383  29.040581
-57.172211   240.367371  31.634888
-58.852886   244.003510  34.583359
-60.579731   247.474533  38.418377
-62.374233   249.749176  41.617771
-64.116661   251.563812  43.831898
-66.131554   253.584320  46.086903
-67.987915   254.679382  48.542530
-69.593178   255.193069  50.034420
-71.394112   256.077972  52.047306
-73.540840   256.676239  54.092587
-75.606377   256.930908  55.667953
-77.929810   256.837097  57.379131
-80.309937   256.358673  58.551311
-82.833710   255.353149  59.618378
-85.074585   254.158218  60.403023
-87.163483   252.716721  61.172424
-89.724808   250.640564  61.425468
-91.831512   248.276947  61.653069
-93.958923   245.681915  61.999596
-96.128365   243.618530  62.488934
-97.895126   241.451981  62.658222
-99.839020   238.000427  63.053181
-102.150940   233.750534  61.862286
-103.609230   230.041763  61.632545
-104.959732   225.453079  60.782036
-106.228683   220.889648  59.827339
-106.608017   217.482162  59.931225
-107.389923   213.439743  59.513252
-108.642097   208.367218  57.436428
-109.526863   203.806824  55.747967
-109.720284   199.460983  55.125645
-109.634911   195.836594  54.800423
-109.524948   191.639603  53.402447
-109.454910   186.194534  51.201984
-107.788834   182.303635  50.830212
-107.124779   177.965652  49.109718
-106.151344   172.732895  47.626869
-105.071587   170.415909  47.320854
-103.668739   167.301895  46.800865
-102.360558   163.753586  45.211861
-101.198250   160.739044  43.258533
-98.943954   157.555405  41.472111
-96.499611   154.361191  40.649685
-93.275925   151.309952  40.185188
-89.710663   149.010803  40.273003
-85.946075   145.980835  38.718925
-82.138405   143.882813  36.845379
-79.406723   142.218964  33.098995
-76.173141   140.590515  30.874672
-73.298454   140.747543  30.855621
-71.396103   141.272598  28.974085
-67.986572   142.605286  26.427135
-65.991211   143.608612  25.220247
-64.110962   144.873856  24.025505
-60.821815   147.083420  22.610086
-58.785931   148.758820  21.839344
-57.247440   149.808182  21.045273
-54.399029   151.503265  19.725098
-52.489037   152.041138  18.059242
-49.594814   153.640961  15.748796
-47.246037   155.471344  15.562984
-45.043415   158.067841  15.130611
-43.492943   161.056946  15.841923
-42.207489   164.788940  16.399097
-41.518501   171.164398  18.433496
-41.098545   173.453476  18.837654
-40.588741   178.292679  20.176167
-39.930977   182.845688  21.790974
-39.395023   186.814270  22.439465
-38.842300   189.799759  22.937569
-38.226959   193.084152  24.076494
-37.537483   196.153214  24.727039
-36.995426   198.478912  25.507910
-36.545753   200.838715  26.217682
-36.226814   202.844208  27.140656
-36.034508   204.085526  27.737383
-35.843979   205.011826  28.119154
-35.649937   205.772369  28.335907
-35.624691   206.613663  28.671461
-35.645073   207.174088  28.949598
-35.640865   207.568710  29.182320
-35.748238   207.864258  29.488596
-35.935883   207.946869  29.741077
-36.100220   207.872116  29.968954
-36.330612   207.679077  30.255436
-36.663975   207.331482  30.557068
-37.193649   206.472855  30.953562
-37.889820   205.252625  31.246874
-38.773521   204.345505  31.133192
-39.405636   203.151627  31.111582
-40.184193   201.447479  31.038771
-41.081474   199.359314  30.910387
-42.021034   197.409378  30.789570
-42.831703   195.291061  30.660807
-43.609150   192.972977  30.454206
-44.481464   190.736984  30.092779
-45.343777   188.547394  29.840218
-46.143833   186.375153  29.705446
-46.972218   183.848999  29.238686
-47.840508   181.272842  28.723833
-48.491791   178.977325  28.436161
-49.098644   176.771698  27.943964
-49.483456   174.588516  27.682667
-49.712311   173.073669  27.466002
-49.740765   171.795868  27.256212
-49.661289   170.558914  26.983150
-49.405876   169.282211  26.574066
-49.006432   168.035172  26.145273
-48.455078   166.895004  25.624849
-47.847885   165.999435  25.161106
-47.156719   165.248703  24.702971
-46.193638   164.702301  24.308437
-45.187763   164.397827  23.881760
-41.789677   165.335709  23.244268
-40.695335   165.743423  22.979557
-38.963558   166.678497  22.556437
-37.338093   167.857635  22.253309
-35.754391   169.177475  22.036242
-34.085144   170.766663  21.954340
-32.162594   172.952515  21.818756
-30.275826   174.640839  21.838425
-28.485189   176.282318  21.659250
-26.700796   178.150284  21.566231
-25.052921   180.391983  21.421221
-23.495802   183.416122  21.681377
-21.973478   186.653915  22.082987
-20.484785   190.084335  22.928528
-18.834040   193.929459  23.979549
-17.594179   197.376877  24.686663
-16.335581   200.348892  25.294903
-15.120980   203.430283  26.180456
-13.792776   206.825287  27.393259
-12.569427   210.192978  28.541513
-11.562776   213.268509  29.776672
-10.798894   215.785019  30.901585
-10.148250   218.360931  32.062416
-9.737522   220.389511  32.879128
-9.400062   222.386230  33.743679
-9.089148   224.109116  34.446659
-8.936667   225.495117  35.076054
-8.649236   227.033020  35.838196
-8.474876   228.586258  36.829979
-8.548259   229.755203  37.671082
-8.685835   230.854950  38.476196
-8.711770   231.837097  39.140400
-8.932868   232.426315  39.595123
-9.172007   232.845490  40.007496
-9.666613   232.949081  40.343792
-10.015971   233.132919  40.655590
-10.483641   232.947052  40.989914
-11.103449   232.545258  41.341202
-11.849296   232.224548  41.637165
-12.356339   231.783569  41.616642
-12.979019   231.070358  41.512444
-13.665475   230.072144  41.330750
-14.206862   228.693329  40.935909
-14.706322   227.374161  40.496792
-15.099173   226.108459  39.766994
-15.412683   224.949081  39.182484
-15.607697   223.757233  38.403183
-15.582578   222.338577  37.601349
-15.438752   220.580017  36.646656
-15.128025   218.835785  35.659931
-14.673874   217.370193  34.645119
-13.865909   216.089493  33.745541
-12.865598   214.629898  32.694752
-11.763976   213.642120  31.888111
-10.337000   212.818649  31.094387
-8.565045   211.602234  29.965683
-6.802232   210.576843  28.868130
-4.903805   209.799820  27.963619
-3.002700   208.813675  27.103710
-1.028980   207.839874  26.587523
0.903688   206.589157  25.938469
2.652582   205.783020  25.494211
3.874862   205.057571  25.191175
5.129312   204.093918  24.839569
6.144418   203.229584  24.529085
7.112726   202.373886  24.267920
7.865302   201.273041  24.056444
8.525027   200.059433  23.966019
9.044359   199.074707  23.902420
9.380995   198.094772  23.789465
9.558254   196.860809  23.492546
9.701033   195.351364  23.269560
9.582475   193.941132  23.061331
9.450791   192.048843  22.912157
8.941995   189.995346  22.675293
7.837573   187.683090  21.858730
6.791458   185.943314  21.821011
5.457520   184.161453  21.807638
3.666039   182.167236  21.845545
1.365101   179.948074  21.804363
-0.940236   177.733902  21.831587
-3.234407   175.819000  21.855246
-5.690436   173.998566  21.676764
-8.312851   172.291443  21.556299
-11.053958   170.944046  21.478210
-13.804116   170.015823  21.453907
-16.979225   169.692505  21.677954
-19.954851   169.735596  22.045134
-23.155233   169.869156  22.329395
-26.035379   170.084717  22.467625
-28.258841   170.244583  22.611446
-30.454720   170.731583  22.836420
-32.565083   171.545273  23.038651
-34.492527   172.566727  23.306551
-35.973316   173.821777  23.620476
-37.005081   174.746872  23.814718
-37.827877   175.480362  23.964050
-38.551373   176.243652  24.128176
-38.934048   176.950363  24.274935
-39.085655   177.787857  24.806910
-39.147762   178.454102  25.118591
-38.950897   178.958435  25.278528
-38.588676   179.152100  25.343960
-37.974148   179.284973  25.333467
-37.095760   179.329254  25.260981
-35.907219   179.261948  25.121771
-34.315819   178.583954  24.919024
-32.618389   177.926529  24.666719
-30.891453   176.496872  24.541487
-29.057453   175.505569  24.262299
-27.022865   174.651428  23.671368
-24.947653   173.946991  23.326765
-22.564650   173.356186  22.895647
-20.054367   172.740021  22.223780
-17.819908   172.285049  21.768009
-15.425031   171.911499  21.376036
-13.014179   171.853516  21.045658
-10.496311   172.085236  20.685213
-8.181714   172.235809  20.298109
-6.314036   172.871307  20.066206
-4.733979   173.636887  19.826416
-3.015334   174.755829  19.424494
-1.613173   176.272293  19.338152
-0.273829   178.591217  19.221804
1.228543   181.104172  19.137144
4.578481   188.740753  18.995117
5.723432   191.987137  19.534407
6.757370   195.143265  20.008034
7.613390   198.436661  20.624128
8.447223   202.576508  21.621271
9.177778   206.042419  22.442394
9.847466   209.259445  23.150225
10.320196   213.096237  24.042610
10.863341   217.360229  25.373919
11.597497   221.891800  26.931007
12.428028   226.084290  28.560387
13.287938   230.290955  30.588896
14.105846   233.730072  32.122299
14.622540   236.785141  33.306164
14.860781   239.654755  34.522396
15.212903   242.147324  36.082615
15.838941   245.345657  38.777878
16.089914   248.572510  41.337807
16.855938   250.936829  43.356213
17.489933   252.871964  44.881687
18.147268   254.195068  45.820110
18.818428   255.808472  46.731865
18.994198   256.536072  47.156639
19.030544   256.979980  47.277237
19.071009   257.334534  47.395500
19.090837   257.797821  47.665596
18.954632   258.189728  47.863411
18.861568   258.227753  47.891804
18.689426   258.216553  47.914246
18.456596   258.057068  47.898781
18.123392   257.530243  47.778725
17.966606   256.525604  47.712921
17.577002   254.692902  47.427853
16.888887   252.545090  47.108158
15.822239   250.306168  46.601551
14.920966   247.462051  45.884743
14.136032   244.049042  44.990356
13.001274   240.408234  43.908634
11.314161   236.087769  42.401825
9.913878   232.206253  41.180576
8.831603   228.193222  40.336842
8.213821   224.919601  39.926846
7.705307   221.699768  39.254025
6.996453   218.966354  38.960499
6.297862   216.195160  38.590069
5.809821   213.612198  38.068897
5.500596   210.559540  37.472359
5.046582   208.257813  37.099869
4.728281   205.528717  36.125320
4.424669   202.378540  35.724594
4.294508   200.226364  34.998123
4.065694   198.040314  34.471684
3.886425   196.370255  34.010277
3.652269   194.764526  33.868622
3.468267   193.458572  33.665134
3.186557   192.282425  33.450081
2.897610   190.986145  33.343063
2.690185   190.248047  33.168270
2.490200   189.776993  33.073887
2.297027   189.329651  33.015232
2.129084   188.992981  32.971306
2.021896   188.819489  32.930458
1.922127   188.732895  32.876244
1.834872   188.668472  32.831200
1.705765   188.701935  32.773495
1.534792   188.955200  32.617504
1.327731   189.262894  32.708000
1.028740   190.089905  32.772839
0.827192   191.178864  32.842243
0.656199   192.498901  32.979893
0.425444   194.432709  33.102386
0.417748   196.758316  33.298580
0.470121   199.185745  34.151642
0.601257   201.583298  34.758247
0.872954   203.464493  35.154152
1.079911   205.229660  35.523697
1.168841   207.060654  35.853985
1.543908   209.183823  36.756950
2.330881   211.381531  37.513901
3.399665   214.000427  37.474991
4.590205   216.180008  37.585217
5.320313   217.634384  37.854969
6.077210   218.835709  37.986870
7.029635   219.995193  38.257408
7.876308   221.445206  38.741184
8.883645   222.709412  39.206947
10.036975   223.724564  39.662537
11.171968   224.549622  40.037804
12.355301   225.220230  40.521626
13.451368   225.748169  40.813896
14.626369   226.417068  41.135303
15.663275   226.654510  41.409561
16.779665   226.721939  41.672871
17.555128   226.250015  41.935619
18.237268   225.949860  42.123207
18.749342   225.639435  42.272545
19.184355   225.405899  42.336800
20.066153   224.827728  42.806206
20.621323   224.261429  42.955833
21.065304   223.334198  43.015659
21.531996   222.332962  43.149197
21.883642   221.206985  43.201233
22.035715   220.029648  43.355850
22.135050   218.162201  43.626972
22.282288   217.017410  43.710835
22.408802   215.269333  43.745060
22.367205   213.542374  43.656746
22.268160   211.907959  43.456059
22.261076   210.080292  43.061314
22.263113   207.757339  42.593990
22.437336   206.076279  42.244690
22.762722   204.459305  41.852589
23.402142   202.516739  41.638577
23.968555   201.268478  41.387764
24.763218   200.089996  41.208679
25.716494   199.175598  41.031757
27.313942   197.928757  41.003635
28.761124   197.073441  40.965401
30.539192   196.194199  40.937286
32.173393   195.515137  40.936604
33.909870   194.989975  40.964333
35.638069   194.549728  40.885921
37.181034   194.398590  40.703079
38.809086   194.401779  40.663727
40.524364   194.810150  40.810646
45.001991   197.138931  41.657375
45.877270   198.206116  42.040031
47.543209   199.909790  43.013554
48.392933   201.147125  43.545769
48.928955   202.167816  43.852470
49.437168   203.368378  44.239471
49.796013   204.597275  44.615841
50.176163   205.625916  44.854794
50.609676   206.696350  45.238754
50.871319   207.695343  45.566753
51.015987   208.685593  45.922310
51.097008   210.147537  46.187351
51.374401   212.697174  47.097046
51.330521   214.718628  47.520943
51.305096   216.035217  47.759415
51.691025   218.215256  48.309273
52.053303   220.098892  48.900997
52.208073   221.511292  49.333954
52.308784   222.158417  49.567245
52.426456   223.043091  49.621376
52.226406   223.646408  49.573338
52.079052   224.059525  49.541389
51.843399   224.440826  49.523052
51.627258   224.647659  49.633831
51.429218   224.809601  49.727108
51.269073   224.897888  49.773502
51.083179   224.911972  49.807503
50.873955   224.870132  49.840710
50.642399   224.700562  49.868374
50.446342   224.549927  49.925220
50.377232   224.104645  50.084656
50.216553   223.536850  50.317261
50.206257   222.770767  50.537857
50.478275   220.952393  50.990791
50.759308   219.586731  51.340168
50.833591   218.083969  51.291252
50.916801   216.866150  51.258366
51.117886   215.232681  51.261848
51.276562   213.643738  51.145836
51.285870   212.395920  50.984875
51.250450   210.888931  50.569553
51.140358   209.774063  50.231094
51.010754   208.339798  49.758480
50.756706   206.454605  49.225578
50.417339   204.730072  48.574188
50.315681   203.224777  48.031704
50.155914   201.672653  47.570286
49.894176   199.755219  47.080276
49.769211   198.309509  46.689835
49.831230   197.225174  46.504837
49.840649   196.185028  46.354183
49.881634   194.399902  46.542267
50.134319   192.750244  46.933270
50.453995   191.880402  46.999649
50.760895   191.169785  46.801643
51.011055   191.130005  46.695438
51.548447   190.524170  46.761005
52.366692   190.136902  47.079159
53.333614   189.773727  47.727882
54.269302   189.473511  48.151051
55.053619   189.331223  48.376606
55.619015   189.489197  48.684998
56.228596   189.789047  48.888588
56.843784   190.316681  48.935955
57.585003   190.810165  48.952328
58.378181   191.573944  48.985664
59.044704   192.194962  49.414970
59.813255   193.068649  49.646954
60.501961   194.519211  49.855797
61.139740   195.822113  50.235229
61.536057   197.060684  50.468472
61.976822   198.172714  50.634163
62.562855   199.547958  50.894531
63.129139   201.527863  51.165321
63.612244   203.248154  51.294949
64.069656   204.722260  51.566738
64.768913   208.967026  51.895061
65.212303   211.582199  52.412712
65.353149   213.499237  52.934841
65.453789   216.120850  53.938129
65.587654   217.810226  54.542187
65.711464   219.870239  54.999020
65.810127   221.246780  55.321217
65.882248   222.335236  56.062531
65.865906   223.288849  56.560501
65.787766   224.386978  56.892742
65.994492   225.675980  57.309483
66.192886   226.729813  57.686470
66.263115   227.413666  57.943340
66.206474   227.852341  58.156414
66.135262   228.539520  58.534351
66.108002   229.006012  58.800533
65.991470   229.882874  59.281673
65.990829   229.888657  59.285137
65.942810   230.064774  59.405125
65.826851   230.302948  59.595688
65.731232   230.298203  59.642803
65.501137   230.227234  59.699783
65.460289   230.359482  59.690788
65.307823   230.412735  59.578888
65.122505   230.067123  59.356888
64.756577   229.179626  58.905663
64.493774   228.485413  58.699078
64.754082   226.680557  58.167671
64.703987   225.454102  57.917984
64.515991   223.486298  57.502964
64.553627   222.355011  57.203503
64.838074   219.587875  56.450916
64.382912   216.814499  55.884708
64.452751   211.193512  55.771980
65.104790   209.880447  56.049076
64.959396   208.815369  55.912487
65.434624   206.849243  55.312622
65.690163   205.845428  55.056343
65.584953   202.278702  55.207489
66.428947   200.714386  55.365929
66.642441   197.759674  55.131657
67.046959   197.308075  54.845890
67.592628   196.970932  54.704678
68.382927   196.847870  54.594379
69.353134   196.551422  54.259434
69.937149   195.072525  53.677486
70.382858   193.978043  53.496689
70.829826   193.154510  53.290459
71.371704   191.653671  52.925247
71.671936   189.028427  53.082245
71.871437   188.712616  53.134121
72.314758   188.243317  53.531399
72.628120   187.857452  53.950920
72.812424   187.648483  54.256840
72.979813   187.561523  54.524681
73.121567   187.560150  54.717152
73.253319   187.564667  54.874050
73.244904   187.459457  54.866348
73.244804   187.406128  54.860012
73.091942   187.437271  54.530079
72.925056   187.663284  54.124084
72.743271   187.907074  53.803989
72.569374   188.180649  53.621906
72.534088   188.361404  53.611801
72.448967   188.522949  53.604366
72.384506   188.664688  53.602413
72.295601   188.788956  53.607872
72.176949   189.161484  53.567482
72.006950   189.312424  53.601948
71.940056   189.464569  53.667389
71.873444   189.560745  53.708191
71.823532   190.050400  53.752342
71.612999   189.971710  53.789440
71.355064   189.835770  53.827316
71.096558   189.675797  53.834297
70.817520   189.471161  53.864765
70.561966   189.454330  53.838387
70.495667   189.491409  53.842850
70.238586   189.459015  53.815483
69.984871   189.403397  53.787697
69.833549   189.480759  53.636108
69.701927   189.538269  53.509651
69.607666   189.573975  53.422256
69.534874   189.588211  53.359142
69.470665   189.584305  53.309807
69.345871   189.661392  53.184116
69.248886   189.719925  53.087528
69.175598   189.757370  53.017288
69.108963   189.928024  52.977341
69.047249   189.993790  52.957104
68.968391   189.928787  52.968475
68.875633   189.857300  52.983940
68.766914   189.749008  52.992626
68.661804   189.661148  53.003811
68.558952   189.603622  53.025913
68.449921   189.497772  53.040737
68.293900   189.699875  53.223232
68.153069   189.868866  53.376804
68.036415   189.848343  53.422951
67.920036   189.773422  53.457504
67.804504   189.705490  53.502819
67.711861   189.668015  53.552792
67.640244   189.660950  53.599285
67.582428   189.669540  53.641083
67.509232   189.648132  53.682194
67.434860   189.630737  53.723125
67.368614   189.693909  53.788315
67.305717   189.748856  53.846649
67.253716   189.814087  53.899059
67.204872   189.870453  53.945820
67.156662   189.926437  53.989826
67.094040   189.982239  54.040180
67.043304   190.066269  54.098293
66.993401   190.168594  54.162220
66.912621   190.326065  54.271370
66.829552   190.474457  54.381615
66.725159   190.731186  54.635948
66.638565   190.933289  54.840649
66.586967   191.086975  55.010567
66.541039   191.196594  55.141754
66.500214   191.273270  55.247173
66.484268   191.328690  55.312687
66.452705   191.333893  55.365871
66.426483   191.352051  55.410995
66.401627   191.461151  55.404884
66.350372   191.519272  55.394421
66.410751   191.740265  55.408325
66.310127   191.911087  55.407490
66.213257   191.958786  55.399521
66.126076   191.989197  55.391083
