-139.262115   235.402725  40.388474
-139.259766   236.235580  40.605675
-139.258484   236.415710  40.652924
-139.265106   236.507263  40.681835
-139.285629   236.638016  40.730492
-139.289658   236.711792  40.750263
-139.288467   236.863434  40.787922
-139.327271   236.898911  40.801876
-139.383987   236.907257  40.817532
-139.429916   236.940994  40.836231
-139.451126   237.016617  40.858761
-139.487564   237.058670  40.880547
-139.507263   237.084900  40.895775
-139.533569   237.109711  40.913383
-139.579193   237.110107  40.945168
-139.622391   237.095917  40.972466
-139.660858   237.097641  41.005161
-139.699280   237.082474  41.022324
-139.733810   237.066330  41.032475
-139.760818   237.050110  41.037079
-139.795456   237.047348  41.048988
-139.816315   237.058228  41.060043
-139.828873   237.077286  41.068546
-139.837967   237.101059  41.075363
-139.856979   237.097427  41.080662
-139.889038   237.038300  41.081036
-139.909622   236.999313  41.082314
-139.934814   236.963181  41.087597
-139.952042   236.920380  41.083904
-139.964386   236.883438  41.078766
-139.997849   236.795410  41.058064
-140.024002   236.721008  41.035088
-140.057373   236.627167  41.004688
-140.084854   236.547806  40.978371
-140.107620   236.466187  40.957504
-140.126144   236.401962  40.942013
-140.140457   236.337692  40.926384
-140.153580   236.263077  40.914833
-140.158478   236.227997  40.910259
-140.159302   236.194962  40.908699
-140.160309   236.150726  40.909130
-140.153763   236.107437  40.910686
-140.149963   236.039093  40.907856
-140.139023   235.884293  40.889114
-140.144424   235.762466  40.884785
-140.158707   235.497375  40.872780
-140.131638   235.257156  40.826115
-140.076645   234.856247  40.727623
-140.014465   234.612839  40.689812
-139.970047   234.406342  40.677467
-139.951706   234.164429  40.642422
-139.931107   233.964096  40.611595
-139.914108   233.783401  40.599632
-139.896912   233.643646  40.589428
-139.871658   233.511993  40.574352
-139.850601   233.412445  40.563374
-139.808258   233.301071  40.535717
-139.769714   233.209457  40.516640
-139.718369   233.124146  40.514950
-139.685898   233.085617  40.537052
-139.644119   233.030701  40.554760
-139.595428   232.995956  40.561405
-139.558746   232.971542  40.570530
-139.532364   232.922775  40.515926
-139.550903   232.871262  40.472046
-139.540985   232.856873  40.450645
-139.530685   232.848175  40.444897
-139.521103   232.837097  40.442619
-139.514160   232.820755  40.438240
-139.502167   232.797729  40.431507
-139.484604   232.769623  40.421005
-139.464630   232.746307  40.411743
-139.448212   232.731552  40.405315
-139.433334   232.719925  40.399467
-139.415512   232.702820  40.390366
-139.407455   232.674133  40.379215
-139.401154   232.646973  40.365414
-139.388260   232.615936  40.348995
-139.382477   232.584503  40.325371
-139.401993   232.515472  40.296547
-139.421951   232.457077  40.274506
-139.441833   232.401077  40.254097
-139.469193   232.356918  40.237137
-139.490494   232.340515  40.218742
-139.508163   232.328720  40.199265
-139.544739   232.325455  40.171886
-139.580978   232.328369  40.152157
-139.612320   232.336426  40.132496
-139.655487   232.338181  40.099861
-139.692734   232.334442  40.073624
-139.724091   232.340271  40.046803
-139.744156   232.348953  40.031052
-139.759415   232.364868  40.020668
-139.777878   232.393402  40.020870
-139.774796   232.429352  40.019566
-139.766571   232.482254  40.019115
-139.758881   232.537170  40.018063
-139.785187   232.584290  40.048462
-139.787277   232.653305  40.051666
-139.807281   232.739258  40.065178
-139.818802   232.797836  40.068565
-139.837799   232.835739  40.080692
-139.848724   232.829422  40.070129
-139.873978   232.824646  40.051102
-139.909821   232.827652  40.026924
-139.967606   232.826752  39.971371
-140.042023   232.785889  39.922699
-140.085388   232.727997  39.841839
-140.130829   232.694901  39.769905
-140.152725   232.672989  39.714741
-140.182983   232.650620  39.672390
-140.208878   232.626663  39.639370
-140.227737   232.603470  39.611034
-140.243759   232.588120  39.587635
-140.277191   232.579391  39.572227
-140.303467   232.547745  39.542912
-140.335495   232.509872  39.510780
-140.365738   232.479645  39.484684
-140.395309   232.463272  39.468285
-140.414963   232.443604  39.450951
-140.462723   232.446365  39.430862
-140.518799   232.457855  39.392467
-140.563675   232.467499  39.362862
-140.612381   232.490204  39.329838
-140.654648   232.516205  39.292690
-140.684723   232.534103  39.240097
-140.740814   232.604996  39.226868
-140.756256   232.636398  39.227074
-140.785339   232.700333  39.252491
-140.783615   232.810104  39.281696
-140.773407   232.947739  39.313877
-140.767563   233.084793  39.353546
-140.746140   233.212082  39.377552
-140.727127   233.303375  39.395096
-140.701630   233.353653  39.392361
-140.690506   233.433563  39.412094
-140.666153   233.459747  39.409870
-140.639755   233.553146  39.281109
-140.593155   233.673340  39.169334
-140.541183   233.779221  39.083260
-140.516464   234.008331  38.996449
-140.472778   234.088486  38.959064
-140.465240   234.102280  38.942799
-140.496658   234.155350  38.956532
-140.582199   234.094788  39.031906
-140.705994   234.062759  39.119427
-141.005035   233.884155  39.315453
-141.638184   233.370789  39.697701
-142.697037   232.164642  40.221455
-144.046860   230.752762  40.931530
-145.674866   228.991425  41.755634
-147.709976   226.774643  42.626896
-149.807495   224.508926  43.618744
-152.492249   221.369141  44.892479
-154.916611   217.620621  46.201855
-156.245377   214.594757  47.075443
-156.853592   212.483749  47.312847
-156.743820   210.442291  48.598186
-156.943542   209.358093  48.648540
-156.864624   208.381775  48.852104
-156.101791   207.043411  48.787010
-154.709747   206.260635  49.022465
-153.121506   206.191635  48.894585
-151.352051   206.844772  48.220356
-148.705215   208.258499  47.317734
-145.302994   209.614532  46.034359
-141.411560   210.949127  45.451763
-137.536270   212.350494  44.510033
-134.332367   213.514755  43.731800
-131.472504   213.975662  42.963608
-128.578064   213.713348  41.770924
-126.346413   213.193878  40.918480
-124.864853   212.448013  40.203190
-122.929939   210.500961  39.744026
-121.443535   208.330765  39.560757
-120.514175   205.795074  39.720345
-120.014717   202.719620  40.903435
-120.416176   198.455643  41.665848
-121.380836   194.324066  42.776924
-122.757599   190.834549  44.384499
-124.564827   186.439835  46.124599
-126.425621   182.523239  48.027676
-128.145096   178.594574  49.951645
-130.151840   175.353546  52.052998
-131.756409   172.929764  54.005150
-133.091156   171.401443  55.582951
-134.828506   171.208969  57.114075
-136.225571   171.247894  58.331867
-137.516373   172.226883  59.363255
-138.845306   173.642242  60.204044
-140.140076   175.721863  61.019951
-141.297012   178.028107  61.880394
-142.129105   180.917374  62.950890
-142.453354   183.880493  63.638805
-142.406326   187.748978  64.710617
-142.177155   190.651031  65.424934
-141.786804   193.357147  65.831726
-141.332581   195.914673  65.979088
-140.819183   198.078339  66.074821
-137.481628   201.185791  69.193100
-135.898956   201.238449  69.659042
-135.054688   200.296448  69.638168
-134.509033   199.476563  69.496887
-134.336609   198.819611  69.435501
-133.626480   197.252045  68.854088
-133.195679   195.760483  68.691704
-132.369095   193.929459  68.500465
-131.526886   191.182480  67.476639
-130.169464   187.658600  66.401985
-128.406937   182.965561  64.599556
-126.251579   177.784973  63.157326
-123.741524   171.263748  61.971107
-120.985809   164.592834  61.177181
-118.483376   158.240372  60.999737
-116.200264   151.878128  60.967266
-114.152817   146.271667  61.580189
-112.351204   141.531982  62.644230
-110.868355   138.974808  64.048637
-110.361526   136.249664  64.883545
-109.858040   134.464020  65.653084
-109.752716   133.178787  66.098915
-110.291290   132.644989  65.668129
-110.727089   132.294235  66.365005
-111.336914   134.060608  66.635345
-111.885666   135.293961  66.783684
-112.042717   136.391800  66.982353
-113.724472   140.150742  67.867371
-115.153214   145.289841  68.706528
-116.288757   148.437012  69.358498
-117.724731   152.278061  70.366966
-119.129265   155.589859  71.115448
-121.000343   158.953491  72.027969
-122.608582   161.777496  72.817131
-124.089462   164.282166  73.030571
-126.060539   166.915665  73.233101
-127.710556   169.503448  73.091972
-128.556152   171.444656  73.158554
-128.930847   172.861771  73.135406
-129.184967   174.065506  73.080322
-129.641220   175.959900  73.040039
-129.982269   177.811234  72.883545
-130.153076   179.311798  72.689941
-130.123856   180.932770  72.195450
-129.963150   182.249603  71.719215
-129.573364   183.698029  70.945045
-128.649124   184.875259  69.813828
-126.916710   186.376419  68.647095
-125.180115   187.520035  67.467369
-123.669380   188.515961  66.497047
-121.856720   188.789642  65.285973
-120.643021   188.618179  64.229347
-118.174660   183.141693  62.276501
-117.555550   180.349304  61.883671
-116.659698   173.548630  61.611816
-115.834892   167.173431  62.024204
-115.060081   160.584381  62.210171
-114.060829   152.926254  62.896236
-113.181694   147.952484  63.558929
-112.392136   144.473541  63.753727
-111.854523   142.752426  63.813885
-111.281403   142.206436  63.710861
-110.398552   142.058533  63.564297
-109.350639   142.461945  63.322674
-107.681763   144.024200  62.787731
-106.063423   146.459457  61.751534
-104.142097   149.571457  60.238472
-102.061699   153.968964  58.620052
-99.830215   158.321899  56.922802
-98.216675   162.172104  55.580647
-96.590668   166.284821  54.349884
-95.511986   169.858612  52.741982
-94.587944   174.052261  51.392925
-94.055138   177.489273  50.597748
-94.194489   181.198685  50.447735
-94.570633   184.870316  50.168037
-95.461632   188.437164  49.850456
-96.780876   191.520065  50.076714
-98.586784   193.764175  50.588741
-100.740173   195.502716  51.420570
-103.813896   196.653152  52.193001
-107.486908   197.462173  53.062317
-110.151207   197.375626  54.046982
-113.510834   197.146622  55.521507
-117.219566   195.782471  57.142441
-121.091690   194.100555  58.959770
-124.319824   191.645844  60.639851
-127.724136   188.673462  61.953457
-129.823425   185.161469  62.929810
-131.025772   180.997726  63.648590
-131.416992   175.787750  64.001236
-131.321396   170.992035  63.757381
-130.687317   165.913773  63.826653
-130.138657   161.320755  63.414021
-129.028687   156.067093  63.094608
-127.878410   152.100128  62.740887
-126.656342   149.526764  62.907642
-125.392441   147.504562  63.142857
-122.339668   144.931000  62.461349
-118.495354   143.734100  61.073753
-114.863235   144.227234  59.573887
-111.817429   146.257034  57.854073
-108.809433   149.052124  56.656300
-106.106949   152.707153  55.447235
-104.163559   156.354523  54.150253
-102.564438   159.432816  53.132927
-101.117233   162.356659  52.248604
-99.771812   165.046402  51.625412
-98.537445   166.782623  51.270088
-97.421356   167.855576  50.916946
-96.237259   168.483612  50.990238
-95.097198   168.635223  50.694866
-94.106728   168.615829  50.508289
-93.562363   167.833527  50.099720
-92.843643   167.027603  49.676159
-91.859032   166.110123  49.408760
-90.696587   165.369675  49.188915
-89.743004   164.953186  49.064293
-89.088905   164.663803  48.957287
-88.218262   164.430328  48.919857
-87.550980   164.479279  48.681160
-86.743591   165.166275  48.630436
-85.912300   165.920517  48.459076
-85.121613   166.874619  48.165134
-84.391197   167.488541  47.462402
-83.810524   167.941666  46.919132
-83.009544   168.667374  46.555653
-82.001518   169.501129  46.142422
-80.933792   169.853668  45.591389
-79.816109   170.346329  45.188980
-79.009705   170.504272  44.962372
-78.162254   170.590042  44.693466
-77.484566   170.499390  44.498013
-76.926918   170.302063  44.413784
-76.340210   170.074097  44.297058
-75.746910   169.972763  44.110077
-75.092926   169.923965  43.843674
-74.631477   170.047882  43.641834
-74.043198   170.234558  43.391460
-73.402931   170.492218  43.138031
-72.586349   170.873001  42.848408
-71.824257   171.175491  42.571690
-71.240112   171.399445  42.373993
-70.645554   171.501343  42.278313
-69.976906   171.435944  42.160671
-69.248627   171.488007  42.027950
-68.592148   171.646378  41.790874
-67.751328   171.526901  41.352619
-67.066582   171.695129  40.945690
-66.486809   172.093170  40.477985
-65.972626   172.730545  40.042915
-65.576645   173.478867  39.714108
-65.198524   174.419235  39.417294
-64.925179   175.492218  39.190773
-64.723793   176.576981  39.057930
-64.686867   177.910172  38.960487
-64.742027   179.230118  38.931793
-65.015518   180.666901  38.996513
-65.561882   182.553009  39.287308
-66.414459   184.463455  39.749531
-67.413383   186.354340  40.299484
-68.232529   188.081635  40.664913
-69.255539   189.671555  41.154221
-70.406876   191.052475  41.677628
-71.665787   192.044739  42.096302
-73.087234   192.836929  42.672775
-74.383080   193.394440  43.111324
-75.424881   193.724411  43.560837
-76.284645   193.857208  43.919174
-76.964378   193.844406  44.198727
-77.643044   193.893509  44.468433
-78.128716   193.940109  44.653561
-78.637550   194.305618  44.827995
-78.931610   194.649887  44.918659
-79.102440   195.394302  44.935635
-79.128624   196.574966  44.776764
-78.974861   198.145706  44.716877
-77.584015   202.448944  43.868355
-77.047523   203.311966  43.706150
-76.333122   204.530426  43.602783
-75.694138   205.304321  43.500980
-74.965485   206.001968  43.284309
-74.374229   206.176025  43.075317
-73.781616   206.157913  42.854942
-73.181519   205.820740  42.589935
-71.873207   204.339539  41.828907
-70.879395   203.016235  41.321762
-69.528549   201.285294  40.732162
-67.686386   198.680099  39.977028
-65.351242   195.379013  39.304832
-62.637436   191.546280  38.767780
-60.220516   187.844742  38.411701
-57.704742   184.186630  38.230846
-55.251427   180.313034  38.772182
-53.104645   177.281845  39.099575
-51.684395   175.085526  39.601448
-50.483528   173.249557  40.063801
-49.502060   171.766525  40.470322
-48.823261   170.590073  40.910179
-48.283848   169.635590  41.293850
-47.937798   169.038651  41.556549
-47.884636   168.895233  41.704212
-48.014420   168.950623  41.833752
-48.224705   169.382599  41.829906
-48.582325   170.388214  41.747330
-49.142509   172.294296  41.564835
-49.782810   174.454407  41.432217
-50.381893   176.480911  41.363720
-50.977837   178.666885  41.231590
-51.482132   180.828613  41.055408
-51.860584   182.661011  40.863091
-52.138042   184.299210  40.659649
-52.283150   185.812363  40.409885
-52.365120   186.988510  40.199718
-52.311253   187.905045  39.951878
-52.186119   188.649536  39.695019
-51.930286   189.337265  39.354626
-51.586681   189.863129  38.971596
-51.130486   190.132889  38.578548
-50.514267   190.182220  38.100689
-49.923706   190.147995  37.685986
-49.049152   189.622467  37.078415
-48.326424   189.507187  36.605762
-47.846165   189.403915  36.336880
-47.329487   189.434616  36.095955
-46.928505   189.386444  35.821331
-46.417763   189.413315  35.569954
-45.891312   189.164139  35.379467
-45.398178   189.228729  35.163265
-44.790882   189.278412  34.992229
-44.002441   189.332382  34.794598
-43.026218   189.521698  34.532497
-41.722691   189.665970  34.117634
-40.188465   189.642014  33.562546
-38.931187   189.724884  33.135441
-37.577412   189.814850  32.642635
-36.387711   189.812729  32.241508
-35.110680   189.931824  31.873634
-33.639683   190.179321  31.415688
-32.143551   190.403442  31.004585
-30.882845   190.520493  30.718824
-29.497904   190.552170  30.439999
-28.129505   190.571045  30.236813
-27.070456   190.547455  30.094645
-26.017330   190.443390  29.946678
-25.169104   190.243027  29.875860
-24.642630   189.897690  29.895784
-24.507595   189.236664  29.959927
-24.544281   188.128281  30.084461
-25.160494   186.806168  30.362726
-26.603571   184.957397  30.908413
-28.769783   182.858200  31.573290
-31.749643   180.405334  32.516441
-35.005207   178.351196  33.588806
-38.771858   176.138443  34.918694
-43.338596   173.898041  36.741665
-48.515602   171.227631  38.779091
-54.687744   168.551544  41.697964
-61.219460   166.756073  44.648964
-67.525414   164.987381  47.675720
-74.451439   163.735031  51.655235
-80.778717   162.011795  55.336521
-86.797600   159.183228  59.384060
-91.547325   155.843140  62.365864
-95.661781   152.210114  65.269768
-98.662544   149.232452  67.508675
-100.482941   146.341919  69.611496
-101.470940   144.156616  70.953583
-102.044975   142.304977  72.083443
-103.532570   139.241516  72.339661
-104.651947   135.022156  72.271873
-104.534187   133.515015  72.302856
-104.239349   132.294250  72.205315
-103.777435   131.859360  72.140320
-102.648468   131.956802  71.478912
-101.379219   132.604858  69.888680
-98.835770   133.629166  67.096634
-94.420242   136.309845  63.966347
-89.092903   138.944244  60.687943
-83.851318   142.410629  56.708115
-78.368774   146.248642  52.436588
-72.908676   150.178848  48.528973
-66.292297   154.106979  43.902866
-59.139320   157.875824  39.554924
-51.953484   161.955841  35.654819
-44.406876   166.121628  32.261948
-37.200382   169.637375  29.051811
-30.586946   172.575211  26.472042
-24.511276   175.137283  24.281979
-18.982454   177.020996  22.182056
-14.141132   179.001465  20.386816
-10.014908   180.387238  18.451977
-6.710627   181.721542  17.206547
-3.514371   183.243088  16.123573
-1.030766   184.086945  15.355273
0.835091   184.695435  14.898493
2.525611   185.008972  14.245437
3.874580   185.164337  13.780630
4.806101   185.154083  13.474780
5.420388   185.205276  13.260974
5.819416   185.262115  13.075734
5.947722   184.973053  12.882476
5.979134   184.923203  12.838730
6.020060   184.726852  12.791645
5.985500   184.464279  12.693921
5.959446   184.257874  12.618993
5.880538   184.171402  12.559468
5.790050   184.085800  12.535648
5.644461   183.884933  12.548532
5.442508   183.733856  12.625908
5.214222   183.571152  12.681788
5.023968   183.398911  12.732574
4.753186   183.151031  12.792365
4.467074   182.893021  12.868633
4.260391   182.708130  12.923490
3.872199   182.407532  13.129684
3.649067   182.263428  13.239946
3.410345   182.167282  13.328156
3.164735   182.081329  13.418028
2.926787   181.985657  13.505571
2.617833   182.056656  13.725757
2.313152   182.138199  13.906403
1.890007   182.121902  14.197841
1.387190   182.000275  14.455427
1.065910   182.062546  14.639902
0.767726   182.160690  14.769785
0.375217   182.172119  14.979913
0.039086   182.166733  15.144353
-0.181255   182.120117  15.300119
-0.354381   182.091629  15.419290
-0.571065   182.069656  15.534055
-0.756518   182.057098  15.626758
-0.907844   182.049515  15.700251
-1.054968   182.046021  15.768659
-1.186410   182.052307  15.824298
-1.353775   182.065613  15.889696
-1.552514   182.088165  15.962445
-1.747877   182.113998  16.017687
-1.928773   182.139145  16.053593
-2.064991   182.148270  16.081705
-2.177823   182.160919  16.107283
-2.247440   182.199829  16.118364
-2.295485   182.239151  16.127201
-2.331198   182.286087  16.139288
-2.354828   182.327377  16.155020
-2.380743   182.370697  16.167990
-2.399807   182.400818  16.185646
-2.419684   182.428604  16.202211
-2.437587   182.456711  16.216135
-2.460028   182.490631  16.226547
-2.479703   182.521255  16.236546
-2.500828   182.557617  16.242701
-2.501172   182.603241  16.243992
-2.497998   182.644394  16.248810
-2.499292   182.689850  16.250580
-2.502276   182.734192  16.251087
-2.502328   182.764694  16.250757
-2.510293   182.799591  16.249613
-2.518165   182.832352  16.250378
-2.512156   182.857864  16.260014
-2.517179   182.890274  16.268583
-2.539981   182.942657  16.279469
-2.557065   182.984756  16.286280
-2.571225   183.033249  16.297697
-2.584996   183.082306  16.304770
-2.590405   183.130798  16.313211
-2.583671   183.175110  16.335251
-2.575332   183.213730  16.357985
-2.569668   183.247879  16.378435
-2.577965   183.280945  16.402887
-2.588076   183.316483  16.414431
-2.598545   183.344818  16.428886
-2.621494   183.365768  16.449471
-2.641805   183.382248  16.469421
-2.645704   183.405594  16.481560
-2.652056   183.431442  16.490988
-2.664966   183.464905  16.495163
-2.677889   183.493729  16.504295
-2.687430   183.513443  16.522789
-2.703561   183.538818  16.536095
-2.715577   183.556396  16.550461
-2.726368   183.572235  16.563490
-2.736716   183.587448  16.575626
-2.750558   183.606201  16.586393
-2.762574   183.631439  16.593765
-2.771559   183.651581  16.600193
