-21.623127  87.764977  -20.815214
-21.592386  87.678940  -20.817835
-21.574623  87.649422  -20.819601
-21.555344  87.624908  -20.822157
-21.547022  87.606560  -20.824175
-21.540281  87.596283  -20.826208
-21.529810  87.587265  -20.829298
-21.516674  87.582588  -20.832357
-21.506405  87.581017  -20.834698
-21.493055  87.584770  -20.836996
-21.480927  87.588753  -20.838768
-21.462355  87.598801  -20.842346
-21.443785  87.608803  -20.846386
-21.418034  87.623695  -20.851873
-21.381796  87.649330  -20.860270
-21.349985  87.672073  -20.867575
-21.322075  87.693207  -20.873474
-21.292875  87.717941  -20.879194
-21.263803  87.744072  -20.885109
-21.230423  87.777016  -20.892754
-21.195688  87.810867  -20.901901
-21.163847  87.844002  -20.910387
-21.133209  87.877609  -20.918404
-21.092369  87.923141  -20.929083
-21.050621  87.970230  -20.936920
-21.003712  88.020142  -20.945461
-20.959679  88.072029  -20.949732
-20.918409  88.120033  -20.953144
-20.875195  88.171394  -20.958706
-20.819092  88.229698  -20.967476
-20.774645  88.283684  -20.969864
-20.735447  88.333412  -20.969883
-20.696604  88.380417  -20.971695
-20.665562  88.422592  -20.970932
-20.637911  88.458847  -20.969498
-20.608734  88.497223  -20.969498
-20.576351  88.537170  -20.968641
-20.544315  88.577713  -20.966663
-20.513834  88.620987  -20.963593
-20.487770  88.666237  -20.959488
-20.462523  88.711006  -20.954399
-20.439102  88.749893  -20.949772
-20.419672  88.786850  -20.945534
-20.402742  88.820564  -20.941380
-20.387978  88.854691  -20.936337
-20.375139  88.887123  -20.930477
-20.360319  88.918449  -20.924412
-20.348351  88.946465  -20.918865
-20.336714  88.972084  -20.913883
-20.324652  88.999466  -20.910051
-20.313702  89.023361  -20.906462
-20.304512  89.047783  -20.901478
-20.296608  89.070229  -20.896929
-20.289461  89.090057  -20.892742
-20.283932  89.108124  -20.888842
-20.277969  89.122719  -20.884903
-20.265079  89.139053  -20.881691
-20.254026  89.149002  -20.878365
-20.240173  89.161522  -20.874840
-20.220314  89.178482  -20.870581
-20.193512  89.200233  -20.865278
-20.162432  89.223145  -20.858686
-20.120512  89.250786  -20.852711
-20.082239  89.276062  -20.847252
-20.035023  89.304733  -20.844439
-19.987150  89.331772  -20.841240
-19.930777  89.360863  -20.838930
-19.867691  89.388260  -20.835857
-19.785204  89.423172  -20.832253
-19.699286  89.461708  -20.829887
-19.608904  89.501663  -20.829201
-19.491415  89.550522  -20.842083
-19.383698  89.592644  -20.858103
-19.281290  89.633171  -20.873573
-19.158381  89.677269  -20.890400
-19.021597  89.721832  -20.911354
-18.887840  89.765266  -20.936342
-18.758123  89.804008  -20.961712
-18.630657  89.840622  -20.990263
-18.500824  89.879417  -21.017025
-18.371538  89.921989  -21.037672
-18.245829  89.971046  -21.054543
-18.113724  90.022713  -21.071333
-17.987478  90.074310  -21.088219
-17.860521  90.128525  -21.108284
-17.724586  90.184166  -21.127537
-17.598928  90.237450  -21.144981
-17.465275  90.291069  -21.162874
-17.330006  90.350388  -21.179754
-17.194628  90.414925  -21.197023
-17.053415  90.484077  -21.216852
-16.902052  90.567413  -21.240759
-16.723263  90.680077  -21.262941
-16.567726  90.780502  -21.285912
-16.411617  90.878395  -21.308771
-16.007471  91.127174  -21.378548
-15.872499  91.220123  -21.403469
-15.647053  91.382217  -21.439930
-15.382396  91.562546  -21.479237
-15.114904  91.752914  -21.521580
-14.833622  91.968285  -21.514715
-14.575530  92.161057  -21.514986
-14.287370  92.367096  -21.530886
-14.027164  92.550873  -21.538868
-13.731129  92.757042  -21.555187
-13.427065  92.960022  -21.557394
-13.084739  93.204521  -21.536247
-12.771667  93.419579  -21.521940
-12.439270  93.638420  -21.515657
-12.082806  93.863739  -21.521276
-11.710869  94.097267  -21.542486
-11.322261  94.344254  -21.569498
-10.957027  94.603760  -21.609793
-10.507650  94.903412  -21.692780
-10.111937  95.165215  -21.769121
-9.653746  95.446815  -21.839897
-9.223291  95.726532  -21.913338
-8.754354  96.013519  -21.983677
-8.233189  96.394981  -22.062651
-7.813433  96.711319  -22.115290
-7.360398  97.143188  -22.198349
-6.900686  97.634323  -22.365915
-6.415422  98.215752  -22.504251
-5.912318  98.996170  -22.704006
-5.496165  99.793495  -22.893286
-5.363046  100.748940  -23.172432
-5.452769  101.650757  -23.296028
-5.705645  102.620552  -23.362532
-6.298552  103.509941  -23.393129
-7.769524  104.574081  -23.549257
-9.713812  105.564865  -23.580719
-11.946537  106.352318  -23.538750
-14.112589  106.881073  -23.392792
-16.170778  107.245529  -23.180330
-18.277691  107.490395  -22.894434
-20.371407  107.542229  -22.519514
-22.652143  107.408241  -22.139097
-24.901598  106.805305  -21.756231
-27.732454  105.576645  -21.227980
-31.123888  102.735359  -20.650654
-32.931122  100.769569  -20.299551
-34.643730  98.357292  -19.884754
-35.961456  95.843094  -19.359219
-36.809486  93.785934  -18.893126
-37.189819  92.190788  -18.536566
-37.222893  90.963585  -18.293720
-36.619881  89.824898  -18.150576
-35.426731  88.940918  -18.118973
-33.767387  88.373314  -18.221781
-31.623152  88.173882  -18.402334
-29.131969  88.322929  -18.607124
-26.459286  88.730362  -18.915619
-23.996454  89.373016  -19.358276
-21.648550  90.340950  -19.798382
-19.075291  91.742851  -20.555759
-16.729395  92.988647  -21.072865
-14.321653  94.795837  -21.153601
-12.280213  96.819038  -21.248035
-10.773322  99.123917  -21.227491
-9.542638  101.870361  -21.364122
-8.673619  104.640816  -21.549389
-8.182396  106.653854  -21.595234
-8.011533  108.466934  -21.600607
-8.109648  109.977531  -21.561525
-8.335593  111.077408  -21.481890
-8.735922  111.695999  -21.458513
-9.056862  112.004868  -21.421469
-9.441710  112.072334  -21.430313
-9.773673  111.932251  -21.459530
-10.285101  111.433266  -21.552687
-10.895119  110.424164  -21.656881
-11.398317  109.186241  -21.669807
-12.108457  106.544479  -21.685656
-12.713670  102.339554  -21.556805
-12.969301  97.897575  -21.334131
-12.492510  94.171829  -20.866713
-11.080561  91.360626  -20.459734
-8.889528  89.429985  -20.071363
-6.306379  88.370796  -20.044941
-3.305564  87.942574  -20.252909
0.033952  88.242592  -20.525822
3.421091  89.085945  -20.805323
6.969473  90.650597  -21.179890
10.272980  92.523155  -21.629419
13.864427  95.110359  -22.048635
17.229124  98.194359  -22.579777
19.989969  101.521950  -22.843161
22.043839  104.959534  -23.083010
23.063089  108.276596  -23.170752
23.375807  111.641304  -23.222946
22.926199  114.862114  -23.279203
21.567480  118.039543  -23.413742
19.449699  121.351555  -23.547520
16.553364  124.428490  -23.447714
12.601330  127.535568  -23.433580
7.900139  130.103088  -23.194132
2.772110  132.305588  -22.481403
-2.939565  133.767258  -21.877583
-10.219685  134.304428  -21.306332
-17.081991  134.703339  -20.327105
-23.325285  134.403748  -19.105261
-29.350288  133.380493  -17.786917
-35.094467  131.785599  -16.297039
-40.156132  129.568985  -15.070495
-44.522522  126.710205  -14.222468
-48.289478  123.080963  -13.647849
-52.469063  118.719933  -13.206159
-55.877579  113.595963  -12.333494
-58.078453  107.818428  -11.672719
-59.728046  102.263107  -10.691031
-60.666798  97.460106  -9.572728
-60.632874  92.993576  -8.355794
-60.019119  86.881035  -6.785947
-58.668892  81.023170  -5.319738
-56.293320  75.395897  -4.422134
-52.298916  70.513802  -3.795962
-47.493580  66.977417  -3.655820
-43.169674  64.687378  -3.581883
-38.417667  63.240211  -3.966906
-21.514133  65.854576  -9.335095
-16.017336  68.355118  -10.370819
-9.702070  72.268265  -11.882946
1.423789  82.703476  -14.778563
6.200745  87.698921  -15.609065
15.283273  97.791504  -17.381536
18.465443  101.627258  -18.034256
21.019865  105.400314  -18.876858
22.950739  112.442444  -20.200438
23.070274  115.252808  -20.709742
21.090414  119.622948  -21.259394
19.749657  121.174271  -21.478140
17.756239  122.463783  -21.626677
15.433719  123.004478  -21.728777
11.440901  120.636040  -21.613951
9.829299  118.755852  -21.568050
8.327250  115.222061  -21.396172
7.784432  111.364761  -21.161196
8.266281  108.218094  -21.185617
14.300131  101.172218  -21.625294
18.899303  98.278679  -21.205530
24.794750  95.390961  -20.626558
30.427195  92.899734  -19.942440
35.030388  90.785583  -19.250029
38.544243  89.074974  -18.707706
40.950340  87.779922  -18.318222
42.428272  85.549683  -17.824394
42.455460  84.776634  -17.672709
41.023556  83.039703  -17.253218
39.928375  82.212227  -16.925272
37.624241  81.205650  -16.302086
35.048756  80.508202  -15.691962
32.226982  80.378754  -15.080888
29.727713  80.511398  -14.604137
27.840046  80.718163  -14.192401
26.720697  80.856506  -13.909173
25.967632  81.030464  -13.656499
24.159027  79.907471  -13.176428
23.103033  79.075821  -12.881337
21.447168  77.732170  -12.413436
19.406940  76.207138  -11.814798
17.075237  74.598274  -11.230747
14.408369  73.015030  -10.545250
11.433775  71.533035  -9.865916
8.104602  70.243317  -9.151258
4.720324  69.118797  -8.553877
1.087996  68.195976  -7.954814
-2.624763  67.404541  -7.286202
-6.517745  67.058586  -6.511260
-10.134171  66.534920  -5.596480
-13.982260  65.570038  -4.347221
-18.695921  64.262299  -3.104278
-22.444887  63.168282  -2.032131
-25.120533  62.193623  -1.217831
-26.929239  61.243046  -0.554654
-27.957598  60.432594  -0.081805
-28.421160  59.749203  0.286480
-28.664043  58.762997  0.447285
-28.189548  58.086590  0.340786
-26.676304  57.389133  -0.444910
-22.718866  57.357677  -2.225094
-16.790569  58.521297  -4.752515
-9.030132  60.557194  -7.988691
-0.128092  63.432671  -10.869493
10.733761  67.559113  -13.271137
21.368563  71.222878  -14.853790
30.284395  74.008057  -15.791612
39.065880  77.260574  -16.295752
46.234856  79.699509  -16.282995
51.906048  81.526382  -15.782397
55.945038  82.212402  -15.529073
59.394310  83.048492  -15.232655
61.672729  83.596237  -15.150826
63.202736  83.990768  -14.971634
64.264145  84.378174  -14.793836
64.967529  84.576759  -14.683155
65.475075  84.807808  -14.609649
65.853188  85.047020  -14.503181
66.115051  85.227859  -14.438370
66.424889  85.534470  -14.233309
66.821655  86.142593  -13.818178
66.836426  86.569397  -13.345963
66.613922  86.685204  -13.028695
66.350410  86.639114  -12.815118
66.010651  86.557899  -12.666170
65.604027  86.403633  -12.526146
65.250328  86.256432  -12.438299
64.920403  86.100533  -12.377071
64.653404  85.913971  -12.304779
64.499039  85.713829  -12.274386
64.386414  85.470764  -12.241723
64.318649  85.255157  -12.243916
64.288208  85.045990  -12.235210
64.297920  84.868820  -12.247042
64.346596  84.728493  -12.241263
64.432411  84.616135  -12.241175
64.500206  84.538788  -12.246667
64.619202  84.457100  -12.240537
64.770088  84.428253  -12.232191
64.891075  84.430801  -12.235678
65.041992  84.452026  -12.227595
65.239677  84.472816  -12.184868
65.407173  84.500938  -12.149041
65.546822  84.551727  -12.130286
65.674179  84.605499  -12.111442
65.763367  84.679306  -12.106113
65.845390  84.791855  -12.110760
