-147.438919   125.671097  -17.755161
-143.458237   122.280975  -20.241423
-140.286102   118.561455  -21.912561
-136.278214   113.314194  -24.276133
-128.599487   102.731438  -25.104750
-122.547554   96.873474  -24.032442
-112.820709   90.358147  -22.598591
-105.302528   85.707909  -22.325619
-98.676224   82.869904  -21.869234
-86.426125   81.119614  -23.391253
-79.584427   80.875603  -22.969767
-68.549164   83.653610  -24.420853
-60.275425   84.198090  -24.581554
-53.849091   84.407997  -23.742422
-44.499397   86.984222  -21.958179
-40.926353   91.885620  -21.554281
-37.110962   101.892738  -21.706610
-34.526859   109.969742  -22.618637
-32.900845   115.949059  -23.422201
-32.036095   127.357498  -25.987686
-32.380413   133.400757  -27.356155
-33.837616   144.607742  -30.118567
-34.952015   150.975510  -30.760700
-39.344437   161.155609  -32.371376
-43.309547   168.882401  -33.733219
-47.284962   175.975327  -35.325512
-54.205196   186.284363  -37.763569
-59.228081   191.592255  -38.168892
-67.900215   200.208389  -39.101448
-74.039986   206.105667  -38.919594
-79.075424   210.779022  -39.085957
-87.429871   217.392944  -39.135223
-92.617218   220.165710  -39.384460
-101.561043   222.778046  -40.215580
-107.474976   223.015030  -40.718861
-112.363029   222.466751  -41.001949
-119.938515   221.234268  -42.933369
-123.424973   218.874420  -43.184681
-125.990662   218.473267  -41.434284
-128.146515   214.949936  -42.681080
-129.005203   211.652023  -42.864704
-129.670746   208.893158  -42.727615
-133.615997   209.681976  -41.954052
-138.799805   208.943588  -41.281284
-140.697021   207.123459  -41.139439
-142.134003   205.202271  -41.510395
-135.118607   206.479050  -42.373329
-130.485214   189.397232  -21.352600
-119.486122   171.350327  -8.462942
-111.668999   162.284424  -6.792129
-97.186333   151.535690  -5.411841
-89.686562   147.421387  -5.025138
-83.660812   145.367569  -5.150379
-69.964531   140.698029  -5.499118
-61.937157   138.973450  -5.070230
-47.548248   137.557877  -4.092928
-36.539185   139.415176  -4.678651
-28.947964   141.224472  -5.077291
-17.343866   145.052582  -6.575336
-11.135427   148.554062  -7.237671
-1.895496   155.181274  -8.831083
3.727110   160.961761  -9.943320
7.757914   166.328552  -11.598540
12.928012   174.327332  -14.094124
14.437045   179.744476  -15.487859
15.785108   187.530594  -17.160065
16.295282   195.423737  -18.730976
15.700235   201.272552  -19.977964
13.422043   209.615997  -22.548662
10.344997   213.459641  -23.039608
4.879353   218.752213  -23.901978
-0.183093   221.357925  -24.281673
-4.802917   223.416000  -24.390461
-11.780272   225.587479  -24.162846
-16.428299   226.334137  -24.118719
-23.996103   226.956238  -23.909136
-29.600821   226.076172  -23.573629
-34.204250   224.484344  -23.410330
-41.023445   221.677032  -23.398432
-44.964638   218.499100  -23.273054
-50.549786   211.192383  -22.014219
-53.419548   206.695984  -20.796324
-57.642433   199.055161  -19.024408
-61.023586   193.359406  -17.873713
-63.050686   187.491470  -16.238653
-66.432457   177.296906  -15.283426
-67.179565   172.492615  -13.063938
-67.689865   164.021057  -10.070232
-67.621979   156.626373  -8.767991
-66.727638   150.551910  -6.567616
-64.615273   143.256073  -3.416494
-61.959534   139.137451  -2.091541
-56.836304   131.298950  -0.228749
-52.177032   126.681892  0.114095
-47.230297   123.293716  0.068026
-38.185467   119.706749  -0.371043
-32.297222   118.162483  -1.092135
-21.455296   118.495438  -0.856545
-14.182510   121.006363  -1.456332
16.012928   137.537308  -4.399518
24.477543   143.585526  -5.112423
32.385391   150.221558  -5.420479
38.563328   156.666733  -5.924375
48.317329   168.233475  -5.981264
53.461643   175.250427  -7.170871
60.243282   187.659470  -8.511970
62.929638   194.535400  -8.614431
67.051460   205.653290  -10.216193
68.005165   213.331070  -11.142073
68.291710   219.742661  -12.839702
66.597755   228.129318  -14.737931
65.084373   231.987717  -15.586661
61.592228   238.823090  -16.191879
57.622940   242.623352  -16.695530
53.641251   245.714386  -17.491884
47.126030   249.709061  -18.804888
42.355648   251.575119  -19.143078
34.416496   253.658188  -19.099804
28.361185   252.748932  -19.319738
22.707602   250.858719  -19.988163
14.770627   245.763321  -20.943134
10.536325   241.712708  -21.439985
4.125145   232.680145  -20.891100
-0.212489   226.806152  -20.451662
-2.906909   222.608276  -19.765741
-7.748534   211.294830  -17.005175
-9.943903   205.501160  -15.475281
-12.174256   195.406754  -12.620873
-12.843398   188.253342  -10.746643
-12.877063   181.299271  -9.585711
-11.618724   169.909821  -8.330690
-10.343952   162.683517  -6.512702
-6.754488   152.588654  -4.088421
-3.509813   146.246658  -3.169805
4.202384   137.263626  0.073509
10.212730   133.752167  2.732898
15.992352   131.676987  3.188083
26.357786   129.955475  4.157430
32.751129   130.711807  4.205211
44.793331   133.215927  3.855252
52.633183   138.831787  2.945247
58.474400   141.530731  3.172828
67.284340   147.760727  2.826268
71.692871   153.008896  2.164398
79.149483   164.283356  0.825687
81.433907   172.577957  2.499738
83.137680   180.024002  2.678353
84.797600   191.468689  1.046254
84.965065   196.741730  -0.291670
84.508072   205.712845  -2.044814
84.037781   213.328018  -3.235279
83.612923   219.473511  -4.790303
82.656609   226.913589  -6.973683
81.947815   229.018234  -7.373907
80.922646   230.803223  -7.716738
80.049713   231.260193  -8.063996
79.605629   231.009064  -8.245112
78.901375   228.456406  -8.622175
78.414642   224.406006  -8.679300
77.861595   211.457520  -7.029313
78.188202   199.570099  -6.394926
78.632339   189.801346  -4.133158
80.364914   172.974747  0.605197
81.505875   163.209229  3.709095
82.769844   145.074982  8.842756
83.539978   134.671387  12.676173
83.194595   116.787796  19.337404
83.807152   102.230270  22.106050
83.617195   91.610420  24.896112
80.532112   74.420120  29.267336
79.824501   67.591042  31.383644
79.076416   62.021893  33.830059
79.059967   60.952412  34.240768
79.401154   61.099377  34.169029
79.693214   64.767097  31.674814
79.621040   71.393486  27.878084
79.348465   85.585777  20.566925
78.453102   101.061440  19.222820
78.239296   112.673431  15.172009
77.735367   131.863754  8.665090
76.519646   141.927261  5.952098
74.431747   158.057343  1.862603
74.315163   172.059464  -1.678851
74.714714   184.171310  -4.752822
73.464066   207.731201  -12.618518
75.278610   220.434708  -16.033827
77.477348   227.044403  -18.317104
79.489006   231.732468  -19.204556
83.376503   237.782608  -18.067663
86.235779   240.272415  -17.467827
90.584854   242.313461  -16.643044
94.608116   243.168823  -15.827723
101.298347   242.922729  -14.764159
105.541634   240.474930  -14.326088
108.385651   237.585663  -14.094712
110.328514   230.969025  -14.944106
109.824921   225.429764  -15.976083
106.114265   215.778656  -18.177174
99.586357   207.119980  -20.375647
91.929306   200.465927  -20.062872
78.891487   189.635117  -19.470201
70.652000   183.513168  -18.184624
57.698627   174.972092  -17.304256
49.278954   171.025818  -15.482966
43.678505   169.569946  -14.989025
35.655468   168.576187  -14.998672
32.438725   169.193558  -15.097618
29.302998   171.967758  -14.835597
28.482769   174.595490  -14.545198
28.129461   177.165283  -14.011732
27.849215   181.999207  -12.769450
28.094381   185.313629  -12.146163
29.314880   191.126480  -11.109962
30.341301   195.318527  -10.031365
31.863989   200.052948  -7.818677
33.926964   205.490555  -5.454077
35.880428   208.124207  -3.614143
38.165459   210.097198  -2.269591
38.504189   210.267929  -2.119152
38.639290   209.917679  -2.041333
39.501579   208.693054  -1.719383
40.329460   208.044083  -1.481961
57.463341   202.859009  0.548815
72.923988   200.158676  8.554627
74.792999   200.062500  9.766390
75.769241   191.880539  22.133446
