-83.451012   159.268219  70.000954
-83.493599   159.265533  69.967941
-83.385330   159.237198  69.782585
-81.715950   158.165878  66.620598
-81.154037   158.401535  65.033447
-80.992149   158.540436  64.646545
-81.145523   158.993790  64.563072
-81.251839   159.309509  64.508621
-82.978996   162.779953  65.796516
-84.532997   165.766205  67.635689
-84.556595   166.725845  67.432419
-84.348045   166.530609  67.458618
-84.170547   166.401321  67.452583
-84.025002   166.136978  67.564598
-83.918243   165.936417  67.639351
-84.072418   165.888672  68.014389
-84.984390   166.597870  69.383865
-84.581070   166.156158  69.496178
-84.390961   165.856689  69.627716
-84.246063   165.612579  69.483948
-84.183723   165.448471  69.116135
-82.394234   161.263031  66.798973
-81.400696   159.052582  65.594749
-80.681931   156.673218  65.294922
-80.329765   155.502411  65.155617
-80.120781   154.910217  65.085350
-79.989731   154.542343  65.044838
-79.850433   154.283600  65.032677
-79.700661   154.074036  65.036110
-78.552605   152.299728  65.156296
-77.795807   151.045776  65.205498
-77.446754   150.346817  65.158020
-77.291145   149.935089  65.094376
-77.147720   149.897354  65.053253
-77.072845   149.892853  64.991318
-77.103935   149.109055  64.990906
-77.160797   148.680679  64.853912
-77.212189   148.411667  64.775589
-77.328186   148.261353  64.649323
-77.639069   148.136810  64.628540
-78.164719   148.080933  64.570839
-78.827744   148.325500  64.348000
-84.175369   157.101868  66.325638
-85.775070   162.071808  65.311569
-86.580772   164.536407  62.884586
-87.341736   167.114029  62.938023
-88.420074   174.962234  60.141689
-88.713585   184.359634  56.852528
-92.515617   196.926651  58.077003
-94.434105   208.931793  59.058392
-95.015930   219.927643  58.727501
-94.764488   229.535690  57.356346
-94.052155   238.272186  56.133606
-92.970909   248.606995  53.890633
-91.837639   256.668030  52.519344
-91.241646   264.861633  51.860012
-89.373306   272.699799  51.513256
-87.070076   279.018890  50.356339
-84.445572   284.108948  49.899403
-82.218460   288.536591  50.543045
-78.298813   293.943726  50.715523
-75.529358   297.147888  50.496258
-72.417572   299.535858  50.956203
-69.252167   301.501678  51.215595
-65.032700   303.344971  51.556633
-62.816727   303.868103  51.483921
-59.889286   303.991699  51.192947
-56.614197   303.435364  51.033787
-51.332214   302.370575  52.023392
-49.110268   300.967651  52.257420
-45.887070   297.961182  52.757172
-43.277020   294.814087  52.875343
-39.582169   288.069275  53.615784
-38.727325   285.634613  53.826080
-38.249706   282.150024  54.064064
-36.968990   277.919678  54.550121
-36.560280   272.835815  55.865326
-36.960285   267.384308  57.329098
-37.607765   261.373993  58.344784
-38.400593   256.226410  58.908516
-39.897144   250.772598  59.211014
-41.370979   246.125488  59.844261
-43.726330   240.845749  60.770130
-46.320103   235.638565  61.394646
-48.640987   230.696640  62.162788
-50.897610   226.661346  62.449783
-53.405758   223.294083  62.981937
-55.864250   218.332977  63.620319
-57.786190   215.138168  63.730888
-60.326324   212.472137  63.345211
-63.516094   209.939789  63.278290
-66.900558   208.317398  63.722549
-69.430092   206.059433  65.466736
-71.946274   204.532486  66.514679
-75.345016   203.479782  67.664215
-77.587860   202.625854  68.552292
-79.888802   201.992355  69.137299
-82.006828   201.856110  69.115387
-83.562637   201.638702  68.856064
-84.654015   201.249359  69.455208
-85.201416   201.330063  69.720505
-85.811356   201.759979  69.917061
-86.282890   202.045685  70.055130
-86.556305   202.339661  70.127777
-86.683990   202.748962  70.169441
-86.592735   203.722839  70.191086
-85.862610   204.553223  70.127556
-85.066399   205.453949  70.168419
-80.854218   208.138168  68.267509
-79.362999   208.244995  67.871635
-77.291199   208.310516  67.292381
-74.898796   208.048569  66.760170
-73.408279   207.881622  66.446182
-70.814026   207.494278  66.164391
-67.890083   206.592575  65.881683
-65.578804   205.847412  65.269585
-62.250084   204.003052  63.236645
-59.988674   202.129364  63.214191
-58.132618   199.838806  63.291710
-56.637836   197.641953  63.642231
-54.470943   194.701767  64.279274
-52.181416   191.280090  65.303230
-51.166405   187.337326  67.161346
-49.034203   183.350769  68.315125
-47.430027   180.500931  69.333862
-45.751999   177.278152  70.258606
-43.157032   173.763824  71.446777
-40.874874   170.779068  72.627625
-38.775146   168.007385  73.655762
-36.961529   165.458496  74.158554
-34.069439   162.950699  74.762230
-31.484831   161.140442  74.778328
-28.660755   158.926971  75.021385
-25.807528   157.017960  75.692291
-23.116316   155.070496  76.608643
-19.343281   154.056366  76.084831
-16.472410   153.373779  76.281982
-13.962503   153.057800  76.516174
-12.278168   153.602829  76.632889
-9.957617   154.834106  76.784660
-6.758982   157.302017  76.456055
-4.212160   160.220703  75.840202
-1.609122   164.119110  75.324768
0.729253   168.749435  75.198128
2.311769   170.377075  75.471176
3.848361   173.691742  74.632523
4.760688   178.021210  74.641533
5.390034   183.010818  74.128670
5.355940   187.864639  72.732361
5.064071   193.340668  71.880470
4.425839   198.851074  70.679535
3.748977   204.165375  69.345772
2.673139   209.864105  67.817024
2.580872   216.255859  66.135773
1.987791   222.656143  64.162407
0.914486   228.981216  61.951775
-0.609978   234.980804  60.189308
-2.342302   241.130127  58.938110
-3.942355   247.157166  57.391697
-5.996511   253.384064  56.784039
-7.856657   258.822571  55.657669
-10.042101   264.381958  54.647205
-12.581589   269.409882  53.623314
-15.555259   274.945313  52.441578
-18.266741   280.522888  51.757526
-20.682297   285.689209  52.212376
-23.581865   290.201996  52.049309
-26.354410   294.628754  51.851280
-29.686470   299.639740  51.446865
-32.767204   303.962708  51.224274
-36.078480   307.866516  50.814316
-39.322903   311.141296  50.247974
-42.732395   314.670624  49.920986
-46.170319   317.416626  50.094440
-49.896561   319.602570  50.250751
-53.246887   321.782379  50.781303
-56.674305   323.643829  51.555573
-60.117428   325.222046  52.529434
-63.370823   326.699677  53.158955
-66.436287   327.064972  53.736153
-69.589859   327.171234  54.963394
-72.350502   327.421051  55.699318
-75.308266   327.404358  56.143768
-78.743858   326.601593  56.668346
-81.829262   325.512695  56.935997
-84.835335   324.385284  57.277813
-87.370438   322.326477  58.260872
-90.097290   320.261078  58.954952
-92.489624   317.295776  59.647404
-95.048645   314.101288  60.080452
-97.130249   310.827362  60.688019
-99.309113   306.766998  61.190304
-101.027634   302.280487  61.133533
-102.782036   297.655914  61.352924
-103.940887   292.835419  61.900181
-104.861290   287.547485  62.028034
-105.732239   282.581635  62.235455
-106.638802   277.580750  62.676418
-107.078247   271.600464  62.819012
-107.121399   265.099335  63.075291
-107.431129   259.551178  63.708706
-107.501694   253.570786  64.322433
-106.961609   246.952713  65.657494
-106.373787   240.367386  66.826355
-106.174416   234.491623  67.935036
-105.688843   228.817520  68.444817
-105.026894   222.789474  68.246078
-104.190887   217.611374  68.900162
-103.061913   211.997269  69.839378
-101.736092   206.505997  70.574196
-100.877533   201.925934  72.063454
-98.823372   196.247696  72.579498
-97.358887   190.619751  73.319565
-95.819016   186.196655  74.132935
-94.216011   181.921295  75.570984
-92.894257   177.984009  76.233467
-90.901703   173.760452  76.800903
-88.822327   169.857452  78.714630
-87.229462   166.404907  79.959106
-85.048737   162.792908  80.529953
-83.211594   159.276627  81.310059
-81.358543   156.521072  82.201027
-79.289375   153.372421  82.011559
-77.009506   150.863983  82.281487
-74.812759   148.437057  84.289871
-73.140869   146.554733  84.939247
-70.929245   145.174225  85.534874
-68.104324   143.266327  85.757538
-65.756805   141.863541  86.159187
-61.759716   139.824478  83.896164
-59.551632   140.175690  84.889404
-57.339703   139.532516  85.237053
-54.208534   139.607697  83.534042
-46.045216   138.925125  83.011200
-44.053398   138.896042  83.223015
-41.212479   139.229828  83.353127
-38.347473   139.736938  83.031303
-35.944157   140.602478  82.377258
-33.568195   142.287689  81.451462
-30.928968   144.740387  80.253380
-29.201092   146.227020  79.312508
-26.806372   148.322678  78.523476
-24.906895   150.090286  77.883087
-23.416536   151.499512  77.435791
-20.906006   155.674194  76.716080
-18.842665   158.806351  75.723030
-16.834848   161.644302  74.217567
-14.956787   164.326996  72.615044
-13.422873   166.169220  72.292618
-11.989059   169.199585  71.181236
-11.002118   171.250092  71.147629
-9.943605   174.761093  70.072052
-8.978989   178.548523  68.906631
-8.220471   182.408951  68.716431
-7.708302   186.230072  67.776283
-7.523117   189.553925  67.145256
-7.060142   193.350693  65.811127
-6.787154   197.365768  64.913048
-6.551707   201.888336  63.426510
-6.880541   206.141724  62.363884
-7.179017   210.384613  61.307377
-7.585789   214.842606  60.439018
-8.289553   218.763855  59.613678
-9.267192   222.870895  58.580269
-9.935479   226.816696  57.284908
-10.531404   230.322556  56.234669
-11.351262   233.820450  55.368790
-12.540084   238.838669  55.136570
-13.323730   243.092560  54.857925
-14.454222   247.180130  54.344357
-16.318766   251.283859  54.335175
-18.270510   255.026550  54.787975
-19.427116   258.958160  54.151695
-20.524504   262.889496  53.232628
-21.977398   266.908936  53.008587
-23.100494   270.275818  52.768581
-24.166134   274.040497  52.263935
-25.381323   277.543243  52.454010
-26.871084   281.180634  52.647472
-27.846617   284.065704  52.617527
-28.810621   286.693329  52.932220
-29.685701   289.318848  53.183151
-30.459574   291.211975  53.947208
-31.078827   292.983704  54.009289
-31.644037   294.465698  54.036068
-31.952204   295.427948  54.041622
-32.135197   296.279297  54.056740
-32.191158   297.141632  54.086655
-32.198856   297.761444  54.089859
-31.958950   298.092072  54.100693
-31.777853   298.156525  54.078537
-31.636736   297.982452  54.112740
-31.375656   297.495605  54.170498
-30.599581   295.635406  54.269672
-29.414675   292.725372  54.265099
-28.292150   289.032990  54.373756
-27.044865   284.891357  54.302448
-25.927404   280.955597  54.422840
-24.659679   276.690155  54.633080
-23.376738   271.618683  54.726814
-21.876312   266.570099  54.698517
-20.567551   260.868744  54.852844
-19.435795   254.908371  54.812656
-18.019684   249.936478  55.067329
-16.979317   244.396805  55.159523
-15.857798   239.030380  55.927528
-15.105083   233.997116  56.582348
-13.813068   228.572052  57.743752
-12.822606   222.825180  59.011574
-11.561798   217.086426  60.238819
-10.373285   211.572510  61.255295
-9.369280   206.006561  62.375576
-8.574519   201.132889  63.693092
-7.472474   196.900772  65.198586
-6.782548   192.314255  66.845940
-6.061688   188.328476  68.485313
-5.056450   184.534378  69.597679
-4.640629   180.883636  70.895676
-4.167499   177.983826  72.370956
-3.774011   175.418671  73.491241
-3.430993   172.679260  75.064568
-3.285521   171.399231  76.431114
-2.933853   170.959290  77.098236
-3.041371   170.223511  77.400543
-3.427905   169.593292  77.728447
-3.516731   169.336777  77.873291
-3.558502   169.240295  77.942680
-3.518665   169.832153  78.104706
-3.411803   170.684525  78.042267
-3.372348   171.410568  78.004311
-3.598799   172.464172  77.980865
-3.994944   175.972153  77.757210
-3.890247   181.138504  77.192635
-4.353359   186.045029  77.406136
-4.395806   190.796478  76.137413
-3.809941   195.521851  74.020363
-3.517515   200.361526  72.180458
-2.793653   205.973480  70.131264
-1.793579   211.427429  68.140083
-1.259700   215.922684  66.570816
-0.409841   220.104111  65.115715
0.469476   224.826233  63.396465
1.749518   229.229309  62.453503
2.597540   233.198929  61.053204
3.478449   236.648666  60.284767
4.020894   240.269623  59.048901
4.810557   243.827637  58.275864
6.155717   247.672043  57.295273
7.239155   251.266693  57.047050
8.130665   253.938995  56.925438
8.851650   255.768311  56.701214
9.814539   257.656708  55.844913
11.032904   259.007050  54.769104
11.819946   259.778168  54.238388
12.419970   260.329132  53.860516
13.388730   260.947937  52.982018
14.291698   260.723907  52.075760
14.888428   260.639709  51.501587
15.742267   258.459717  50.853855
16.027037   257.641418  50.445381
16.289776   256.177582  50.001785
16.447523   253.668991  49.616798
16.302500   250.152206  49.184696
15.462485   246.276642  49.200901
14.211774   242.292206  49.169334
12.796973   238.690750  49.474098
11.293475   235.400040  49.807556
9.313344   231.772568  50.624840
7.516784   228.097687  51.072998
5.688694   225.393799  52.040894
3.681105   222.388763  52.557102
1.517576   219.139801  52.666920
-0.967849   216.053162  53.513805
-3.042843   213.854752  54.841869
-5.165104   210.928329  55.156704
-7.268199   208.197021  55.392624
-9.626424   206.191788  56.287254
-11.205167   205.360580  57.681110
-13.007307   203.279556  57.937393
-14.491518   201.436310  58.639084
-16.042532   199.617889  59.266079
-17.514973   197.886276  59.979404
-18.956829   196.284683  60.477501
-20.326000   194.303696  60.943119
-21.596609   192.440338  61.575069
-22.987680   190.840225  62.001263
-23.961609   189.580856  61.839420
-24.689308   188.665421  62.577152
-25.179348   188.129471  62.906895
-25.595810   187.752090  62.923809
-25.944157   187.216019  62.907005
-26.191343   186.971207  62.915730
-26.413349   186.983948  62.755299
-26.462982   187.060410  62.578075
-26.501902   187.159256  62.457623
-26.659597   187.228500  62.490288
-26.594662   187.416336  62.416588
-26.267122   187.690750  62.091320
-25.760483   188.365005  61.769165
-25.296366   188.915527  61.501808
-24.491005   189.441711  60.969517
-23.430902   190.188126  60.455883
-22.642611   190.642334  60.978600
-21.753990   191.383667  60.828793
-20.739180   191.692291  60.452637
-19.298866   192.571472  60.447876
-18.275215   192.655960  60.344032
-16.459112   193.203140  59.940506
-14.654056   193.860718  59.629021
-13.286713   193.617889  59.304077
-11.860345   193.101730  59.025036
-10.053857   192.756851  59.292439
-8.109266   192.405624  59.793011
-6.175829   191.148788  60.738712
-4.113120   190.079437  60.959412
-2.160012   188.679428  61.616409
-0.345889   187.824753  62.525909
1.828382   186.754349  62.585831
3.886394   185.562408  63.440403
6.027861   184.781464  64.076782
8.083344   183.996765  64.381042
9.961398   183.275055  64.735924
11.722635   182.494995  64.977509
13.182613   181.860214  65.418816
15.027384   180.876404  66.312347
16.642176   179.647247  67.038170
18.426050   178.127625  67.974327
19.866701   176.664078  69.046814
20.652746   175.755188  69.686569
21.560778   174.484879  70.021706
22.664066   172.764435  70.008026
23.346516   171.595947  70.072014
24.048786   170.410706  70.390984
24.463511   169.257416  70.790825
24.982462   168.156754  71.138039
25.484509   167.159058  71.478973
25.903708   166.185043  71.890778
26.387209   165.365936  72.352211
26.873249   164.646378  72.748566
27.272320   164.061966  73.053154
28.009874   163.475540  73.384567
28.628258   163.046295  73.599716
29.160889   162.646835  73.760033
29.825932   162.190811  73.911240
31.086481   161.932983  74.229767
32.417316   161.869705  74.546196
33.807358   161.890945  74.571541
35.232445   162.115158  74.478218
36.819122   162.386688  74.295898
38.869419   162.856613  73.721397
40.664303   163.434235  73.125778
42.571278   164.220718  72.780937
44.943401   165.009216  72.182846
46.659100   165.953232  71.596352
48.084663   167.005234  70.905350
49.339184   168.531326  70.073830
50.079765   169.413864  69.611214
51.233337   171.482864  68.923668
51.918251   173.857544  67.957115
52.534389   176.331146  67.404152
53.176258   178.632050  66.600998
53.281315   180.465668  65.708656
53.486488   182.815506  64.613197
53.341969   184.647598  63.700974
53.050671   186.602615  62.466965
52.509773   188.892853  61.767982
51.297546   191.126740  61.154583
50.099682   193.364670  60.668594
48.930119   195.285309  60.131832
47.503544   197.559555  59.912895
45.700531   199.751419  59.403702
43.979485   201.884766  58.854759
41.733463   203.480621  58.701141
39.596767   204.913849  58.615654
37.706604   206.518280  58.253105
35.868343   207.710373  57.816856
34.055672   208.897446  57.436867
31.945223   209.849976  57.079521
29.880507   210.712677  56.879898
27.672434   211.311600  56.788326
25.441175   211.958496  56.853207
23.316353   212.533432  56.855164
21.244883   212.356506  57.048897
15.652460   210.755173  57.914082
14.133548   210.165161  58.360390
12.212151   209.791000  60.003139
10.655914   208.527328  61.216347
9.272870   206.787506  63.583668
8.512883   204.815292  64.481514
7.964767   202.134018  65.899368
7.531432   198.953537  67.491142
7.663873   195.438736  69.311691
7.933864   193.143738  70.584190
9.859374   189.943161  70.898155
11.461153   187.105148  71.758240
13.162014   184.028519  72.701187
14.808428   182.074036  73.100670
17.117586   179.932983  73.472984
19.754906   177.481979  73.314369
22.477989   176.169586  73.819099
24.781050   175.067276  74.466949
27.572594   173.912354  74.581924
30.405401   173.067017  74.261528
33.125755   172.591293  73.663376
35.041924   172.325516  73.412895
37.009323   172.902176  72.964569
38.754601   173.984406  72.922028
40.278202   175.017715  72.396439
41.458004   176.280457  71.995132
42.220943   177.531097  71.799446
42.998478   179.219650  71.289139
43.547260   180.899292  71.100403
43.640659   182.552979  71.026787
43.635857   182.890518  70.922516
43.492470   184.571259  70.585617
43.341885   185.798584  70.507027
43.240299   186.572906  70.460258
43.164780   187.156799  70.425591
43.105747   187.623505  70.402779
43.063034   187.980591  70.401299
43.035831   188.166443  70.457397
43.166550   188.334732  70.552017
43.450550   188.187073  70.540428
43.955914   187.466644  70.885971
45.024258   186.230789  71.070900
46.735699   184.565002  71.729370
48.994549   182.736267  72.226143
51.524765   181.070053  72.809341
54.164021   179.337204  73.492592
57.704819   176.975388  73.939453
61.137070   174.986435  74.131157
64.197784   173.516907  74.658188
67.257339   172.098663  75.311470
71.040390   170.861053  75.165100
74.180336   169.928543  75.275818
77.832222   169.352997  75.197533
81.343933   168.625488  74.844620
85.474770   168.457169  74.326164
88.607574   169.231400  74.591621
90.383644   170.232391  74.581512
92.287598   172.200211  74.942917
94.368240   174.824585  74.794510
96.007256   177.058792  74.443764
98.624184   180.812988  73.560341
101.364555   185.793732  72.783745
102.479332   190.741928  72.518417
103.686050   195.882797  72.009697
104.422340   200.500824  71.061066
104.796021   205.836044  70.169067
104.783607   211.195038  69.538895
105.178955   216.444778  67.095665
104.930061   221.397476  65.615570
104.821770   227.226639  64.595085
104.172668   233.278732  63.449940
103.309677   238.730576  62.088924
101.408188   244.111603  60.029133
100.145676   249.026550  57.692158
99.212097   253.528580  55.737679
97.266350   257.557953  55.493710
95.460663   261.221710  55.004635
93.726082   264.637329  54.759876
92.022720   267.580353  54.513321
89.967377   270.667328  54.656746
87.277466   273.362854  54.329556
85.153076   275.347595  53.733559
83.745956   276.788788  53.350178
82.391457   277.945190  53.269882
80.946968   278.035004  52.598335
79.957947   277.589478  52.211330
79.506882   277.105804  52.225327
79.222359   276.697845  52.200760
78.773003   275.733093  52.565258
78.179283   274.174042  52.863857
77.177757   270.496185  53.624939
76.311134   265.913361  54.229702
76.244614   262.220306  55.006481
75.588860   256.816986  56.823421
75.634369   251.983475  57.967636
75.805214   246.804810  58.898403
76.454346   241.366669  60.370831
77.531036   235.749527  61.630306
78.558990   229.944290  63.384819
79.906639   223.925903  65.117165
81.444962   219.076569  67.730682
83.107216   213.196350  69.147537
84.456451   206.903412  70.461967
85.994789   201.318954  71.876923
87.670044   196.149139  73.466812
89.618446   191.503006  75.440544
91.303833   186.099014  76.458595
92.644524   180.133865  77.070114
94.465134   175.409332  78.267311
95.691795   170.352814  79.796120
96.323524   166.267883  80.406250
97.381577   162.221054  82.092384
98.953644   158.787506  84.181068
99.998329   154.779205  85.676056
100.831902   151.507736  87.000038
101.735008   147.224548  88.247948
102.185600   144.220688  88.984879
102.556831   141.354813  90.361435
103.010223   138.794144  91.736946
103.673973   136.154541  92.847885
103.301521   134.848312  94.464500
103.466087   133.898727  95.645569
103.850960   133.110596  96.401611
104.163979   132.291489  97.085983
104.226738   130.315720  97.721870
104.603020   129.067505  98.558075
104.394852   128.714691  98.773643
104.252045   128.273819  99.095764
104.152679   128.065308  99.298973
104.110214   128.009369  99.368301
103.935310   127.955109  99.318054
103.944748   128.107666  99.183533
104.012505   128.421356  99.091713
104.029373   128.846909  99.068298
103.842484   129.181580  98.817924
103.614746   129.544556  98.460388
102.963120   130.198090  97.984451
102.919807   131.282608  97.450348
102.341667   132.487900  96.874702
101.924088   133.475082  96.414757
101.654358   134.640808  95.949554
101.582565   136.042709  95.188583
101.142281   137.330154  94.521820
101.445549   138.520401  94.011238
101.651657   139.237503  93.711617
101.915062   140.072678  93.336365
102.235199   141.157166  92.898911
102.489990   142.070190  92.506157
102.704163   142.842941  92.154343
103.012276   144.460281  92.190323
103.108330   145.803421  92.085495
102.953377   146.603775  91.697800
102.686012   147.013748  91.335335
102.585884   147.716003  91.035141
102.408058   148.457825  90.818733
102.065323   149.620346  90.714005
101.126244   150.177139  90.545738
100.583595   150.562683  90.409775
98.573410   150.962738  90.658646
96.219017   151.802887  90.869980
94.322052   152.746979  90.977242
91.454750   153.189407  91.443878
88.663246   153.762451  91.772774
86.066093   154.096542  91.821396
82.087463   153.954071  91.939667
78.391884   153.329697  91.782211
73.983284   152.673965  91.941933
69.799706   152.169083  92.389977
64.996521   151.220139  90.932884
60.918999   150.974365  91.020386
56.992962   152.217102  92.816032
52.802711   152.494888  93.570763
49.397171   152.265167  94.205727
44.313572   152.321808  95.940498
39.365547   152.160156  97.033844
34.425446   151.858551  97.556000
29.207102   150.940323  97.999977
24.779169   150.306702  98.036392
20.614750   149.626465  97.576973
15.965185   148.362076  99.860222
11.595409   147.003281  100.905121
6.961678   145.508041  101.195786
2.918242   143.859833  102.146545
-1.144855   142.843719  102.841621
-4.645803   141.875473  103.314919
-7.720873   140.384445  103.065079
-9.543624   139.652039  102.876785
-11.901652   137.319351  102.821709
-13.466271   135.864426  102.895973
-14.989945   134.704651  102.652847
-15.863297   133.608734  102.570175
-16.427355   133.013046  102.498146
-16.785326   132.703262  102.469627
-16.857939   132.489624  102.465065
-16.720654   132.303253  102.531975
-15.418151   132.779282  102.842049
-13.551310   133.578445  103.191444
-11.045937   134.480301  103.253487
-8.167258   135.070816  103.532623
-4.535038   135.818985  103.578430
-1.748193   136.365234  103.335510
3.077836   138.109650  102.310745
7.727014   139.173935  101.509384
12.163349   141.108383  100.353462
15.514033   142.454041  99.349014
21.487274   144.530746  97.169991
26.082502   144.391464  95.651833
31.220079   145.818939  95.638206
38.071331   148.553650  94.490318
43.293449   149.797623  93.197708
47.693134   150.282333  92.737602
52.103294   150.951584  91.872520
56.048794   151.813202  91.025017
60.896034   153.181412  89.756332
65.246849   154.644043  88.743782
69.864319   156.743790  87.406418
74.144821   159.030807  86.628235
79.174683   161.933365  85.790138
83.945877   163.428146  84.856644
88.215187   165.449188  84.568504
92.638931   167.102997  84.697441
95.683380   168.028549  84.368073
98.533180   169.313873  84.087494
101.781967   170.893738  83.748230
106.110222   172.597427  82.978432
109.909035   173.475891  81.585083
113.295387   176.059448  81.906105
115.270508   177.128586  82.239586
116.466019   177.664246  82.532036
118.366127   179.302155  82.908455
119.830482   180.986069  83.605820
120.737350   181.814392  84.101196
121.274521   182.148758  84.436348
121.555298   182.260574  84.794556
121.503464   182.195374  84.757973
121.204811   182.014343  84.576714
120.846115   181.679031  84.300446
119.368729   180.427734  83.984917
118.207977   178.864441  82.761551
116.949432   177.637451  80.827255
116.351074   177.859619  80.493065
113.780365   176.399658  80.164101
112.067329   175.242325  79.717941
109.925880   173.683487  79.578041
105.281090   171.102356  80.319153
101.744026   169.618332  80.788780
93.829567   167.338669  82.660072
86.235191   167.840652  84.817177
79.554398   168.132385  86.378807
72.130302   166.656677  87.432060
53.365940   163.394943  91.891548
49.855129   162.678986  93.177567
45.826000   162.109741  94.151962
40.922016   160.530579  94.630371
37.630474   158.681900  94.669884
33.812374   156.888138  95.526672
31.051235   156.533783  94.935402
26.080627   154.884995  95.683685
21.094664   153.503815  96.316589
17.035557   152.399551  97.134949
13.881516   151.436447  97.633247
10.318229   149.543320  98.118362
7.453364   148.398315  98.629028
4.955655   147.677292  99.193863
2.540439   146.623886  99.898712
1.017867   145.603577  100.026810
-0.277810   144.270081  100.175636
-1.833530   142.424591  100.236458
-2.796890   141.971497  100.397163
-3.462453   141.720078  100.510178
-4.030558   141.492645  100.594276
-5.077408   140.952881  100.817955
-6.521993   140.210449  101.128090
-7.844218   139.360199  101.429100
-8.694264   138.890793  101.647240
-9.275028   138.604034  101.752823
-9.782532   138.101974  101.756531
-10.516277   137.179398  101.640755
-11.013836   136.730804  101.636269
-11.649418   136.475815  101.675781
-12.179504   136.225494  101.587341
-12.736709   135.773499  101.524429
-13.170447   135.405045  101.485954
-13.601547   135.190140  101.406044
-13.974002   135.214020  101.648232
-14.348316   135.245193  101.800949
-14.738850   135.308685  101.839241
-15.059404   135.346176  101.854179
-15.419990   135.175858  101.876488
-15.769973   135.054565  101.870064
-16.032351   134.941025  101.876099
-16.239649   134.847183  101.883072
-16.501181   134.778976  101.862137
-16.780664   134.726425  101.827637
-17.099888   134.707855  101.766594
-17.412424   134.706726  101.699768
-17.719263   134.718231  101.627968
-18.042822   134.631653  101.555023
-18.339586   134.571762  101.482544
-18.527985   134.503571  101.445930
-18.613661   134.509384  101.429932
-18.869425   134.600723  101.335182
-18.997456   134.677750  101.228531
-19.199888   134.798096  101.093445
-19.398497   134.926270  100.963097
-19.538898   135.235214  101.039803
-19.621754   135.526382  100.910812
-19.327093   136.039185  100.945381
-18.746098   135.498352  101.086388
-18.730412   135.410660  101.003296
-18.993177   135.684586  100.804451
-19.235544   136.073303  100.647324
-19.303398   137.014313  100.821480
-20.056442   137.847778  101.372971
-20.636997   139.182373  101.431190
-21.300549   140.596161  102.208145
-21.958023   142.164993  103.116463
-25.500002   145.482513  104.262245
-26.963758   147.017960  107.866692
-29.939493   152.311340  108.025604
-31.067616   154.511002  108.120033
-35.989700   168.299683  147.477707
-31.317125   164.777435  134.772842
-22.932449   169.068878  127.723465
-20.614973   171.487534  124.934158
-19.846083   173.236237  123.906898
-19.305775   174.464294  124.919884
-19.232182   175.731339  124.876984
-19.576351   175.108582  124.956825
-19.991129   174.160233  125.445511
-20.839725   174.481491  125.661011
-21.857542   175.119278  125.594650
-22.707224   175.459412  125.537598
-23.576303   175.698776  125.461670
-24.431162   175.966293  125.219803
-25.322374   176.149765  125.058098
-26.094391   176.434280  124.740158
-26.899332   176.709167  124.405396
-27.572758   176.904297  124.129555
-28.410334   177.024155  123.738335
-29.243916   177.105591  123.328644
-30.148638   177.220673  122.590561
-31.266077   177.148209  121.913078
-32.574829   176.591766  120.712265
-33.295021   180.126724  119.101196
-34.372173   179.578796  116.960968
-35.487438   178.962067  115.573265
-36.450375   178.664383  114.711182
-36.972469   178.518585  114.251129
-37.734924   178.045929  113.552826
-38.920624   177.802399  112.285660
-40.157692   176.629562  110.854347
-41.724010   175.953461  110.164078
-42.983425   175.180893  109.584801
