-51.735443   177.954483  50.709183
-51.743912   177.956696  50.643169
-51.734165   177.957596  50.614292
-51.724056   177.950256  50.583645
-51.721012   177.923172  50.554401
-51.724167   177.902298  50.533558
-51.731750   177.887299  50.521034
-51.753620   177.867126  50.491505
-51.775192   177.857758  50.469837
-51.804199   177.836899  50.439827
-51.819263   177.825348  50.414898
-51.832195   177.815170  50.392082
-52.025391   177.894363  50.397743
-52.171867   177.968933  50.381046
-52.251980   178.026474  50.352692
-52.255051   178.030487  50.325275
-52.300240   178.026688  50.300137
-52.343002   177.960144  50.222847
-52.358116   177.932617  50.187332
-52.365959   177.914978  50.153042
-52.415737   177.894073  50.122616
-52.414253   177.888107  50.098778
-52.403732   177.893494  50.085720
-52.394497   177.898331  50.076347
-52.386124   177.907700  50.068398
-52.389763   177.842346  50.050114
-52.382957   177.735519  50.014698
-52.372993   177.660309  49.988892
-52.392509   177.645111  49.995056
-52.404675   177.634827  49.990330
-52.411396   177.628860  49.982468
-52.413784   177.620438  49.976685
-52.416260   177.606506  49.976395
-52.406124   177.600677  49.977886
-52.400330   177.603943  49.975380
-52.516739   177.719513  49.950050
-52.509762   177.719238  49.937855
-52.469707   177.719254  49.870834
-52.489952   177.814011  49.786896
-52.503910   177.927933  49.688248
-52.447277   178.000732  49.629604
-52.413158   178.038940  49.565521
-52.393036   178.070847  49.498306
-52.378780   178.097351  49.427860
-52.363605   178.123703  49.370811
-52.409832   178.109131  49.298393
-52.423538   178.106247  49.249214
-52.430592   178.097855  49.203129
-52.432961   178.104507  49.171875
-52.418644   178.120163  49.145836
-52.412888   178.105026  49.103897
-52.393250   178.119171  49.071369
-52.386349   178.099915  49.042404
-52.421528   178.093887  49.069164
-52.429684   178.072617  49.090462
-52.437733   178.044403  49.103790
-52.501747   178.010513  49.167942
-52.480907   177.970901  49.187351
-52.459099   177.940704  49.208885
-52.445881   177.943680  49.233387
-52.430496   177.914032  49.307175
-52.414707   177.905807  49.397350
-52.404381   177.918549  49.441231
-52.228954   177.548630  49.465759
-52.230267   177.646530  49.503719
-52.209381   177.848007  49.568501
-52.173866   177.972198  49.608604
-52.118290   178.266174  49.692825
-52.081486   178.372406  49.717655
-52.006649   178.440536  49.681858
-51.914261   178.517639  49.645935
-51.830212   178.590561  49.620338
-51.739735   178.698807  49.614010
-51.672756   178.966812  49.678806
-51.600540   179.099014  49.675381
-51.599133   179.499374  49.729420
-51.542927   179.628540  49.702709
-51.373348   180.039719  49.185513
-51.459534   180.211304  49.067863
-51.581753   180.554550  49.055603
-51.669083   180.683441  49.140900
-51.933945   180.815948  49.316414
-52.088562   181.023422  49.438667
-52.209995   181.126465  49.514595
-52.362160   181.325867  49.605556
-53.049225   181.538605  49.805565
-54.810905   181.868973  50.519104
-55.895309   181.960602  51.040958
-58.914631   181.303741  51.768082
-60.572086   180.868561  52.367611
-62.690704   180.060303  52.960876
-65.240074   178.993866  53.870010
-68.638618   176.725357  54.475754
-69.497932   175.967072  54.500160
-71.623543   173.744568  54.751225
-74.068123   170.378311  55.051376
-76.518181   165.267395  54.967751
-77.328377   163.007401  54.805695
-78.205635   160.447601  54.617321
-79.469849   155.543884  54.205345
-79.125061   149.123337  53.896740
-78.538155   146.590408  53.682869
-75.446976   141.648087  52.876560
-73.610306   139.071762  52.371670
-68.076691   134.576630  50.596848
-65.776489   133.332275  49.769493
-62.908298   132.085983  48.930168
-58.297939   130.362900  47.586105
-55.847584   130.154434  47.158077
-50.288651   130.844543  46.311192
-48.032326   130.959961  46.157448
-44.755402   131.637970  46.066532
-41.467564   132.651520  45.775925
-40.012779   133.240494  45.665344
-38.319485   134.106583  45.508453
-36.595333   135.465256  45.291203
-34.640362   138.351990  44.959782
-33.971825   140.033279  44.658627
-33.647564   142.022263  44.593880
-34.054218   145.332336  44.829468
-34.209759   146.653732  44.948441
-37.734077   150.478592  46.032837
-39.221119   152.022278  46.732288
-41.799484   153.912125  48.034485
-43.946659   154.948151  49.015308
-49.097008   156.404144  50.920609
-50.940041   156.827713  51.627705
-52.702271   157.110809  52.060318
-54.029640   157.344971  52.240864
-55.301586   157.649948  52.546303
-56.063301   157.906769  52.566498
-56.190125   158.290909  52.453724
-56.012905   158.512543  52.340942
-55.611897   158.737457  52.257492
-51.923416   160.319992  51.106464
-46.920467   162.472504  50.231258
-44.630516   163.213348  49.551136
-39.216965   165.132339  48.209427
-36.631718   165.847443  47.363197
-30.295404   167.505402  45.601009
-25.257145   169.020157  44.964954
-23.325375   169.858536  45.057499
-21.549852   170.402039  45.206417
-19.601866   171.461639  45.657955
-19.135773   171.962219  46.101925
-18.603796   172.621750  46.825256
-18.577303   172.715942  47.040695
-18.622438   172.471603  47.302200
-18.906654   170.959717  47.400951
-19.086790   169.301300  47.776253
-19.488665   166.353745  47.926636
-20.279388   159.482285  47.402561
-20.416668   156.440903  47.154358
-20.611134   150.300339  47.104923
-20.472256   143.375061  47.187469
-20.054958   139.509964  47.581619
-19.210167   133.180969  48.109428
-16.923388   119.763206  47.556038
-15.871426   114.820313  47.673092
-13.813495   107.072304  47.029018
-11.914402   101.908966  46.348507
-7.115971   97.991600  45.394115
-5.300520   97.243538  44.819969
-1.516961   97.383972  43.379288
0.278312   97.956963  42.634712
3.192769   100.135826  41.211330
4.301151   101.415527  39.814304
5.460207   103.130112  38.674042
6.390486   106.345474  37.634441
7.202961   108.750435  36.988293
8.208464   116.746597  35.527431
8.734747   120.513969  35.265186
8.861785   125.024124  35.097870
8.838056   129.660797  35.242966
8.599869   134.347549  35.847687
8.187675   141.020966  36.448883
8.119793   144.343262  36.947300
7.362713   152.217407  38.457466
6.815232   155.999908  39.359497
4.778533   169.415039  41.910858
4.129994   173.074295  42.519588
3.495255   177.213867  43.388233
2.518386   182.784607  44.899689
1.690661   186.568665  45.230984
0.647869   190.985931  45.467999
-0.886274   197.232208  46.548653
-1.531456   199.349686  46.987061
-1.636427   201.080368  47.529602
-1.884981   202.350494  47.891365
-2.131619   203.802185  48.366657
-2.429475   204.822159  48.757561
-2.584401   205.504288  48.869003
-2.731133   206.037323  48.691025
-2.740704   205.953964  48.831242
-2.856511   205.393112  48.674450
-2.804974   202.897156  48.150818
-2.694435   200.805481  47.859440
-2.611783   194.680771  46.309235
-2.551737   189.978851  45.814705
-3.230308   175.691071  44.347286
-3.521757   169.828262  44.140930
-4.085825   155.665482  43.988152
-4.195395   149.999619  43.629520
-4.641533   144.913681  43.429287
-5.262745   135.623230  42.532158
-5.856864   131.678665  42.028385
-6.601810   127.653915  41.249561
-7.073685   123.846786  41.693798
-6.890516   122.658119  41.687099
-6.774476   121.856056  41.691181
-6.146545   121.601059  41.483524
-5.603346   121.987175  40.852760
-3.412214   125.424980  39.722244
-2.189392   127.361572  39.293194
2.805514   134.403290  38.284588
6.435889   138.468506  38.759724
13.872323   147.838120  39.608269
16.657953   151.497635  40.197430
23.445913   160.811432  40.361889
25.914474   164.374512  40.572697
28.778744   167.805801  40.157337
31.529877   171.176285  39.925648
35.883392   175.990341  39.287922
37.945683   178.038788  38.614838
39.846069   180.186493  38.265285
41.139404   181.702332  38.283539
42.943501   183.747849  39.562534
43.875477   184.881653  40.204952
44.974270   185.893372  40.757462
45.375366   186.102692  40.820313
45.548233   185.905579  40.732529
45.506245   185.516418  40.672001
44.736797   183.951691  40.286240
43.903473   182.373306  39.825996
41.709801   179.279739  39.011013
35.539970   171.980606  37.243397
29.878540   166.949524  36.171741
11.425536   150.000443  37.291206
5.734559   145.712326  36.618279
-3.593347   137.821442  38.951084
-8.855124   132.353546  39.927494
-12.054407   129.404099  40.996220
-12.875249   128.624619  41.256325
-13.481384   128.266968  41.345726
-13.546762   128.389709  41.315922
-13.078262   129.236115  41.170830
-12.442865   129.969940  41.005859
-11.417116   130.960083  40.804539
-6.819299   133.958694  40.517708
-1.694763   136.533249  39.794838
9.143211   139.290161  37.997429
12.262499   139.652527  37.469940
16.548824   138.836594  36.137276
24.985497   136.161255  34.291275
30.989042   130.929123  33.723492
36.501720   124.100426  32.851826
38.394688   120.772469  33.268227
39.810371   117.295273  34.128864
42.974602   111.659355  34.971767
44.581478   107.322662  35.114338
44.836952   105.003632  35.018559
43.914215   101.984497  35.252163
42.271084   101.055916  35.522106
40.485050   100.929306  35.755562
35.467525   101.646118  36.382565
31.565121   101.782318  36.889824
20.243670   102.181633  38.802319
14.676658   101.655846  39.829506
8.862957   100.668930  41.011822
-5.862985   98.341606  44.996857
-9.957746   97.909821  46.494965
-14.489219   96.673798  48.578327
-20.656483   95.233932  51.532009
-32.802887   91.784950  56.638351
-37.661285   90.083412  59.291100
-49.217228   85.889839  67.206757
-53.727791   83.911079  68.888000
-63.996788   80.579796  72.215027
-68.185799   78.776634  73.324440
-71.154961   78.231728  74.711845
-72.718597   78.478905  75.322655
-74.983292   80.533058  75.658310
-76.908386   84.029343  75.587067
-77.347679   84.845657  75.617889
-77.494141   85.852127  75.389397
-77.564735   86.594559  75.204712
-76.338295   88.444458  74.589294
-71.634445   91.364258  71.336365
-68.756653   92.088409  68.995911
-63.871048   92.951263  65.393974
-48.020611   95.467094  56.810753
-39.577324   98.059128  53.295269
-16.337130   105.102554  44.944695
-6.687167   107.524620  42.373825
2.530659   109.960968  40.635368
12.090300   112.000183  39.176323
21.229990   113.854378  38.263538
32.869415   115.687172  37.513809
39.102188   116.164711  37.358734
50.836819   118.108299  37.989929
56.136501   119.287331  38.030640
60.276562   119.756248  39.072361
66.929001   120.817154  40.451607
69.527252   121.389160  40.957119
73.381714   122.215904  41.850048
74.595741   122.558800  42.238800
76.578415   123.156265  43.046017
77.175430   123.400993  43.394085
78.001457   124.127319  43.728378
78.354080   124.580154  43.824387
78.743759   125.041512  43.910156
78.928520   125.318413  43.862213
79.003891   125.456947  43.797424
79.054314   125.542717  43.756824
79.068085   125.588913  43.705498
79.090363   125.627556  43.714722
79.049911   125.691299  43.684113
78.986885   125.722786  43.465500
78.767639   125.703064  43.301529
78.557556   125.751022  43.288605
78.220146   125.811043  43.285236
78.014572   125.840401  43.298439
77.777016   125.864990  43.364235
77.434410   125.925079  43.414837
77.125183   126.079468  43.448792
76.848740   126.167061  43.518421
76.757217   126.205971  43.525555
76.652718   126.218033  43.539745
76.555000   126.244324  43.505493
76.484200   126.314888  43.499832
76.364410   126.339485  43.517792
76.239738   126.360031  43.532757
76.078987   126.368431  43.561325
75.800446   126.392181  43.588463
75.650757   126.403526  43.602776
75.564331   126.418007  43.594238
75.222839   126.472740  43.636780
75.144066   126.459114  43.633785
74.842949   126.405373  43.498394
74.793404   126.406311  43.485069
74.783287   126.417587  43.477718
74.707451   126.433167  43.468761
74.500168   126.450333  43.477116
74.065041   126.474419  43.498970
73.803940   126.493759  43.531319
73.704277   126.498688  43.545174
73.578651   126.509499  43.563255
73.405228   126.503960  43.463848
73.344505   126.495102  43.443165
73.280685   126.483749  43.430286
73.187317   126.463959  43.411171
73.103989   126.446915  43.394043
73.033646   126.435623  43.379608
72.969994   126.422966  43.365997
