-56.854477   178.211182  -30.663450
-56.772678   178.150574  -30.792152
-56.679916   178.087921  -30.872307
-56.548439   178.007202  -31.008236
-56.451969   177.951355  -31.105469
-56.354324   177.897552  -31.173492
-56.291840   177.860641  -31.218395
-56.203560   177.815796  -31.281389
-56.154110   177.790817  -31.315197
-56.118267   177.774460  -31.340410
-56.078732   177.743744  -31.369041
-56.055061   177.728119  -31.384491
-56.025677   177.700714  -31.405731
-56.011486   177.682251  -31.417068
-56.006863   177.662796  -31.423594
-56.001244   177.635071  -31.432266
-56.007706   177.619507  -31.431513
-56.027184   177.580933  -31.426786
-56.034363   177.558929  -31.422873
-56.032646   177.532120  -31.422331
-56.024876   177.500214  -31.423286
-56.023865   177.481110  -31.419468
-56.004219   177.446808  -31.419096
-55.988533   177.426544  -31.414997
-55.950027   177.385147  -31.416527
-55.930672   177.362183  -31.414742
-55.751320   176.846375  -31.515537
-55.741680   176.377090  -31.759714
-55.795795   176.303436  -31.942419
-55.882458   176.456528  -32.178635
-55.962837   176.659454  -32.295746
-56.017937   176.821793  -32.335930
-56.050224   176.919006  -32.385571
-56.061069   176.939453  -32.411694
-56.089993   177.011459  -32.448513
-56.105522   177.034119  -32.472095
-56.117958   177.061951  -32.487503
-56.137638   177.114899  -32.508678
-56.143864   177.168625  -32.509068
-56.120358   177.205292  -32.506828
-56.082737   177.219421  -32.500305
-56.026691   177.237930  -32.485409
-55.875134   177.257538  -32.431366
-55.789307   177.281311  -32.394939
-55.636631   177.292114  -32.302746
-55.541195   177.289627  -32.227806
-55.454109   177.300369  -32.162571
-55.347080   177.322327  -32.077522
-55.300232   177.333237  -32.038979
-55.233624   177.364548  -31.968597
-55.197903   177.388138  -31.926348
-55.142540   177.416794  -31.879213
-55.048115   177.452805  -31.800013
-55.005589   177.477371  -31.762136
-54.941727   177.502853  -31.706326
-54.908306   177.525497  -31.672985
-54.823608   177.566193  -31.599417
-54.803452   177.581207  -31.578506
-54.764797   177.623184  -31.529465
-54.745850   177.637375  -31.507298
-54.714764   177.655212  -31.473242
-54.690464   177.659302  -31.451433
-54.655174   177.658798  -31.426012
-54.578732   177.656036  -31.376097
-54.542381   177.654877  -31.351135
-54.480961   177.666519  -31.320332
-54.446377   177.674393  -31.301359
-54.410885   177.683899  -31.298006
-54.334267   177.690353  -31.290674
-54.292297   177.696350  -31.290943
-54.211475   177.695190  -31.300301
-54.164261   177.694031  -31.306080
-54.128658   177.697433  -31.309788
-54.082436   177.707199  -31.314182
-54.063602   177.716614  -31.314991
-53.969105   177.455017  -31.452879
-54.001766   177.507721  -31.439438
-54.050434   177.560684  -31.428566
-54.136181   177.651855  -31.404875
-54.180534   177.685242  -31.393112
-54.312916   177.706024  -31.359129
-54.386803   177.716721  -31.339685
-54.608673   177.665894  -31.270189
-54.818665   177.604218  -31.199381
-55.088261   177.533981  -31.083572
-55.489380   177.469574  -30.914545
-55.687656   177.395782  -30.834034
-56.051876   177.249420  -30.675117
-56.326588   177.098801  -30.542679
-56.595020   176.932144  -30.400030
-57.005657   176.491470  -30.168438
-57.199406   176.218658  -30.058012
-57.524586   175.623489  -29.849962
-57.775517   175.192520  -29.693880
-58.004246   174.754456  -29.544096
-58.457130   173.904160  -29.222797
-58.679142   173.354614  -28.978952
-59.200214   172.139008  -28.162848
-59.519657   171.196472  -27.636999
-59.738979   170.053238  -27.080450
-60.089180   167.971466  -26.185013
-60.243385   166.670181  -25.603781
-60.419815   163.658997  -24.407240
-60.654907   161.517883  -23.612249
-60.996223   159.481857  -23.186958
-61.327454   155.502747  -22.629089
-61.214764   152.881271  -21.948753
-60.509193   148.045547  -20.188345
-60.069866   145.531250  -19.106245
-58.130482   141.683273  -15.792644
-57.299210   139.463867  -14.328897
-56.682617   137.618057  -13.593556
-55.477547   134.084000  -12.073606
-54.665108   131.939697  -11.499413
-53.240513   128.588516  -10.451698
-52.211033   126.190216  -9.875653
-51.085918   123.795547  -9.414557
-48.794960   119.867287  -8.514955
-47.580200   118.042397  -8.172027
-45.444706   115.049423  -7.693670
-43.651840   112.994865  -7.353183
-37.167389   106.432922  -6.735795
-34.756805   104.571480  -6.255214
-31.976761   103.020737  -5.581476
-29.171442   101.121437  -4.752631
-25.241922   98.385498  -3.877758
-23.063889   97.426239  -3.605830
-18.756413   97.160851  -3.279043
-16.158211   97.029282  -3.461950
-13.984650   97.374252  -3.866313
-9.890299   99.474159  -4.299746
-7.916946   100.767479  -4.952857
-4.929082   103.128212  -6.005292
-2.551038   105.642769  -6.569314
-0.357261   108.107666  -6.993608
2.022909   111.682762  -7.809203
3.658136   114.616112  -8.480000
6.535250   123.725052  -8.849521
7.178166   127.792259  -9.245175
7.507717   130.840240  -9.775880
8.179006   136.990723  -11.820686
8.282441   139.178574  -12.734062
8.315089   143.108170  -14.216502
8.404099   146.838089  -15.000128
8.262316   150.501450  -15.217101
8.068658   153.958099  -15.619865
7.918057   158.208664  -15.393362
7.322769   165.020874  -14.871550
6.520788   168.997787  -14.586384
5.778766   171.779465  -14.372593
4.429211   175.431976  -14.000669
3.633446   177.296768  -13.813193
2.254452   180.060837  -13.704962
1.552303   182.029282  -13.778867
0.808283   183.742279  -13.696795
-0.158001   185.603607  -13.443265
-0.661673   186.758469  -13.279045
-1.505140   188.544586  -12.982871
-1.985053   189.403427  -12.724670
-2.402992   189.918076  -12.483342
-3.101051   190.658142  -12.023964
-3.447211   190.958939  -11.796964
-3.930965   191.496384  -11.364478
-4.300016   191.953430  -10.812225
-4.399597   194.163162  -8.180532
-4.617250   194.287964  -7.059127
-4.771325   194.086502  -6.377773
-5.072472   193.519150  -5.582693
-5.176489   193.167130  -5.249090
-4.501717   193.257141  -3.586281
-4.156444   192.703888  -2.778892
-3.880171   192.127884  -2.359746
-3.199027   190.960114  -1.790033
-2.588236   190.067764  -1.353112
-0.797466   188.465729  -0.482683
0.688849   187.068512  -0.058917
2.418828   185.537140  0.369488
6.123681   182.968048  1.851017
7.974081   180.904724  2.236768
11.160248   177.875946  2.845244
13.440515   175.636810  3.046413
15.802601   172.900955  3.269499
18.994076   168.866562  3.074737
20.944202   165.926987  2.864341
24.734312   161.373779  2.692454
28.080507   157.305054  2.938937
30.595690   154.403778  2.871192
33.860188   150.929398  3.088299
35.926334   147.943909  2.245116
38.840286   144.519989  1.791042
40.306679   142.877640  1.696860
40.871216   141.821945  1.451079
41.362705   140.853134  1.308497
41.593849   140.630173  1.073819
41.700436   140.369919  0.498126
41.570721   140.401855  0.054971
40.725952   140.715836  -0.716307
39.975437   140.914688  -1.028984
38.991104   141.079575  -1.136754
36.856682   141.236679  -1.024033
35.577553   141.098206  -0.877357
33.522121   140.386841  -0.424619
32.367863   139.857361  0.093187
31.060284   139.337769  1.313515
29.490078   138.951996  2.958345
27.822155   137.755890  4.951616
27.198509   137.164032  5.613793
26.315416   136.257401  6.699897
25.455023   134.889038  8.183109
25.244871   134.032394  8.986845
25.241398   132.623001  10.029439
25.485559   131.469803  10.753220
25.730030   130.245682  11.142337
26.575062   128.300369  11.701957
27.312944   126.896164  11.934713
29.323265   125.176270  12.619203
30.677767   124.201935  12.851916
32.071968   123.789886  12.832844
34.572155   123.528175  12.631519
35.966106   123.813759  12.300948
37.241348   123.853737  12.320404
37.946915   124.167213  12.105227
40.059944   126.474709  10.888282
41.171005   128.105988  9.677608
41.807770   129.541168  8.821961
42.405399   132.945175  6.644570
42.559536   135.340668  5.845739
42.694962   138.820404  4.508330
42.780113   142.696075  3.114782
42.517109   147.105469  1.293366
42.589825   154.129028  -0.901710
42.264912   157.453003  -1.687070
41.995289   162.713684  -2.611683
41.467445   166.566544  -3.332145
41.042084   170.241043  -3.836834
40.332508   176.417923  -3.994960
39.727119   179.458939  -4.203048
38.550411   184.162598  -4.388900
37.767654   186.747406  -4.513369
37.020073   188.436203  -4.563651
36.106186   191.640854  -4.346072
35.222942   192.659943  -4.116279
34.088150   193.691101  -3.803783
32.789711   193.015045  -2.950593
32.472336   192.431824  -2.484368
31.587725   189.268555  -0.651058
31.150629   186.631546  0.482441
30.707520   180.757263  2.895304
30.918514   176.107758  4.581175
31.079292   170.978455  6.240757
31.894154   164.031372  8.784742
31.611927   159.405670  9.563174
32.505280   151.552460  11.716575
34.567181   146.176147  12.716488
36.954956   141.163498  13.785656
41.540127   133.457504  15.104472
43.321392   130.111328  16.277365
48.712471   126.539360  17.795328
51.967976   124.568199  18.640804
55.360687   124.400032  19.058598
59.451740   124.186798  18.841343
62.290131   124.729858  18.124987
67.680389   127.461411  17.048853
70.700539   129.397110  16.554871
72.531418   130.675720  15.807199
74.258476   132.377243  14.535222
75.012672   133.686615  13.877121
76.469429   137.014526  12.329467
77.421036   140.218155  10.963642
77.757286   143.120377  9.894282
78.221458   147.213913  8.992839
78.429840   149.611359  8.475391
78.325790   153.979507  7.771640
78.184837   157.155762  7.387276
77.565445   159.781830  7.104753
75.260414   164.016373  7.118253
73.317955   165.872086  7.352739
70.608276   167.884415  7.703251
68.874718   168.315521  8.196813
66.522575   168.195114  8.899426
65.150024   169.276154  10.536572
64.467636   169.474106  12.805122
63.265633   167.353622  13.513790
63.113777   166.426056  13.630610
62.992142   164.941635  14.091688
63.132839   162.988602  14.664082
63.813488   160.732681  15.688332
64.949142   157.519867  17.224607
65.931252   155.713486  17.671968
68.029015   152.971039  18.118183
69.870987   152.216293  17.906200
71.724586   152.315231  17.418995
74.987457   152.844849  15.412859
77.491806   154.465607  14.656811
79.556915   155.908005  13.399661
80.631432   156.867355  12.750825
81.443253   157.801376  12.451258
81.986588   158.498917  12.213071
82.160027   158.717529  12.136314
82.873825   159.032867  12.423791
83.296593   159.016190  13.099728
83.411362   158.607849  13.332355
83.821350   157.366837  14.342524
83.999870   156.543915  14.879929
84.607513   154.255035  16.281338
85.197197   152.305511  17.261755
87.216537   149.000580  19.195124
88.737259   146.826492  20.368637
90.160233   145.363373  21.248785
92.924767   144.199280  22.430498
94.722534   143.894455  22.776680
99.281723   145.776123  22.904892
101.912376   147.015442  22.089043
104.773521   148.385895  20.815218
108.320587   151.613892  19.576702
110.043770   153.385315  19.209715
112.027542   155.631027  18.786467
114.901436   160.040833  17.478230
117.112495   163.792603  16.406811
118.441048   167.210678  16.277452
119.360970   170.716949  15.703566
120.212830   175.028412  15.121912
120.164841   177.440872  14.613237
119.667381   178.734375  14.058619
119.308556   179.737045  13.555939
119.095840   179.742538  13.832790
118.782310   179.256241  14.571947
118.449234   178.388641  14.772742
118.042557   176.328918  15.395965
117.201721   171.858627  16.400772
116.973297   169.666489  16.876965
116.583244   164.330841  18.155811
116.550003   160.202591  19.642286
116.939369   156.794083  20.819115
117.980499   152.528534  22.278208
121.035103   151.697601  22.306524
123.297539   149.932663  22.903933
123.348053   148.164688  23.166317
124.320847   146.446625  23.216442
125.199097   145.869461  23.081942
126.364967   146.241608  22.867020
128.616074   147.030975  22.219585
129.695587   148.053070  21.896011
131.082352   150.018997  21.074615
133.003815   152.902679  19.625704
134.094223   155.698090  18.696020
135.638794   159.415878  17.642212
136.455963   161.250870  17.117895
137.850037   164.032242  16.789707
138.327423   165.589432  16.479574
139.307632   167.550461  16.300154
140.414413   170.284592  15.995144
140.885880   171.544998  15.786570
141.786652   173.636169  15.463846
142.471756   174.880341  15.187202
143.562134   175.717010  15.145505
145.465378   175.590042  15.021087
146.981537   174.706589  14.730079
149.464645   172.198990  14.258696
151.628738   169.219238  13.901125
153.837494   165.843704  13.914380
156.757614   159.559906  14.354198
157.698441   155.159454  14.565793
158.258896   147.514725  15.604817
158.078445   142.627899  16.623503
157.624161   134.854233  18.388851
156.630646   129.553741  19.063496
155.404358   125.541931  20.028044
145.290344   111.748886  24.738798
142.151260   109.700378  25.568266
137.778305   107.591270  26.120171
129.840088   105.477600  27.307079
124.252373   104.941895  28.380201
116.803383   104.143501  29.837950
113.081009   103.884048  30.076843
110.585556   104.298088  30.823557
107.279739   104.477257  30.728357
105.504478   105.354202  30.029873
103.490784   106.160492  28.995192
102.649902   106.601318  28.470293
102.535049   106.922165  27.783888
102.960411   107.333260  26.312782
104.175308   107.105133  24.445375
107.507820   106.415009  21.207499
111.948219   105.636429  17.852905
118.856895   104.759750  13.588795
123.820190   105.013191  11.134017
131.183868   104.769806  7.036734
136.808075   104.905800  4.968326
141.814667   104.927612  3.165076
149.657837   104.507301  0.615763
154.459137   104.403435  -0.527156
161.972458   103.815048  -2.077718
167.203064   104.241646  -2.923156
175.894363   103.857445  -4.186570
180.632965   103.550659  -4.441934
186.023941   104.113304  -4.684892
193.714661   103.686623  -6.351997
198.400894   104.203041  -6.455460
207.687668   104.558044  -8.731970
212.188431   104.846863  -8.010319
215.579590   105.629517  -7.067806
220.660049   106.847534  -5.441647
222.059189   105.662537  -4.587404
231.108627   106.105522  -5.585920
235.242783   106.545509  -4.384650
244.430435   108.567764  -5.720930
257.059784   105.753540  -8.830420
260.074219   105.953987  -9.860473
263.247375   107.129982  -11.008655
264.756165   108.436623  -11.234028
265.465088   108.518936  -11.071662
263.734558   103.749039  -11.960897
261.739838   101.717896  -13.459290
260.444794   99.774788  -14.583270
259.744873   99.285324  -15.292963
258.690948   99.050873  -16.108067
256.405273   98.132454  -17.553841
255.734680   98.127365  -17.801418
254.144302   97.366608  -18.129169
