-143.649002   198.238632  39.472057
-143.632904   198.338425  39.943707
-143.638641   198.377777  40.234592
-143.595581   198.130035  41.477097
-143.723923   197.666931  42.405224
-143.732849   197.716995  43.900448
-143.719131   197.847610  44.803341
-143.718277   198.114670  45.346535
-143.684891   198.189697  45.520561
-143.636612   198.316406  45.695446
-143.517822   198.383713  45.881176
-143.451660   198.449203  45.978054
-143.375015   198.545410  46.092182
-143.281860   198.694107  46.260262
-143.178833   198.881897  46.469845
-142.751190   199.525986  47.434090
-142.736145   199.749359  47.618671
-142.689255   199.870163  47.688091
-142.671402   199.971497  47.687878
-142.647186   200.040787  47.678329
-142.643616   200.072540  47.668858
-142.628464   200.094788  47.647350
-142.615067   200.020279  47.193279
-142.539627   199.997330  46.783279
-142.483902   200.039291  46.797173
-142.448792   200.029099  46.640495
-142.363144   200.095154  46.725948
-142.255997   200.170609  46.839111
-142.150009   200.248718  46.932243
-142.075378   200.334915  47.029469
-142.007477   200.463135  47.158840
-141.979462   200.520889  47.208786
-141.928497   200.651947  47.333523
-141.930893   200.738342  47.392456
-141.968781   200.783981  47.343647
-141.993881   200.816528  47.304146
-142.023331   200.848572  47.242680
-142.050003   200.849152  47.076469
-142.056335   200.875214  47.022141
-142.062317   200.900955  46.991539
-142.068588   200.938034  47.002792
-142.071091   200.972183  47.018692
-142.092209   200.984772  47.015419
-142.118393   200.988129  46.997715
-142.112976   201.003754  46.990467
-142.088364   201.034378  47.066940
-142.059326   201.058456  47.113743
-142.098404   201.071671  47.108101
-142.092010   201.095825  47.120564
-142.093765   201.111511  47.119728
-142.097977   201.136078  47.132389
-142.108551   201.160889  47.148117
-142.229233   201.287781  47.182243
-142.277771   201.430679  47.178246
-142.320877   201.607391  47.203819
-142.386276   201.836426  47.203297
-142.435303   202.043839  47.195160
-142.482697   202.287201  47.216496
-142.558838   202.567795  47.235836
-142.576202   202.782745  47.198284
-142.626648   203.100906  47.168896
-142.691025   203.581284  47.082741
-142.666702   204.067642  47.567631
-142.747116   204.730606  48.166298
-142.794632   205.221405  48.550144
-142.666718   205.735718  48.961933
-142.748993   206.283264  49.300869
-142.840912   207.022385  48.615459
-143.007233   207.535538  48.456409
-142.912003   207.851501  48.621140
-142.819626   208.257431  48.924934
-142.625641   208.673080  49.719334
-142.625488   209.029678  49.797291
-142.589661   209.307693  49.907764
-142.527237   209.523605  50.061306
-141.067688   212.317841  46.310101
-141.270615   212.802521  44.999306
-141.351456   212.497162  44.545177
-141.443573   211.961670  44.698933
-142.144806   211.390961  44.896255
-142.746384   210.557251  45.009422
-143.201797   209.642441  45.244968
-143.710144   208.334732  45.182789
-144.185425   206.866135  44.296780
-144.644012   205.078049  43.990555
-144.922180   202.635376  44.216156
-144.813705   200.110916  44.001156
-144.881760   197.297058  43.166828
-144.769958   194.057846  43.241802
-144.282990   190.410889  43.457172
-143.059464   186.514252  45.599709
-143.114044   183.009293  44.674976
-142.588516   179.804886  45.018513
-142.213348   176.620697  45.142002
-142.212387   172.792053  44.271923
-141.991882   168.982071  44.163116
-141.485046   164.486008  44.382481
-141.287842   159.954483  44.398132
-140.834366   155.740051  43.514908
-140.735413   152.154587  43.742020
-140.708160   148.812759  44.240231
-140.783432   144.348206  43.596050
-141.545853   139.712296  43.105141
-142.011703   136.428177  43.140640
-142.378555   134.723557  43.319981
-143.071167   132.539108  42.939758
-144.083130   129.686218  41.606163
-145.194885   128.022202  41.011452
-145.897873   127.569389  40.984962
-146.648865   128.309708  41.980755
-147.257248   129.553452  43.410587
-148.201797   130.169144  43.800541
-151.324844   134.026718  44.000431
-152.453873   136.424683  44.496304
-154.077957   139.243820  44.791790
-155.477310   141.384964  44.683460
-156.970123   144.085938  45.335747
-158.105148   146.169800  45.342770
-159.209625   148.130646  45.400455
-160.683624   150.442978  45.850952
-161.657379   152.815170  45.588367
-163.467911   156.640747  45.062923
-164.706940   160.676605  44.405769
-165.726059   164.147232  43.965313
-166.395432   167.087555  44.262360
-167.049576   170.662979  44.597385
-167.785873   174.011673  45.315041
-167.969620   177.078751  45.257622
-168.187729   180.871857  45.184978
-168.056488   183.915955  45.950966
-167.865875   187.505112  45.844860
-167.697525   191.120178  45.701206
-166.814651   194.354904  46.580891
-165.958786   198.288391  47.850323
-164.451370   202.229858  49.448906
-163.161011   205.552155  49.995857
-162.660736   208.653717  49.772915
-161.485901   211.093002  49.285110
-160.391495   213.570313  48.773808
-158.966721   215.921097  48.310799
-156.976257   218.067215  47.550667
-155.120331   220.451050  47.019905
-152.704575   222.786026  46.925167
-150.772308   224.969467  46.949020
-148.662338   226.516464  46.410927
-146.086349   227.830795  45.614265
-143.416199   228.967850  45.561481
-141.085953   229.954376  45.124107
-138.489594   230.544708  44.062683
-136.128632   230.892776  43.030025
-134.230774   230.905823  41.807457
-132.290619   230.895737  40.766842
-129.919449   230.486542  39.490314
-128.043991   229.730072  38.455872
-126.681801   228.976791  37.707424
-125.207092   228.022812  36.981968
-124.009750   226.896378  36.706974
-122.389671   224.570770  36.600563
-121.314240   222.266525  36.428688
-121.067947   220.373245  36.606281
-121.135048   218.894211  36.164989
-121.448082   215.415253  36.131557
-122.320992   211.820587  36.287167
-123.275642   209.217514  36.579399
-124.277573   206.475784  36.894608
-125.797478   203.513931  37.035316
-127.446205   200.148727  37.629917
-129.321243   196.527176  36.755234
-131.024933   193.173859  37.786671
-132.476822   190.397797  38.637310
-133.769730   187.678299  39.057587
-134.745941   184.660217  39.385857
-135.606476   182.725754  39.542381
-136.202240   180.970596  40.123714
-137.109726   179.505112  39.931499
-137.898209   179.068848  40.708313
-138.573242   179.006866  41.383831
-139.345215   179.437332  42.462063
-139.950562   180.104996  43.835312
-140.077850   180.891891  45.625553
-141.263336   181.746063  46.149094
-142.605026   182.640381  46.583675
-143.264175   183.098404  46.697838
-143.528763   183.482956  47.214218
-143.813965   184.251389  48.258167
-144.125641   184.989166  49.172737
-144.311569   185.407974  49.791382
-144.227859   186.176987  51.325417
-144.002686   186.578049  52.566929
-143.266800   186.727951  53.817711
-142.596909   186.213791  54.516571
-141.850128   185.569962  55.682888
-140.163055   184.924408  59.336056
-139.784210   183.595245  59.694218
-139.528671   182.497177  60.032661
-139.549622   181.427872  60.181984
-139.381744   180.091507  60.187504
-138.821808   178.103180  60.127659
-137.436188   175.570694  60.420017
-135.872314   173.284668  60.680447
-133.798935   171.097717  62.182865
-132.886642   169.304169  62.258045
-132.038834   167.655212  62.225998
-131.535370   166.451370  62.352676
-130.586807   164.784622  62.281513
-129.147751   162.808960  62.052574
-128.144836   161.084946  62.042465
-127.714912   159.684311  62.114994
-127.009239   157.495529  61.652561
-126.505173   155.734222  61.525330
-125.959785   153.982132  61.540184
-125.517105   152.332199  61.282433
-125.038132   150.980499  61.167706
-123.717140   148.780212  60.652046
-122.850487   147.155807  60.432060
-122.172890   145.891739  60.347092
-121.653877   145.007233  60.169575
-121.329216   144.340134  59.886951
-121.092216   143.768646  59.732079
-120.733253   143.309769  59.623955
-120.005219   142.727295  59.071659
-119.380028   142.440308  58.419765
-118.903336   142.547638  57.641998
-118.372368   143.036697  56.404518
-118.038734   143.916473  55.255856
-118.171242   145.918472  52.747108
-117.809845   147.374741  51.463375
-117.725319   149.065262  50.476311
-117.567780   151.024323  49.494534
-117.678490   153.230621  48.446140
-117.771935   155.619736  47.297527
-117.893364   158.362076  46.394638
-117.762924   160.928879  45.819374
-117.555161   163.292236  45.101494
-117.448517   165.825546  44.393013
-117.439934   168.195602  43.727207
-117.546196   170.550995  42.950844
-118.321831   175.005905  42.796944
-118.555855   176.243378  42.701962
-119.604866   178.291229  42.564182
-120.361771   179.756073  42.489891
-121.154831   180.990494  42.532223
-121.762077   181.895599  42.704319
-122.234253   182.405869  42.875366
-123.646454   182.427490  43.757500
-124.827278   182.216644  44.409752
-125.908379   181.388474  44.908142
-127.055557   180.049225  45.328903
-127.983124   178.389084  45.229404
-128.698273   176.754227  45.360813
-128.986084   174.762405  45.640541
-129.270355   173.034164  45.578773
-129.201904   171.110687  45.465935
-128.752716   169.153244  45.500229
-128.311478   167.807648  45.557724
-127.908653   166.801956  45.421844
-127.450249   165.943588  45.207211
-126.598495   164.863159  44.884903
-125.311783   163.984177  44.856247
-123.994606   163.355362  44.489979
-122.593239   162.858887  43.794872
-121.314034   162.671249  43.296753
-120.038261   162.759689  42.824821
-118.566406   162.873596  42.284996
-117.228188   163.327850  41.640999
-115.472855   163.913193  41.027332
-113.848785   164.483124  40.269657
-111.883484   165.064133  39.119133
-109.932602   166.174301  38.649460
-102.069183   171.487350  36.198517
-101.765305   171.622696  36.057842
-101.128853   171.682281  35.891014
-100.788109   171.662750  35.707245
-100.312057   171.136536  35.533096
-99.880791   170.514877  35.601517
-99.353081   169.446472  35.570068
-99.162788   168.474304  35.301590
-99.107521   167.671036  35.337322
-99.093796   166.394913  35.474495
-99.098061   165.034073  35.613750
-99.014229   163.567947  35.725430
-99.040367   161.534439  35.393707
-98.875198   159.701157  35.908768
-98.454254   157.565826  36.379364
-97.994041   155.550034  36.894573
-97.598160   153.986984  37.173859
-97.233124   152.635620  37.391304
-96.528816   150.764038  37.480892
-96.174194   149.802658  37.623970
-95.380692   148.248550  37.821156
-94.315117   146.926849  37.962570
-93.819725   146.523438  37.917347
-93.448982   146.361160  37.794548
-91.812820   147.701324  37.327656
-91.074036   148.678757  36.923382
-90.109505   150.372101  36.287720
-89.536858   152.498611  35.911522
-87.969391   158.020859  34.873684
-87.576111   159.718628  33.115635
-87.811081   161.721588  30.981062
-87.345879   164.162781  29.892393
-87.354660   165.462189  30.268421
-87.127640   166.782333  30.700718
-86.841606   167.916458  30.946814
-86.151192   169.481659  31.110460
-85.941185   170.411301  31.258986
-85.495514   172.018311  31.240080
-85.244492   172.833588  31.292828
-84.838760   173.950439  31.497643
-84.345840   175.115540  31.540283
-84.021866   176.363693  31.546690
-83.879868   176.887100  31.543373
-83.703598   177.543549  31.516785
-83.528732   178.051895  31.459846
-83.402679   178.526001  31.439262
-83.302986   179.050156  31.309700
-83.088959   179.033661  31.151953
-82.920837   178.896927  31.007441
-82.776726   178.718948  30.894581
-82.538864   177.991318  30.651075
-82.352928   177.188019  30.179470
-82.154663   175.960083  29.913881
-81.849304   172.593872  30.351624
-81.592361   170.818558  30.516285
-81.348083   167.001404  31.014359
-81.093262   164.976730  31.371681
-80.547348   161.848450  31.079369
-79.758965   157.058304  31.141020
-79.498245   155.040970  31.359806
-79.188004   153.064468  31.445799
-78.536964   150.499329  31.584824
-78.083237   149.142532  31.598110
-77.477028   147.564575  31.720463
-76.728607   146.068375  31.817444
-75.906731   144.746445  31.879511
-74.529350   143.243698  31.701267
-71.679001   142.556396  31.293859
-71.010086   142.500000  31.324179
-70.034195   142.417389  31.321917
-69.289650   142.587173  30.609104
-68.514656   143.170822  30.006176
-68.152084   143.680847  29.679514
-67.226440   145.390594  28.890505
-66.844467   146.449249  28.293957
-66.517235   147.406662  27.738939
-66.220596   149.281418  27.181435
-66.212044   150.046463  27.009474
-66.221199   150.764282  26.899387
-66.290932   151.596695  26.836905
-66.409813   152.226700  26.835623
-66.701622   153.703110  27.304150
-67.076332   154.760391  27.517553
-67.497734   156.264572  27.893150
-67.704582   157.370346  28.223015
-68.239265   158.796616  28.854874
-68.921570   162.030869  30.112759
-69.353691   163.211945  30.549139
-70.095139   165.598358  31.303684
-70.481071   166.957382  31.681805
-70.871666   169.169418  32.239151
-71.287758   170.937378  32.634281
-71.903305   173.035446  33.096157
-72.247139   174.443222  33.365303
-72.433128   175.546219  33.532639
-72.630394   176.366104  33.611786
-72.901688   177.420624  33.662346
-73.053169   178.000946  33.659996
-73.165543   178.700684  33.659737
-73.257263   179.335007  33.652306
-73.343437   179.917770  33.633686
-73.337685   180.162842  33.621426
-73.548416   180.422272  33.615505
-73.637932   180.589752  33.605236
-73.742584   180.779984  33.593807
-73.774391   180.913773  33.383488
-73.716843   180.944839  33.272011
-73.551224   181.047699  33.227379
-73.363091   181.147339  33.116573
-73.174255   181.237732  33.009003
-72.666374   181.179398  32.771080
-72.449013   181.142624  32.665989
-71.878395   181.113770  33.252052
-71.292915   181.182724  33.635334
-71.043617   181.120117  33.585999
-68.998650   179.499420  30.094587
-68.658325   179.677170  29.972937
-68.499352   179.863052  30.082458
-68.428421   180.064377  29.893057
-68.386002   180.271408  29.849768
-68.721230   180.896957  29.883156
-69.054848   181.546539  29.948582
-69.233536   182.033936  30.007349
-69.761253   184.484009  31.203945
-70.128769   185.661667  31.754572
-70.751175   188.404541  33.381596
-71.281006   189.473328  33.940037
-71.960503   190.960632  34.743198
-72.727531   192.544205  35.777714
-74.209595   195.802948  37.516651
-74.978027   197.113205  38.317253
-76.994919   200.578140  40.617390
-77.775589   201.972122  41.496937
-78.536316   203.317139  42.577679
-79.229866   204.561737  43.670887
-80.468430   207.554092  45.541470
-80.916649   208.603073  46.224400
-81.874062   211.820450  47.761234
-82.346893   213.377151  48.411705
-82.719643   214.641174  49.013950
-83.231773   216.186096  49.755245
-83.588463   217.261490  50.161610
-83.876823   218.193771  50.451542
-84.008644   218.559875  50.533745
-84.393021   219.493790  49.908588
-85.077072   219.813889  48.417511
-85.270500   219.126785  44.015564
-85.230316   218.524048  42.333630
-84.875267   216.842026  39.163898
-84.751259   216.214737  37.603481
-84.222977   214.745163  34.331707
-84.316437   214.468933  33.568871
-84.524048   213.619690  33.501831
-84.591805   213.342575  33.545643
-84.627251   213.160538  33.530880
-85.393883   212.229996  33.752808
-85.589287   211.936981  33.812401
-86.211876   211.123642  34.645271
-86.592377   210.236221  35.472210
-87.381355   209.416519  36.302128
-87.721733   209.072601  36.562439
-88.167480   208.470734  37.496464
-88.449554   207.898102  38.943623
-89.258186   206.925797  40.707611
-89.309219   205.553955  42.463799
-89.278824   204.720856  43.242348
-89.541145   203.554276  44.506672
-89.388809   203.025223  45.754322
-89.070198   202.262070  47.266232
-88.732819   201.134491  48.219604
-88.556282   199.655487  48.416790
-88.566895   199.013840  48.399563
-88.671494   197.785904  48.449291
-88.578247   196.935562  48.779518
-88.022163   194.663132  49.131313
-87.910187   193.703903  49.251114
-87.299957   191.921921  49.478943
-87.015793   191.054367  49.553532
-86.665604   189.885391  49.641129
-85.517731   187.870743  49.294071
-85.086662   186.949356  48.987110
-83.451164   185.157562  47.837780
-82.849037   184.375046  47.429352
-82.141396   183.550964  47.053101
-81.341087   182.573395  46.420853
-80.222359   181.059158  45.131275
-79.748299   180.538147  44.707928
-78.929199   179.592834  43.890408
-78.602943   179.299576  43.604237
-78.093864   178.869705  43.183754
-77.429840   178.390594  42.565945
-76.800255   178.077332  42.082695
-75.619217   177.468018  40.949303
-75.153603   177.256302  40.443752
-74.787834   177.140411  40.160278
-73.906601   176.689133  39.218117
-73.440079   176.659073  38.784477
-72.618172   176.628738  38.028816
-71.477554   176.653183  37.000858
-70.217468   176.338486  35.594086
-69.517418   176.256012  35.026604
-69.170166   176.282883  34.806263
-68.630341   176.537766  34.408131
-68.080627   176.620926  34.060036
-67.412735   176.713821  33.650497
-67.196426   176.733521  33.508091
-66.854294   176.762756  33.267548
-66.725647   176.774414  33.152332
-66.644768   176.835709  32.985764
-66.612701   176.933014  32.785923
-66.601074   176.977844  32.699631
-66.596062   177.038284  32.591866
-66.594887   177.128540  32.441811
-66.597916   177.152557  32.395485
-66.611382   177.230179  32.289932
-66.590775   177.349854  32.149620
-66.594757   177.396271  32.062122
-66.479271   177.348495  31.890141
-66.153328   176.804794  31.552443
-65.928993   176.499649  31.366219
-65.585594   176.088181  31.173767
-64.898056   174.862991  30.620955
-64.307137   173.107956  29.851828
-63.389202   171.005035  29.271469
-62.991234   169.918243  28.907785
-61.519100   165.352478  27.933451
-60.167068   161.247787  27.908947
-59.123924   159.220551  28.418243
-57.111660   156.419128  27.422583
-54.656818   153.811874  26.755905
-53.385311   152.607559  26.102119
-50.824917   150.928558  24.622721
-49.810150   150.461105  24.137266
-47.518356   150.091400  22.821722
-46.387321   150.096268  21.950794
-44.283428   151.835602  20.242931
-43.569767   152.692322  19.597921
-42.505917   155.573563  18.528360
-41.810509   159.200729  17.738876
-41.679253   162.173904  17.214827
-42.278351   166.364441  16.953083
-42.622444   167.314850  16.937994
-43.085850   168.580826  16.893373
-43.554344   169.381653  16.874168
-44.048946   169.758072  16.920143
-44.589912   169.977478  17.046974
-45.287086   169.813629  17.098841
-46.903053   168.477127  17.407343
-48.897236   165.916199  18.156725
-50.114365   163.648087  18.531513
-51.464691   160.325500  19.056261
-53.992893   150.745941  20.997375
-54.496517   148.327988  21.654907
-55.785286   142.151978  23.558544
-56.097908   139.666779  24.174322
-58.739674   125.520523  28.571829
-61.099964   119.081192  31.710449
-61.276985   115.740456  32.451389
-61.913845   112.654350  33.530293
-64.525215   107.313408  35.100029
-65.212196   105.439758  36.878765
-66.382156   103.044136  38.954453
-67.624100   101.184418  39.963173
-68.295517   99.881035  40.622059
-69.581314   99.368958  39.099148
-70.424255   99.331924  38.600410
-71.190414   99.914101  37.814030
-71.559395   100.455719  37.574753
-72.071823   102.547989  36.657021
-71.993050   105.246040  35.798080
-72.000870   107.175407  35.167572
-71.592499   110.403976  33.728481
-70.886719   113.389259  32.777050
-69.368835   119.264679  31.043726
-67.681229   124.433472  29.100067
-65.738167   129.015778  29.034613
-64.403358   131.172928  28.354595
-62.847878   133.242996  27.639034
-59.887943   136.789124  26.503355
-58.675751   138.466629  25.947647
-55.375374   142.249390  24.763836
-52.664539   146.049057  23.340963
-51.463459   148.060944  23.111889
-48.468143   152.001694  21.359417
-47.683708   152.918884  20.920855
-44.961964   156.350067  19.995291
-43.579937   158.000671  19.487097
-41.111771   160.999496  18.409317
-40.080372   162.274841  17.783964
-38.422119   164.908340  17.051502
-37.263706   166.969086  16.537899
-36.869385   167.939972  16.398310
-36.537415   168.969513  16.327356
-36.282997   170.105896  16.265930
-36.162674   170.695908  16.224804
-36.114807   171.433212  16.149143
-36.217976   172.057556  16.078386
-36.314598   172.187103  16.057535
-36.537384   172.291870  16.131289
-36.811954   172.306473  16.211950
-37.279114   172.130875  16.349428
-38.258759   171.600967  16.584623
-39.466286   170.609268  16.933205
-41.702705   167.846191  17.773989
-41.876560   167.553543  17.828270
-43.725113   163.991852  18.506382
-44.140808   162.694565  18.620646
-45.192841   157.998276  19.242928
-45.441578   156.321991  19.444593
-45.650475   151.658081  20.033449
-45.376755   148.808273  20.207460
-45.138443   147.729721  20.264816
-44.887943   146.656738  20.257477
-44.091805   145.516830  19.827118
-43.670761   145.072174  19.606808
-42.544838   144.556747  19.125820
-41.962353   144.424362  18.845268
-40.699783   144.537872  17.802662
-40.171513   144.811661  17.421061
-39.697617   145.264709  17.023756
-38.909637   146.723694  16.222961
-38.697155   147.798218  15.834834
-38.574680   148.992569  15.437320
-38.511497   150.615128  15.210864
-38.476326   152.587280  14.793118
-38.324360   156.148422  14.213935
-37.943630   158.952408  13.830140
-37.789146   159.936569  13.682012
-37.393543   161.801270  13.194898
-37.117020   163.419662  12.884062
-36.850395   164.592163  12.661127
-36.556408   165.540222  12.457421
-36.265408   166.150024  12.222002
-35.966354   166.462860  12.045503
-35.666004   166.550522  11.920720
-34.999023   166.293625  11.839424
-34.739201   166.051605  11.849235
-34.444580   165.463684  11.817371
-34.114269   164.719421  11.779431
-32.935169   162.507141  11.551293
-32.255020   161.373169  11.459749
-30.741096   159.059662  11.399145
-30.033110   157.719101  11.451306
-27.544020   153.674164  11.857334
-26.325092   151.876465  12.017974
-24.949064   149.865082  12.188511
-22.523705   146.337387  12.421322
-21.275007   144.819321  12.668478
-19.916531   143.232056  12.822873
-18.823294   141.901688  12.913742
-17.733807   140.509995  12.872534
-16.690701   139.460571  12.751482
-15.451960   138.554321  12.584483
-15.068180   138.312469  12.514598
-14.591218   138.207977  12.508117
-14.221066   138.042953  12.424082
-13.939562   138.062820  12.487185
-13.700372   138.247086  12.477766
-13.454109   138.520493  12.485742
-12.209094   142.695663  13.723437
-11.994810   143.999008  14.191917
-11.819045   145.525436  14.601651
-11.795827   148.512115  15.080616
-11.658324   151.358704  15.299107
-11.563015   153.002960  15.124231
-10.920814   156.291779  15.138261
-10.896091   157.609818  15.048558
-11.211627   159.843903  14.917144
-10.951126   161.096832  14.647871
-10.597798   162.286789  14.413258
-9.603542   164.112549  13.872705
-9.239658   164.740051  14.003835
-7.875598   166.173355  14.511871
-7.204372   166.535751  14.587354
-6.201519   167.042236  14.973656
-5.706968   167.001648  15.142558
-5.080386   166.840714  15.365381
-4.654928   166.225159  15.400008
-4.205573   165.394531  15.572635
-3.822379   164.495636  15.652375
-3.425757   163.392395  15.773227
-3.071872   161.872314  15.854077
-2.651229   159.443726  16.276003
-2.259423   156.718674  16.299114
-1.872012   154.414215  16.319841
-1.598778   152.037994  16.531513
-1.258257   148.981903  16.099361
-1.070287   144.998856  15.469375
-1.016328   142.412262  15.648685
-0.714957   140.512360  16.013079
-0.672190   138.988907  16.269991
-0.655130   138.094666  16.795797
-0.569711   137.342865  17.258726
-0.483230   136.612350  17.539749
-0.497430   135.905823  17.695223
-0.532535   135.311935  17.828583
-0.544186   134.707779  17.959314
-0.594628   134.181015  18.070198
-0.643348   133.775528  18.089390
-0.682002   133.415817  18.120546
-0.718112   133.148132  18.134233
-0.774887   132.916870  18.134270
-0.833461   132.840134  18.198975
-1.050133   132.823166  18.438877
-1.173821   133.004074  18.618135
-1.491437   133.684113  18.556337
-1.808826   134.096100  18.513474
-2.317472   134.903702  18.268057
-2.813012   135.770920  17.942085
-3.308454   137.027252  17.740126
-3.730238   138.636200  17.528027
-4.092686   140.138290  17.150846
-4.630450   141.996216  17.143236
-5.000398   143.966583  16.717281
-5.180789   145.667877  16.743830
-5.418609   147.322205  16.338894
-5.532917   148.959137  15.999681
-5.631765   150.852310  15.874201
-5.714549   152.588638  15.713842
-5.702079   154.628662  15.391300
-5.538122   156.470215  15.101265
-5.367071   158.592651  14.582352
-5.101792   160.499542  14.240623
-4.902131   162.165573  13.981667
-4.643215   163.377869  13.797371
-4.352989   164.505264  13.660841
-3.984832   165.625885  13.565578
-3.032630   167.695648  13.563700
-2.417861   168.974899  13.924884
-1.876422   169.888733  13.956250
-1.352891   170.654190  13.904828
-0.867513   171.325317  13.804350
-0.199992   171.938049  13.729757
0.478515   172.636917  13.678483
1.147523   173.149643  13.649304
1.870095   173.387177  13.692053
2.789855   173.500702  13.707328
3.562759   173.426437  13.642498
5.592364   171.782501  13.636121
6.208389   171.068726  13.631433
6.998832   169.489227  13.596266
7.779201   167.829620  13.621250
8.598656   166.166870  13.754863
9.336075   164.282120  13.915721
9.973663   162.349472  13.918789
10.617944   160.239258  14.185629
11.164923   158.080566  14.416267
11.526224   155.247406  14.032728
11.982569   152.723877  13.869514
12.585241   150.103470  13.506845
13.203239   148.303375  13.642367
13.600036   147.240845  14.386724
13.852208   146.557251  15.112048
13.968150   145.524429  15.924549
13.957688   144.331818  16.517134
13.826501   143.090591  16.853125
13.820447   141.843369  16.993639
13.834649   140.512329  17.178885
13.784528   139.187866  17.454018
13.909045   138.076508  17.620373
13.883892   137.195709  17.624170
13.787466   136.473862  17.643166
13.634824   135.956741  17.544706
13.446378   135.543060  17.497927
13.256927   135.264008  17.393217
13.075849   135.126282  17.324066
12.949600   135.081802  17.276438
12.793146   135.062897  17.206964
12.519599   135.206543  17.096975
12.078693   135.703598  16.943153
11.851414   136.896072  17.106611
11.634182   138.256592  17.228142
11.466675   139.708344  17.341845
11.192336   140.965408  17.392570
10.945529   142.118347  17.327860
10.728308   144.171783  16.815790
10.575668   146.179123  16.388010
10.341621   147.973633  15.816918
10.476241   149.741043  15.556240
10.545508   150.979004  15.341210
10.701940   152.740219  15.139107
10.822214   153.973083  14.975028
11.205549   156.435104  15.290713
11.473063   157.998276  15.434409
11.707070   159.141861  15.407020
11.966485   159.945541  15.349186
12.276861   160.689041  15.314503
12.681952   161.433365  15.280060
13.131428   162.147980  15.226919
13.763922   162.951187  15.211754
14.363204   163.603699  15.189863
15.082444   164.250183  15.026479
15.894014   164.916138  14.858274
16.642399   165.331039  14.762993
17.440342   165.663040  14.658010
18.255972   165.802826  14.464223
19.031677   165.818649  14.357688
19.693583   165.691437  14.337865
20.445074   165.201599  14.332267
21.168055   164.345840  14.275596
21.916359   163.466293  14.302240
22.677212   161.979263  14.252805
23.387793   160.270065  14.163872
24.014738   158.393066  14.117620
24.796728   156.329590  14.289843
25.596132   154.333176  14.563604
26.337662   152.174500  14.885379
27.315641   149.791351  15.789872
28.076056   147.356949  16.389923
28.890965   144.484512  16.478624
29.262802   141.282303  16.391781
29.437159   138.882492  16.799807
29.467621   137.495422  17.036833
29.619432   136.129471  17.243427
29.735867   134.869293  17.446777
29.812202   133.751709  17.417418
30.161961   132.913773  17.211042
30.387663   132.267700  16.988853
30.667055   131.881958  16.810122
31.325293   132.259689  16.604372
31.796686   132.659897  16.460491
32.084736   133.050262  16.443045
32.210838   133.226547  16.411987
32.316414   133.473358  16.366320
32.444977   133.972458  16.328770
32.614666   134.826080  16.307140
32.823872   140.211716  16.538424
32.823864   142.970459  16.538651
32.712101   146.033752  16.345837
32.622585   149.143753  16.955254
32.415302   151.406418  16.972813
32.302124   153.078812  17.118395
32.258060   154.360886  17.084152
32.229359   155.488266  17.117004
32.151913   157.670364  17.374865
31.882023   160.301880  17.597731
31.678556   162.427322  17.743893
31.738918   164.359100  17.657639
31.779509   165.471756  17.553410
31.832443   166.478546  17.434328
31.863403   167.324951  17.331944
31.994602   168.701950  17.021675
32.134365   170.267654  16.542400
32.376091   172.156128  16.806419
32.656445   173.711777  17.038971
32.823654   175.059021  17.179663
32.917877   176.261444  17.224907
33.053406   177.139648  17.278524
33.277943   177.878296  17.467035
33.600063   178.655762  17.545923
34.450008   180.001389  17.412397
35.797306   181.678513  17.278658
36.262978   182.218033  17.333086
36.676506   182.790268  17.365902
37.101616   183.262756  17.370752
37.400833   183.766052  17.578766
37.841579   184.334625  17.595240
38.239128   184.827957  17.742128
38.647465   185.284424  17.814093
39.081844   185.749878  17.939201
39.691830   186.464981  17.947290
41.365856   188.015854  17.813616
42.007751   188.471725  17.649063
43.037708   189.280838  17.426010
43.650570   189.827087  17.541945
44.309536   190.442841  17.554470
44.796955   191.156403  17.827965
45.139832   191.653992  18.024349
45.641094   192.137161  18.143225
46.232838   192.634689  18.231905
47.064587   193.395050  18.279125
47.937145   194.166367  18.263418
48.729141   194.834747  18.179911
49.440651   195.411575  18.172085
50.136387   195.910645  18.030209
50.690460   196.226379  18.050085
51.163815   196.507828  18.003336
51.487820   196.819397  18.123056
51.719986   197.037827  18.152504
52.011715   197.125931  18.012182
52.336040   197.111862  17.656311
52.644093   197.068314  17.117922
52.881668   196.946533  16.733118
52.881237   196.632050  16.366243
52.713181   196.113266  15.964887
52.531319   195.562103  15.686086
52.098755   194.538727  15.342271
51.131260   191.377213  14.443213
49.781425   187.526108  13.961635
48.736538   184.310638  13.551672
47.488903   179.628769  12.416214
46.748264   177.004333  11.823742
46.006020   173.842773  11.554266
45.162510   170.648712  10.858804
43.972916   166.665863  10.790140
42.422421   161.872070  10.537771
40.245975   156.762375  10.341663
38.121552   151.701721  10.262379
36.361282   148.134048  10.296640
34.493279   145.552200  10.866783
33.277496   143.876389  11.219013
31.834293   142.943695  11.906429
30.876041   142.612274  12.432339
30.355442   142.454132  12.607876
30.088217   142.421173  12.672095
29.880306   142.456085  12.707318
29.713423   142.681961  12.733617
29.601027   142.992462  12.748780
29.534023   143.605713  12.815411
29.464373   144.116959  12.816490
29.628651   145.402283  12.993833
29.712656   146.521683  13.067000
29.757578   147.604431  13.088190
30.141966   149.210266  13.131811
30.708143   151.192001  13.173798
31.233444   152.997803  13.340547
31.705246   154.695053  13.565169
32.173950   156.037552  13.669651
32.607033   156.923859  13.618258
32.954586   157.512085  13.554984
33.411652   157.913620  13.415126
33.918816   158.164963  13.330476
34.595928   158.301697  13.172499
35.249187   158.295212  13.117295
35.993229   158.211746  13.082670
36.768467   157.946884  13.137768
37.679855   157.518173  13.232862
38.708088   156.144821  13.257311
39.703476   155.574936  13.522534
41.136005   154.846481  13.801042
42.574482   153.863022  14.058969
44.066658   152.367432  14.329782
45.453709   150.746338  14.506538
46.741154   149.250107  14.668655
47.680508   147.650253  14.728415
49.100235   146.072571  14.909784
50.401310   144.536255  14.989424
52.034714   142.814377  15.001796
53.573551   141.387146  14.948886
55.328117   140.741516  14.919529
56.723560   139.759293  14.820357
57.868000   139.150665  14.929720
58.931721   138.745850  14.954033
59.867920   138.776337  15.268328
60.797100   138.928314  15.461688
61.623871   139.081635  15.422424
62.136768   139.288239  15.510853
63.025795   139.709305  15.326300
63.822357   140.341080  15.124396
64.439079   140.949051  14.883070
64.913467   141.801483  14.573341
65.303032   142.984314  14.033461
65.387917   144.421509  13.421179
65.193420   145.727295  12.934704
64.864311   147.278763  11.896508
64.446449   149.263733  11.052510
63.800503   151.266739  10.225479
63.161602   153.183517  10.091262
61.990181   155.246613  9.572675
60.846256   157.771011  9.175691
59.518105   160.048172  8.803253
58.285015   162.826630  8.583495
56.882816   165.263947  8.323990
55.537888   168.161514  8.267966
54.049614   170.505508  8.063407
52.669003   173.095215  7.387856
51.082310   175.658966  7.102065
49.238338   178.116821  6.852739
47.269176   180.676071  6.840919
45.393963   183.113297  6.788874
43.650650   185.314713  6.768006
42.286961   187.686356  7.028003
40.790592   189.941116  7.287522
39.368519   191.832718  7.538911
38.010738   193.170975  7.663916
36.506714   194.323929  8.471120
35.077538   195.214584  8.937857
33.540325   195.927841  9.786761
32.225655   196.285812  10.148478
31.075661   196.640976  10.452558
30.343851   196.424316  10.358903
29.776716   196.251389  10.293408
29.370943   196.070267  10.243199
28.571701   195.441147  10.441300
27.850224   194.431320  10.844516
27.558676   193.574142  10.894825
27.653465   189.461990  10.659688
27.787615   188.009003  10.561785
28.684210   185.042847  10.787024
29.745333   182.522797  10.773071
30.304449   178.117264  9.004804
30.930395   175.961380  8.605165
31.392578   174.601135  8.562967
32.360321   172.786163  8.659780
33.463913   170.542419  8.659372
34.676506   167.930206  8.475523
36.122921   165.350388  8.589402
37.960007   162.493973  8.107045
39.743500   160.244904  8.037082
42.602604   158.904663  8.069666
45.308567   157.772690  8.050070
47.499760   156.587997  8.025159
48.830109   154.674561  7.869326
50.348679   152.822937  7.821442
51.861485   151.049210  7.787391
53.633358   150.640656  8.170002
55.106369   149.932236  8.524884
56.366444   148.759796  8.892857
57.635426   147.687881  9.301148
59.072807   147.285492  9.837093
60.563507   146.924301  10.348804
61.967777   146.135513  10.731031
63.478821   145.851410  11.165070
64.962997   145.498154  11.511215
66.349007   145.050430  11.876536
67.742508   144.921524  12.086462
69.376884   144.721420  12.035714
70.706863   144.613907  11.923932
71.765556   144.625168  11.808016
72.584625   145.014450  11.797936
73.307686   145.543457  11.666109
73.947929   146.259003  11.569046
74.355515   147.048691  11.646912
74.652954   147.650558  11.695026
75.451370   149.257721  11.531924
76.077774   150.617920  11.505363
76.635277   152.113678  11.525373
77.244728   153.586243  11.396073
77.456947   154.844742  11.319214
77.475853   155.962143  11.233574
77.382851   157.333542  11.088950
77.229271   159.103775  10.922076
76.982849   160.448471  10.855305
76.635468   161.764786  10.835603
76.223076   162.812454  10.716683
75.669579   163.746948  10.467122
75.062866   164.967346  10.271540
74.451416   165.961777  10.003418
73.803459   166.867767  9.685300
73.161209   167.719330  9.385404
72.442909   168.482925  9.251727
71.713470   169.059967  9.044709
71.047661   169.554810  8.919444
70.390762   169.842178  8.839346
69.788429   169.867035  8.689303
69.302872   169.855988  8.583231
68.962334   169.788513  8.511065
68.672874   169.596848  8.471139
67.294067   168.181305  9.129365
66.214951   166.840256  9.666834
65.636024   165.653824  10.048943
65.122116   164.324509  10.518391
64.726006   162.642120  10.728780
64.503403   161.159027  10.881176
64.209373   159.613342  10.963562
64.154343   157.592529  11.294580
64.003639   155.548920  11.576722
64.466537   153.874680  11.765057
65.140717   152.480942  12.740470
65.890846   150.789444  13.407281
66.558907   149.662979  14.006450
67.092583   148.681107  13.994850
67.611168   147.903763  14.113599
69.013641   147.272659  14.151261
69.904434   146.566910  14.297519
70.582466   146.004654  14.435218
71.207283   145.307037  14.350872
72.202789   145.083084  14.362084
72.996338   144.659866  14.308805
73.822502   144.391953  14.230482
74.504402   144.092850  14.125099
75.267296   143.994507  14.009493
75.865883   143.898544  13.928858
76.311401   143.889679  13.902179
76.757133   143.948273  13.829925
77.100143   144.005875  13.770299
77.850227   144.158371  13.281470
78.441017   144.462158  12.946362
78.983231   145.280945  12.899055
79.295135   145.915207  12.815594
79.511864   146.528793  12.755772
79.786690   147.404648  12.687383
80.235245   148.562363  12.701276
80.739845   150.135315  13.024223
81.152580   151.735672  13.219874
81.465828   153.311340  13.308966
81.584702   154.808792  13.371649
82.384399   156.767288  13.045880
82.868599   158.203110  12.735875
83.098099   159.625183  12.802438
83.389923   160.474640  12.796604
83.790077   161.667618  13.019772
84.201370   163.400711  13.133019
84.648201   164.882828  13.562252
84.924713   165.701538  13.819623
85.616699   166.478271  13.667717
86.047043   166.903534  13.703575
86.372452   167.017487  13.783856
86.654221   167.065582  13.822522
86.981644   167.119598  13.928489
87.370422   166.817505  13.868312
88.143112   166.516724  14.130270
88.845123   165.601013  14.685331
89.601799   164.812454  14.933020
90.721046   163.642426  14.931118
91.597885   162.277863  14.699964
93.382713   161.066971  14.648357
94.678833   159.575256  14.616486
95.553925   158.438614  14.669621
96.460403   157.238617  14.776425
97.613380   155.642929  14.554292
100.003616   152.788116  14.382014
100.604980   151.920914  14.316089
101.315941   150.826996  14.084758
101.959457   149.865433  13.839887
102.462173   149.141830  13.774849
102.771561   148.466614  13.620302
103.174622   147.797058  13.324714
103.608543   147.350525  13.026066
104.057213   147.089325  12.764957
104.399918   147.032608  12.674940
104.769867   146.998032  12.516444
105.193306   146.962830  12.232430
105.481041   146.937912  12.007933
105.610687   147.028687  12.077347
105.720703   147.209564  12.080341
105.788719   147.172195  12.009330
105.854424   147.084793  11.892487
105.881065   146.785980  11.733225
105.811890   146.130966  11.808837
105.491089   144.810318  12.087599
105.068283   143.295715  12.452455
104.733337   141.688446  12.620703
104.435150   140.117294  12.740372
103.973099   137.835922  13.039806
103.682083   135.529739  13.160415
103.323593   133.167206  13.198215
102.640312   129.653076  12.945066
101.885582   125.501617  12.629685
100.822060   120.534378  12.649367
100.215706   116.798119  12.756941
99.882530   113.842537  13.085330
99.313728   109.700790  13.206018
98.785339   105.514351  13.850054
98.173874   100.892464  14.376546
97.415863   96.205925  14.840967
96.760826   92.533600  15.609618
95.961395   88.834358  16.216248
95.357979   85.880653  16.841036
94.234024   82.677010  17.183748
92.410919   79.073296  17.286379
91.530151   77.111801  17.899168
91.157822   76.170639  18.189178
90.672470   75.455956  18.335028
90.082268   74.725723  18.473373
88.561020   74.104317  18.417742
86.669296   72.804039  18.107203
85.629593   72.354233  17.693224
85.108643   72.313530  17.452433
84.576485   72.446106  17.025703
83.979195   72.795547  16.766066
83.284737   73.415993  16.406345
82.797020   74.299088  15.919045
82.432838   75.704216  15.316825
81.870506   77.321548  14.564876
81.525650   79.234001  13.618111
81.509247   81.719810  12.658919
81.376999   84.209976  11.933477
81.195503   86.790199  10.879482
81.505432   89.440392  9.629546
81.934616   92.285706  8.822253
82.355652   95.237213  8.133674
82.700233   97.886475  7.433842
83.400269   100.963036  6.473004
84.126022   104.430519  5.867140
84.869507   107.329559  5.241705
85.591103   109.742142  4.763281
86.338570   113.962456  4.799074
87.105858   118.335709  4.931817
87.982086   122.053047  4.941361
88.926399   125.567940  4.828608
90.093102   128.844955  4.634915
91.070915   131.649063  4.592976
92.293526   134.359634  4.643043
93.595787   137.250290  5.080577
94.976868   140.082306  5.697781
96.625793   143.065369  6.213925
98.864334   146.550690  6.929926
100.673805   148.955856  7.363729
103.161652   151.792618  7.593038
105.041672   153.753494  7.752137
106.678795   155.352890  7.808396
108.504715   156.888138  7.927992
110.483902   158.360443  8.077528
112.645515   159.776962  8.284678
114.619759   160.789124  8.581950
116.969009   161.958832  8.996373
118.985779   162.818390  9.509486
120.578842   163.323441  9.938700
122.217430   163.701492  10.189301
123.778000   163.839554  10.380340
125.289558   163.821472  10.630419
126.640610   163.586227  10.872949
127.960030   163.059723  11.090829
128.951614   162.028381  11.300636
129.862732   160.636703  11.659376
130.522583   158.811996  11.975671
130.945709   156.558701  12.152503
131.374420   154.456772  12.405988
131.772552   152.238754  12.666408
131.773788   149.454681  12.737894
131.728485   146.794022  13.604936
130.833267   143.865280  14.048556
129.919693   141.489670  14.465942
128.737946   139.138992  14.945456
127.154343   137.569199  16.419384
125.777420   136.057922  17.344925
123.838165   134.819794  18.512560
122.584488   133.772812  18.999680
121.568291   132.669250  19.406593
120.519836   131.450317  19.775793
119.523804   130.331299  20.077126
118.714958   129.450027  20.351978
117.378654   128.578476  20.545427
115.748070   127.855629  20.665943
113.960487   127.360031  20.770540
112.120842   127.319962  20.938185
110.005089   127.619896  21.099035
108.075241   128.049683  21.159515
106.220398   128.269867  21.219662
104.457283   128.615936  21.216118
102.742714   128.976044  21.167429
100.711639   129.401505  21.393927
98.658089   130.047241  21.542654
96.438805   130.757889  21.964260
93.546524   131.989746  23.089331
88.072144   141.741882  26.090542
86.405685   143.786011  26.983250
84.523132   144.919113  27.997475
81.946754   146.534393  29.325928
79.243546   149.060593  31.207750
76.475281   151.027740  33.039860
73.732605   152.616730  34.763412
71.385361   154.332062  36.323887
67.106415   155.034027  37.519005
66.062271   157.064819  38.100529
64.155342   158.689957  38.945190
61.795834   159.590439  40.122154
59.003979   160.543076  41.567650
55.950630   161.913605  43.850235
52.919365   162.752487  45.105671
49.359577   163.355087  47.466587
45.937328   163.402466  49.362335
39.833229   163.288681  51.997593
37.169518   163.185791  53.755222
33.307617   162.831543  56.147255
29.233578   162.207291  58.167091
25.736717   161.654495  59.917850
22.075222   161.704590  61.825241
18.535337   162.721100  63.919510
15.287974   163.222290  66.437103
11.681886   163.363831  68.889404
8.107591   163.408691  71.255791
3.771101   162.808380  73.952019
-0.246473   164.294128  77.290993
-4.052674   165.600494  80.785095
-6.737305   166.252182  83.811249
-9.682204   168.253006  87.349709
-12.435505   169.407593  90.828407
-15.480776   168.357666  95.384216
-18.085941   169.994293  99.044250
-21.810755   171.110855  103.258698
-24.501789   170.787537  107.556946
-24.535431   173.042755  110.998589
-25.885881   173.772018  114.725662
-26.715748   175.564636  117.860657
-26.485596   175.941025  121.168617
-27.383698   175.581223  125.734612
-29.057379   173.682007  129.127228
-30.746790   170.516159  132.719498
-32.377167   167.997528  135.130280
-34.809029   165.578644  139.083145
-37.102219   163.783417  142.931961
-39.050411   161.727966  146.465942
-40.539310   160.409225  149.589386
-42.874584   158.524567  153.723740
-45.171562   155.921341  157.804550
-47.172771   152.147537  162.524277
-49.853008   144.943634  172.224319
