-94.997986  159.711365  41.085152
-95.000992  159.802887  41.081661
-95.009506  159.871368  41.072701
-95.018066  159.919174  41.062309
-95.022537  159.949951  41.055656
-95.024155  159.971298  41.043682
-95.021698  159.990433  41.027077
-95.032341  159.980591  41.009373
-95.024734  160.024689  40.999172
-95.017624  160.067551  40.989201
-94.973930  160.090546  40.943195
-94.935226  160.113373  40.900021
-94.919540  160.132370  40.868427
-94.919106  160.118362  40.841511
-94.896378  160.107635  40.814079
-94.872910  160.074890  40.740875
-94.840614  160.035660  40.633492
-94.831146  160.023254  40.604443
-94.760208  159.911911  40.574711
-94.741203  159.905777  40.542141
-94.744659  159.957993  40.507153
-94.738731  159.973892  40.499226
-94.735023  159.984467  40.481571
-94.798470  159.575363  40.206318
-94.853889  159.172424  39.840443
-95.151276  158.836716  39.404289
-95.445671  158.656815  39.085583
-95.654243  158.586639  38.810020
-95.806992  158.561340  38.577168
-95.904541  158.710480  38.492683
-95.922523  158.885681  38.441654
-95.944328  159.056534  38.393505
-96.588516  158.528061  37.676842
-96.959488  158.038879  37.035854
-97.100670  158.472519  37.034866
-97.148346  158.786346  37.130886
-97.136078  158.910248  37.140823
-97.123192  159.018661  37.136486
-97.103630  159.141342  37.138790
-97.024193  159.378616  37.172863
-96.949326  159.422562  37.195267
-96.901649  159.435242  37.229721
-96.846870  159.476563  37.245541
-96.799362  159.516312  37.256897
-96.769508  159.561996  37.250053
-96.691025  159.784409  37.405891
-96.723755  159.938934  37.615490
-97.176048  162.123337  38.334694
-96.960808  162.907257  38.846451
-96.807686  162.905563  39.071213
-96.709335  162.761765  39.190281
-96.665863  162.348480  39.295200
-96.788162  162.062668  39.460697
-97.001411  161.221588  39.324093
-97.344543  160.693741  39.389915
-97.588562  160.091003  39.626396
-97.790344  159.643265  39.771008
-97.988220  159.125534  40.312813
-98.234039  158.547501  40.937019
-98.540703  158.154343  41.416435
-98.947357  157.963135  42.576767
-99.504204  157.341400  43.361084
-100.178108  156.666702  44.355526
-100.862167  155.908905  45.412827
-101.633163  154.962830  46.334560
-102.636658  153.940048  47.540234
-103.576416  152.858017  48.739246
-104.742477  151.745773  50.193451
-105.684059  150.264206  51.911991
-106.737801  148.004593  53.009892
-107.919044  145.443069  55.109444
-108.249153  141.205551  57.343960
-109.687576  138.472458  60.306229
-111.220184  136.530167  62.565712
-110.591957  133.014755  64.882515
-110.502525  130.238419  67.232658
-110.994240  127.220268  68.893257
-111.709267  124.806190  70.815735
-112.257416  123.063538  72.953735
-112.555206  120.600166  74.036179
-111.396042  114.473724  73.928207
-110.048759  111.446533  74.863403
-108.831055  108.810646  75.448776
-107.349060  105.853447  76.228500
-106.057251  104.487984  76.440186
-107.260620  104.676041  81.146057
-106.511147  103.015297  82.367439
-104.909470  101.486855  83.773468
-104.355179  101.626999  83.784050
-104.703484  102.368538  85.163025
-104.743332  101.492462  85.920074
-104.986404  101.333069  86.676117
-104.544006  100.962387  86.676460
-103.936821  102.427124  87.466850
-102.285881  103.626701  87.176010
-101.143440  106.757240  87.593361
-97.832672  108.714058  87.217102
-92.930199  109.245331  86.456238
-90.019501  111.495865  85.809433
-86.427696  113.485161  85.059563
-82.557922  116.222786  84.813782
-78.612076  118.032509  84.465538
-73.980881  120.201324  83.949821
-71.083534  121.882324  83.662560
-69.065063  123.520699  83.113098
-66.417381  124.786697  82.824547
-63.709320  124.535866  81.733009
-61.022923  124.066139  82.237259
-59.434010  124.182808  82.379875
-57.700851  124.314346  82.388802
-56.192623  124.372467  83.135689
-55.288696  124.000343  83.436958
-54.263706  122.860367  84.079788
-52.987362  120.853653  84.879715
-51.717304  118.160812  85.840263
-51.545044  116.173332  87.348114
-51.750523  113.696144  88.974907
-52.042347  111.069710  90.226311
-51.965172  106.789276  91.038696
-52.086819  102.031395  92.235336
-53.158783  98.585068  93.799286
-53.027077  92.955078  94.048576
-54.660156  89.051460  94.260635
-64.305275  89.175507  98.550354
-70.653427  87.534492  103.434036
-75.575478  86.420547  106.266205
-79.961250  84.099823  108.514854
-82.307518  80.426567  111.305328
-86.498253  76.714287  115.036858
-91.607376  77.024147  120.964218
-94.199371  76.832024  124.681450
-62.357815  79.048630  137.798004
-71.979553  87.118759  145.853958
-76.069496  91.667221  149.859497
-78.646942  94.006508  156.839920
-77.951195  93.084206  168.264587
-94.468704  139.524277  69.022217
-93.472359  142.492157  69.979378
-92.610756  145.974884  69.881516
-90.744835  150.277206  70.860458
-90.571175  154.114044  70.158386
-89.838783  157.986557  70.126610
-88.944008  161.457626  69.791580
-88.318031  165.124100  69.783623
-87.076256  167.519409  70.082710
-86.528740  169.437927  70.167694
-86.266434  170.780762  70.056061
-86.199539  170.729584  70.112045
-86.005798  170.736084  70.214561
-85.638054  170.624023  70.641197
-85.177956  169.170364  70.642502
-84.919121  167.749039  70.744492
-83.845543  164.774155  71.335915
-83.233566  160.786224  71.486732
-82.952080  156.771164  71.617760
-82.557663  152.292862  72.180138
-81.003876  146.261765  73.592712
-79.786865  140.755005  75.447388
-79.015724  136.021744  77.290916
-76.849091  129.045731  78.538101
-74.431778  122.205055  78.618004
-71.976944  115.871002  78.080338
-70.119591  109.150063  79.444130
-69.115463  102.385643  81.690895
-69.654404  98.345528  85.198059
-70.770012  96.595123  89.071632
-70.122894  92.992271  92.824036
-68.141396  87.786812  95.250351
-66.828682  85.030945  97.498520
-67.281212  83.044388  100.067642
-66.196213  81.232140  101.116005
-66.392982  79.541122  102.445686
-66.656090  78.095573  103.659897
-66.445663  77.051788  104.332794
-66.827362  76.896667  105.301132
-67.608421  76.266968  105.161346
-68.370308  75.795303  105.247520
-68.409454  75.676125  104.812477
-69.530396  76.465034  105.026192
-70.108727  77.086838  105.029938
-69.014854  78.161934  102.495445
-71.121277  80.513397  102.256355
-71.694283  83.112022  99.444611
-71.377731  87.337128  94.649429
-75.086548  93.383545  92.455734
-75.415665  96.004570  89.695839
-76.312531  99.789452  88.075119
-77.476334  103.056610  86.892113
-79.048943  107.521416  85.416924
-81.166550  112.952637  84.699318
-82.968872  118.187866  83.476860
-84.175072  122.343117  83.090981
-86.760910  127.908768  83.636734
-88.651169  134.272324  84.971596
-89.542450  136.698715  84.475540
-91.354286  140.621445  82.601250
-91.635078  144.149887  81.751282
-92.433182  149.056046  81.837570
-92.290779  152.318314  80.889587
-91.947319  155.304108  80.395119
-91.329536  158.845596  79.471893
-91.112709  161.601059  78.622787
-90.511909  164.375351  77.729973
-89.740135  167.228043  76.320457
-88.705933  169.305954  75.130806
-87.934723  170.645462  74.265167
-86.916328  172.195389  73.676659
-85.911118  173.379333  72.967003
-85.066216  174.408524  72.455452
-83.967522  174.737366  71.764114
-81.378479  173.662094  71.590637
-80.446739  174.047363  72.584656
-79.614792  173.827057  72.443092
-78.207527  172.166138  72.088837
-77.314041  170.361313  71.306358
-76.286850  168.381744  71.097427
-75.656197  165.736465  72.055016
-74.446716  161.345093  73.204315
-73.003357  156.131226  73.260399
-71.830818  150.744629  74.325859
-72.203941  146.710495  76.126740
-72.974602  142.239014  77.251015
-72.938255  137.997467  78.301094
-72.868904  135.032867  79.105095
-72.825447  130.595917  79.868271
-72.782112  126.039658  79.928139
-73.224007  122.302216  80.057259
-73.572021  119.026474  80.811043
-73.658035  116.777855  81.717178
-73.611115  115.183403  82.572510
-73.414520  113.947159  83.424591
-73.685883  113.201698  83.879822
-73.931496  112.570938  84.270477
-74.385406  112.379280  84.693520
-74.736626  112.700539  85.299171
-74.728027  112.916985  85.342354
-74.698792  114.125580  84.885895
-74.539543  115.677795  84.775848
-74.530930  118.218712  84.112007
-74.229546  122.161499  83.395172
-73.372406  126.138107  82.217499
-72.819641  130.476852  82.020531
-71.483238  134.219986  81.257195
-69.755875  138.008636  80.578804
-68.606186  141.500076  80.012665
-67.251701  143.623077  77.781967
-66.059250  145.980652  76.307442
-64.219444  148.023636  75.116951
-61.880333  150.005142  74.168877
-56.363724  157.656693  73.507240
-54.710484  159.172699  73.206963
-53.011868  160.165390  72.500145
-51.085247  160.904022  71.968559
-49.539471  161.399994  71.824013
-48.243706  161.491226  71.821732
-46.966465  161.588364  71.475975
-46.331535  161.347733  71.465157
-45.571411  160.406998  71.558472
-44.464054  159.126358  72.021034
-42.919933  157.750595  72.683022
-42.445087  154.182343  71.534996
-41.818657  150.874054  71.572372
-41.612835  148.348495  72.377472
-41.319252  143.962326  72.492714
-41.204262  142.159561  74.489754
-40.801746  139.725540  76.553833
-40.055923  135.839554  78.829559
-40.672871  134.168350  82.929184
-41.034401  132.095749  84.407921
-41.805523  129.618439  85.959122
-41.702171  125.937744  87.117317
-41.064606  120.912689  87.671982
-42.242886  117.181557  89.200157
-43.593155  114.112122  90.645287
-44.895275  112.373474  92.338020
-46.470135  110.770180  93.688583
-46.981953  104.370773  93.321381
-49.526871  103.757309  94.275146
-51.504608  102.784187  96.319511
-52.973526  101.146233  98.265404
-55.921421  99.407906  98.348190
-57.737568  99.264046  99.163338
-60.241024  99.780632  100.847328
-61.657558  100.183701  101.770836
-61.857159  99.453903  101.264824
-64.380798  99.750954  100.456528
-65.449837  98.752838  99.705414
-65.314926  98.147522  99.471840
-65.370506  97.987495  99.235107
-65.647591  98.037163  98.976822
-65.978249  98.466705  99.144234
-66.636162  99.493767  98.918022
-67.076469  100.141640  98.858025
-66.534058  99.069122  97.579483
-66.731422  99.111397  96.817650
-66.251831  98.752632  96.437325
-66.403244  99.782860  97.262093
-64.391579  99.378174  96.606964
-63.912071  98.974365  96.178375
-64.031326  99.076126  96.239586
-64.400108  100.146500  97.725418
-64.087044  100.821556  99.117928
-63.209499  99.932579  100.166405
-60.544765  97.789635  98.396614
-59.670319  96.962341  97.158112
-59.431831  95.529785  96.825401
-59.274414  94.752266  98.645737
-59.054115  93.692291  100.186409
-56.539433  92.130180  101.573463
-52.383507  91.119629  99.869713
-50.718868  90.943619  99.796082
-47.671165  90.848213  97.679260
-46.826580  92.811638  97.720657
-46.044838  93.947830  98.048347
-43.008255  96.136925  95.667328
-41.586735  99.693977  93.611206
-39.703617  102.682869  91.742058
-38.201042  105.709366  90.602531
-36.290440  107.959389  88.411507
-35.225887  112.475845  88.229897
-33.735611  117.245064  86.582680
-31.795734  120.705574  83.663147
-30.625622  124.922935  82.529449
-29.900318  128.453522  81.079636
-28.913021  132.525970  79.681046
-28.357201  136.685089  77.790962
-27.680643  140.370010  75.937119
-27.456934  143.710999  74.318375
-27.498137  145.979340  73.840431
-27.311527  149.251587  73.442184
-27.657843  152.203827  72.956467
-28.212002  156.771011  72.863388
-28.564648  159.992050  72.677948
-29.924053  162.677094  72.798393
-31.348604  166.001511  73.314575
-32.334877  168.645645  73.573250
-34.068935  170.581848  73.588524
-35.518032  172.393677  73.637840
-37.008816  173.927643  74.099716
-38.477711  175.004425  74.579193
-39.482841  175.295166  75.079277
-40.601620  175.813599  75.718590
-42.018078  175.768463  76.839012
-44.022938  176.015320  77.802765
-46.404129  174.952087  78.532684
-48.341213  173.905731  78.973221
-49.889523  172.472672  79.597557
-51.384796  170.074829  79.825279
-52.849888  168.845383  79.930901
-53.317924  166.250824  82.339355
-54.216091  164.246918  83.398315
-55.629387  161.230911  86.321213
-57.079376  156.905212  85.989357
-59.808392  149.023499  83.730255
-61.515743  143.928513  83.019691
-60.341915  142.795929  85.055260
-59.406509  141.695404  86.711838
-58.385784  140.081711  88.392235
-56.870003  138.053635  91.577873
-56.127106  136.391052  93.265549
-54.852962  133.514938  93.569519
-53.533863  131.023239  93.596283
-50.548237  127.436485  95.786263
-49.096550  125.188339  97.262360
-48.056911  122.876465  97.271080
-47.401772  120.692650  97.340157
-47.181648  119.175598  98.006950
-46.238415  117.671585  98.018250
-42.883205  114.683449  96.656647
-40.760895  112.531708  95.672394
-37.982452  111.034019  95.122444
-36.266037  110.313080  94.837639
-33.488766  108.719849  93.509636
-32.493610  109.029396  93.096657
-29.702057  115.281830  89.482773
-26.095039  113.394745  87.388359
-25.697357  114.928566  87.142418
-24.997099  116.405449  86.933945
-23.672367  116.142181  86.228432
-23.987497  121.248077  84.397034
-23.556770  125.853371  82.443626
-24.041475  128.831680  80.510582
-23.848507  132.714691  78.573517
-24.432930  138.185104  77.365654
-24.583874  143.975372  77.056168
-24.948826  150.671066  77.071289
-25.311825  155.024780  76.487167
-25.977730  159.455719  76.095856
-26.603161  164.357300  75.205139
-27.523174  169.118744  74.894493
-28.281616  174.177658  73.578011
-29.225620  178.659698  72.464958
-30.835991  182.760620  71.260902
-31.472797  185.564880  70.228996
-31.662975  187.837341  69.355247
-31.732594  190.025803  68.528580
-33.200268  193.978622  67.359749
-34.598549  196.795975  66.804222
-35.642960  200.048691  66.504509
-36.037743  202.055298  66.166916
-36.110111  203.517883  65.785255
-36.078518  204.738251  65.412399
-36.233425  205.666611  65.252670
-36.315639  206.674149  65.045654
-36.404175  207.601395  64.898369
-36.470802  208.331589  64.781372
-36.543571  208.786758  64.733185
-36.657875  208.992142  64.775414
-36.581890  208.829620  64.574791
-36.406609  207.731735  64.237541
-36.164471  206.035202  63.950981
-35.436504  202.146652  62.702602
-34.544098  197.961014  61.751488
-33.450130  193.438339  60.473171
-32.586239  188.619675  59.407284
-31.671719  185.190674  58.845039
-30.042191  181.190125  59.405994
-28.601387  175.276123  58.954311
-27.700151  171.584198  59.190407
-26.255655  167.024673  59.321312
-24.569281  161.676285  59.356628
-23.376293  156.078583  60.176479
-21.924765  152.494080  60.963940
-20.480759  148.665100  61.573750
-19.526772  144.465073  62.775791
-18.612070  138.842072  63.370811
-17.766096  134.952332  64.737045
-16.825724  131.597031  65.746826
-15.989168  129.231827  67.487762
-15.421803  127.108864  69.249725
-12.418439  123.786430  67.133347
-12.580346  122.265999  70.010628
-11.563570  120.759354  70.484398
-11.707671  118.679489  71.334724
-11.214614  115.370300  73.012459
-10.499019  112.929848  73.700920
-10.852710  112.913696  74.929100
-10.741835  112.495995  75.242126
-11.011838  112.939857  75.827789
-10.968027  112.883888  75.922989
-10.881467  113.013908  75.328125
-10.621409  113.448372  74.293694
-11.430495  116.272186  74.461121
-12.098540  118.608223  74.515450
-12.410699  121.200798  74.187920
-12.376204  123.881218  73.704063
-12.434876  126.408112  72.970810
-12.931332  129.735901  72.152336
-12.231188  135.045837  71.589752
-12.727792  139.306671  71.166267
-13.208618  142.993286  70.348984
-13.905869  145.893646  69.191109
-14.198213  149.632034  67.966621
-14.506886  153.329239  66.665230
-14.870141  156.528030  65.816002
-14.524372  159.554947  64.744659
-14.519495  162.885803  63.799553
-14.341240  165.955078  62.470737
-13.926378  168.235168  61.495838
-13.664923  170.273041  60.721992
-13.399851  171.964371  60.028896
-13.097352  173.784744  59.397057
-12.726221  175.992889  58.646835
-12.606189  177.787689  58.157539
-12.174820  179.218857  57.869114
-11.668566  180.259125  57.370171
-11.357199  181.111435  56.945366
-11.118423  181.733505  56.633877
-10.817658  181.943497  56.564526
-10.256005  182.565720  56.616730
-9.757030  182.601639  56.645531
-9.278897  182.487289  56.605995
-8.769736  181.890167  56.851624
-8.373180  181.125549  56.903706
-7.977777  179.326111  57.424389
-7.638050  177.546646  57.874683
-7.442530  176.437225  58.164909
-6.816559  175.178162  58.269863
-5.957630  171.538300  58.253593
-5.044589  168.617432  58.510265
-3.881845  167.422775  59.090763
-2.299197  165.094696  59.901665
-1.643479  163.162750  60.035069
-0.995977  160.640610  60.635136
0.117841  157.161896  61.297161
1.668845  153.874023  62.598122
3.034746  151.478897  64.469917
5.217505  144.509109  64.398109
6.002944  138.453400  65.430550
6.760202  134.989975  66.618416
7.187576  133.032242  67.311241
7.854091  131.197876  67.463600
8.943120  128.724625  68.100006
10.503350  126.801376  68.524231
11.561118  124.695915  69.315536
12.753517  122.528412  70.466728
15.518625  115.348145  72.122131
17.563745  110.548264  73.591393
19.219885  100.597328  75.397461
21.317619  102.427910  72.778061
21.821112  102.544609  72.456665
23.615177  104.166306  71.624046
26.539791  107.830605  71.326973
29.406742  112.026001  70.807793
30.435686  113.537239  69.484337
31.377338  114.979942  68.976738
32.106209  116.169022  68.135033
32.624146  118.472733  66.942940
32.931194  120.380119  65.828148
33.150036  123.292213  64.100723
33.382671  126.467316  62.015759
33.888325  129.558136  60.219437
34.223724  134.070206  57.896107
34.238625  138.402267  56.011097
33.248489  142.111130  54.640793
32.806873  146.915680  52.972393
32.483372  151.210449  51.994965
31.369862  155.661423  51.199856
30.324680  159.377075  50.295456
29.442167  162.717300  49.023537
28.222069  165.520798  47.836697
27.415751  167.849365  46.809616
26.459204  170.430298  46.049820
25.615360  173.252106  45.208691
24.413347  175.666626  45.259480
23.348042  178.287277  45.012817
22.265617  180.533493  44.438702
21.145559  182.950119  44.440617
19.908686  184.835938  44.451794
18.664848  186.052261  44.759933
17.562548  187.051270  45.094894
16.245272  187.642502  45.396336
14.425670  187.907898  45.572239
12.688971  187.828308  46.083916
11.124350  187.699326  46.785946
9.713321  186.754974  47.817867
8.175138  184.599426  48.331413
6.925716  183.244614  49.036896
6.017146  181.876633  49.498089
5.396383  180.166672  50.347130
4.938422  178.371872  50.963966
4.476139  176.503677  51.116859
4.121606  174.716660  51.383076
3.655304  172.013077  52.767441
3.335447  170.494537  53.302902
3.336879  169.279694  53.636440
3.679595  167.388092  54.065392
4.043948  164.817108  54.503143
4.519440  160.093445  54.768349
4.782467  155.733978  55.471203
5.172597  152.360657  56.620094
6.334113  148.306137  56.423851
7.115906  144.092255  56.956688
7.495633  140.645660  57.957172
7.791645  137.560349  58.546318
7.710346  134.697632  59.831810
8.353100  130.519699  61.194592
10.066519  126.947777  63.228188
11.135789  125.464836  64.142288
12.212294  123.109489  65.550423
14.157144  120.674431  65.896523
16.418484  118.168503  66.058624
18.239397  114.847755  66.671249
20.257118  113.671196  66.351814
22.198235  112.453438  66.644028
24.359324  111.985527  66.779495
26.324448  110.097618  66.942635
29.368526  104.370064  68.510094
30.307714  104.322678  67.017647
32.144001  103.381340  65.911598
33.273785  100.178894  65.486359
33.231758  100.878326  63.678661
33.518436  102.119293  61.970776
34.028099  103.530510  60.281395
34.697094  106.607414  57.795002
36.461025  109.754089  55.538277
38.415745  113.740417  53.745975
39.202847  118.365196  51.608154
40.290840  124.029625  48.910313
40.655918  129.900009  47.750694
39.767349  136.448990  47.314594
39.683735  143.003128  45.377594
39.764828  149.785339  44.414490
38.376324  154.771927  44.250904
38.188519  160.494324  42.695179
36.877293  165.064636  42.459740
35.700001  168.899857  42.202744
34.439983  172.400604  42.012939
32.793713  175.463318  42.022484
31.564423  178.518158  42.011173
29.909401  181.476685  42.608124
28.258699  183.633423  43.123722
26.886000  185.513779  43.555542
25.748827  186.992767  43.808479
24.546270  187.960693  44.073139
23.900047  187.525116  44.249714
23.408211  187.561111  44.275063
22.972200  187.356674  44.326515
22.562193  187.262695  44.404579
22.274342  187.184067  44.463440
21.995300  186.590225  44.450485
21.963825  185.980499  44.411968
22.083313  185.114716  44.318657
22.621910  183.916321  44.986153
22.791477  181.669312  45.098274
23.550772  180.349915  45.180939
24.594147  178.697617  45.215076
25.475277  174.341202  45.489361
27.059994  170.766556  45.237370
28.945139  167.631927  45.042362
30.137720  165.367661  45.234138
31.367962  163.093063  45.197990
33.040344  160.456863  45.198513
34.796814  155.004608  45.424606
36.163696  150.447357  45.957825
37.446716  146.098587  46.622578
39.300652  140.244980  47.716454
41.084175  135.697174  48.736900
42.853577  129.718719  49.179001
44.808060  125.164696  49.712543
46.473526  121.189690  50.027920
48.125301  117.248367  50.568680
49.593086  114.279892  51.093857
50.763924  112.342484  51.377804
53.525986  108.761078  51.296322
54.155666  108.132530  51.129749
56.807743  111.704422  51.208378
59.080952  114.057442  50.355927
60.598141  114.978310  49.239491
62.251282  116.825516  48.012268
62.508179  119.056305  47.140446
62.728504  121.994583  45.546940
62.675217  124.781723  44.359600
63.444462  129.524963  42.982445
64.479088  135.922653  42.844883
65.800911  142.412445  40.334087
65.713478  147.337265  39.089733
64.741760  152.531555  38.507095
65.053612  158.679138  38.528076
65.653809  165.257370  37.449482
65.415680  169.890915  36.691746
64.537239  174.678680  36.786316
63.685944  178.851563  36.647064
62.814651  183.368057  36.714325
62.010536  186.563492  36.410088
60.242588  189.646500  36.800694
59.246784  193.324631  37.115776
58.258583  196.257904  37.168823
56.856323  199.291916  37.263294
55.476784  202.304031  37.458027
53.229324  203.584747  37.768906
51.804600  205.415344  38.088120
50.481628  207.086105  38.502216
48.992981  207.976608  38.891148
47.434414  208.292404  39.221706
45.734734  207.743301  39.351353
44.076122  205.944901  39.780033
42.737789  204.493515  39.949345
41.503590  202.756866  40.330902
40.830902  200.130493  40.608524
40.804035  196.546310  40.930992
40.442635  192.842194  41.202751
40.169666  189.186813  41.658348
40.137470  184.701508  42.222160
39.901310  179.598679  42.501087
39.774014  173.921646  42.480576
40.759075  170.560165  42.643951
41.134583  167.350845  43.560791
41.893196  164.308929  44.241608
42.764080  161.517838  45.196079
44.111050  158.997223  45.905521
45.200172  156.811096  46.601662
45.974648  154.752655  47.357212
46.209221  153.236511  48.111095
48.018135  150.216751  48.029110
49.724854  149.882568  46.987514
50.781120  149.382690  46.490952
51.450874  149.928909  45.592525
52.154556  150.732010  44.558491
52.348156  151.637787  43.657124
53.487854  153.789719  42.179482
54.834255  157.630188  40.635990
55.511475  160.431351  39.376793
56.098354  163.650772  39.392872
55.959618  168.215881  39.171783
55.914314  172.315369  38.573708
55.680122  175.445313  38.226437
55.580345  180.677826  38.084457
55.391125  184.457550  37.828583
55.402531  187.521423  37.407116
55.265957  191.389694  37.794300
54.974682  194.300964  37.919044
54.435116  196.515091  37.724998
53.379482  199.488541  37.955406
52.682838  202.525833  38.032124
52.386143  204.550110  37.953171
51.714649  206.026459  38.104305
51.467934  207.204056  38.176357
51.352772  208.075043  38.196892
51.378098  208.908142  38.087555
51.410648  209.353668  37.918964
51.312584  209.457428  37.676327
51.275642  208.525436  37.604973
51.297066  207.055328  37.648582
51.433952  205.642807  37.667652
51.805725  203.250076  37.929127
52.703014  201.195435  37.781219
53.649090  199.133667  37.651909
53.784336  196.848206  37.571445
54.268456  194.771576  37.668888
55.024132  191.778458  37.965538
56.775787  187.810333  37.584637
57.368839  183.751373  37.822086
58.444511  181.090500  38.263618
60.136074  177.799072  37.782249
61.793388  174.048264  37.937962
62.435493  169.165588  38.572540
62.996017  165.175018  39.156319
64.111397  162.322968  39.738213
65.370636  159.796982  39.935764
66.215950  158.125046  39.964256
66.884949  156.084244  39.936256
67.905998  153.786316  40.135544
68.646317  152.161865  40.290474
69.571304  150.415848  40.204704
70.564461  148.271912  39.931717
71.792206  146.379700  39.742805
72.649742  144.986832  39.796806
73.451035  143.745422  40.027771
74.273788  142.788956  40.018864
75.377014  141.453156  39.800838
76.019867  140.585114  39.727222
76.302994  139.959381  39.832443
76.553757  139.344711  39.963825
77.230652  138.394669  40.273926
77.762039  137.657059  40.514469
78.085960  137.194809  40.679455
78.256393  136.809601  40.880157
78.333214  136.482422  41.118347
78.593796  135.981888  41.359520
78.772438  135.471451  41.700111
78.714340  135.094376  42.045094
78.619591  134.771011  42.412418
78.521484  134.499756  42.749012
78.565346  133.924698  43.187931
78.563766  133.192368  43.664856
78.224442  132.752518  43.836010
78.119652  132.245468  44.018520
77.980614  131.723129  44.261906
77.805099  131.641418  44.361244
77.695465  131.579208  44.400181
77.626915  131.444748  44.264313
77.503456  131.176865  44.469971
77.380211  131.038086  44.605000
77.243446  131.030060  44.647114
77.126564  131.033203  44.677231
76.960960  131.037125  44.725979
76.573654  130.955078  44.853146
76.310669  130.971893  44.919811
76.077797  131.005997  44.929848
75.936836  131.032288  44.968697
75.754883  131.053284  45.042957
75.575996  131.064880  45.120098
75.337753  131.092987  45.186943
75.215111  131.006104  45.263123
75.099777  130.974075  45.310581
75.049019  130.919586  45.364941
74.911980  130.910812  45.417091
