-86.630081   211.260498  -52.738541
-86.548683   211.072159  -52.775284
-86.547981   211.070709  -52.772152
-86.545670   211.061218  -52.771061
-86.547989   211.067886  -52.749069
-86.549385   211.071121  -52.735569
-86.542107   211.033798  -52.725124
-86.541702   211.038895  -52.715782
-86.542213   211.048538  -52.708199
-86.541649   211.060181  -52.700191
-86.539505   211.081177  -52.697704
-86.537544   211.127686  -52.691833
-86.536858   211.156738  -52.688637
-86.525215   211.186859  -52.692451
-86.463264   211.199814  -52.643726
-86.413857   211.143768  -52.571358
-86.333389   211.142136  -52.467026
-86.298218   211.171143  -52.422756
-86.250336   211.250931  -52.360897
-86.224716   211.319244  -52.325016
-86.207985   211.407196  -52.276142
-86.186409   211.492722  -52.106213
-86.172890   211.544006  -52.002350
-86.152016   211.634155  -51.834553
-86.138603   211.690842  -51.740166
-86.113892   211.740799  -51.647736
-86.093864   211.812881  -51.486149
-86.079712   211.847672  -51.413425
-86.051491   211.920685  -51.209984
-86.033134   211.973358  -51.084038
-86.008789   211.999252  -51.000217
-85.947098   212.014481  -50.938713
-85.919594   212.026093  -50.911381
-85.886101   212.069595  -50.880043
-85.868568   212.125534  -50.862354
-85.855988   212.164932  -50.852005
-85.855316   212.211670  -50.796032
-85.853928   212.238251  -50.767113
-85.855392   212.327438  -50.728836
-85.858795   212.358582  -50.712132
-85.861084   212.424316  -50.687210
-85.858803   212.481400  -50.672932
-85.865265   212.529770  -50.655613
-85.900253   212.598160  -50.634796
-85.915871   212.626190  -50.628201
-85.939682   212.664505  -50.617870
-85.951195   212.701187  -50.612347
-85.957840   212.742310  -50.607849
-85.968857   212.800095  -50.600620
-85.975060   212.831619  -50.596615
-85.982574   212.891983  -50.590397
-85.985931   212.923981  -50.586864
-85.992317   212.947723  -50.582466
-86.001457   212.975571  -50.582439
-86.003555   212.999146  -50.583046
-86.005287   213.030411  -50.584114
-86.004066   213.059402  -50.584785
-86.001556   213.090042  -50.585762
-85.993988   213.135361  -50.591503
-85.995461   213.153671  -50.594826
-86.002106   213.157013  -50.613636
-86.003464   213.155243  -50.629013
-86.004013   213.158630  -50.644547
-85.995995   213.160492  -50.671677
-85.997665   213.158676  -50.687164
-85.997673   213.175446  -50.715313
-85.998932   213.173431  -50.735123
-85.995888   213.171295  -50.758335
-85.986374   213.192596  -50.791046
-85.977036   213.206696  -50.809586
-85.966698   213.242813  -50.838665
-85.962189   213.295074  -50.850925
-85.959229   213.417572  -50.866573
-85.952286   213.487427  -50.874706
-85.949577   213.550766  -50.885571
-85.943756   213.671799  -50.901867
-85.944221   213.741776  -50.908920
-85.949844   213.879700  -50.919464
-85.957420   213.987000  -50.923565
-85.964027   214.040604  -50.929615
-85.974823   214.110123  -50.939510
-85.986176   214.080811  -50.956039
-85.988869   214.062317  -50.960815
-85.998077   213.997391  -50.975163
-86.073692   213.757187  -51.002285
-86.211845   213.156448  -51.043079
-86.402298   212.507538  -51.053802
-86.558922   211.832291  -51.042099
-86.765129   210.253448  -50.933502
-86.957458   209.330002  -50.822533
-87.451019   207.365692  -50.534218
-87.737099   205.853973  -50.234154
-87.945831   204.223434  -50.030205
-88.327911   201.428665  -49.718418
-88.459641   199.511383  -49.411652
-88.714142   195.929321  -48.964310
-88.858063   193.660309  -48.785645
-89.014671   189.969513  -48.324211
-89.205986   186.348373  -47.976986
-89.111389   183.201187  -47.649654
-88.723846   178.450363  -46.270126
-88.857262   175.737381  -45.673691
-89.309723   170.685608  -44.907791
-89.658752   167.186188  -44.389709
-89.958252   163.725174  -43.954891
-90.531403   158.036118  -43.071335
-90.774918   154.772583  -42.454029
-91.312157   149.109787  -41.381165
-91.598183   145.429764  -40.683571
-91.543045   141.155243  -39.598358
-91.411041   135.013931  -37.703529
-91.291641   131.549561  -36.801926
-90.793037   125.630211  -35.021271
-90.521202   121.645660  -34.002205
-89.542397   117.566299  -31.998425
-88.458191   112.165169  -29.493082
-87.608177   109.016998  -28.476841
-86.149506   104.434677  -26.843115
-85.274429   101.731415  -26.112659
-83.592682   98.565102  -24.689171
-81.833702   94.294090  -22.639315
-80.719185   92.444031  -21.829638
-77.915215   89.218269  -20.329792
-75.796387   86.774170  -19.404259
-73.508705   84.847061  -18.535231
-70.308914   82.595909  -18.204752
-68.574471   81.716606  -18.487259
-65.112709   80.517471  -19.249704
-62.800327   79.929955  -19.544468
-59.196507   79.502701  -20.255844
-56.269508   79.901756  -21.169819
-53.351917   80.598999  -22.006041
-48.994019   81.432816  -23.676708
-46.996658   81.738304  -24.543550
-44.113659   83.318146  -25.671888
-41.622780   84.251534  -26.209234
-38.849697   84.232803  -28.240854
-34.601105   84.705460  -30.407650
-32.173256   85.477791  -31.411301
-29.229485   87.825447  -33.392693
-26.276846   89.339279  -35.028019
-22.553638   92.900291  -35.316956
-17.756752   98.770744  -34.784985
-16.043999   102.192604  -34.257751
-14.522659   105.568550  -34.859066
-12.450199   109.167007  -35.807259
-10.879767   112.630547  -37.092728
-9.059059   117.568092  -38.999920
-8.216123   120.885330  -39.316433
-6.703756   127.516922  -41.430931
-5.913515   132.351166  -41.829174
-5.232027   136.577286  -42.737026
-4.695188   143.722641  -43.874065
-4.322898   147.618256  -44.321903
-4.153147   154.852097  -44.916130
-4.128059   158.058762  -45.411491
-4.184459   163.772781  -46.303688
-4.313151   168.656570  -47.647427
-4.338606   172.270737  -47.487286
-4.534692   177.967590  -48.642754
-4.587839   181.145020  -48.747513
-4.802788   187.442886  -48.921093
-5.147872   191.326462  -49.270580
-5.340775   195.017975  -49.410622
-6.120809   199.378754  -48.939163
-6.471410   202.724060  -48.680252
-7.073881   207.403137  -48.829956
-7.724804   211.768845  -49.459419
-8.236421   214.523788  -49.807903
-9.231487   218.858719  -50.435299
-9.819874   220.967239  -50.627254
-10.863958   224.482193  -49.993595
-11.753825   227.807800  -49.440525
-12.469359   231.555206  -48.673923
-13.141894   236.377884  -47.214157
-13.671126   238.440842  -46.545795
-14.316083   241.651077  -43.953835
-14.781958   243.178650  -42.841984
-15.286218   244.788757  -41.651661
-15.785037   248.643631  -38.568104
-16.120335   249.971252  -37.464027
-16.609560   251.200180  -36.040203
-16.971811   251.624481  -35.565708
-17.484823   252.175552  -35.015488
-17.905231   252.544876  -34.698067
-18.198776   253.047623  -34.459358
-18.597332   254.282776  -34.089832
-19.049746   255.432968  -33.737335
-19.491079   257.483246  -33.179600
-19.165049   259.033936  -30.243114
-18.583256   259.451477  -27.432037
-16.812864   260.297821  -24.630114
-15.067729   260.461029  -23.541025
-13.386379   260.583160  -22.689598
-12.439383   260.472748  -22.470348
-10.491358   258.926117  -21.911804
-5.211163   255.620590  -18.915844
-2.821726   253.082153  -17.919662
1.974320   246.891205  -16.523964
5.277582   241.541809  -15.371494
9.205791   237.608902  -13.778628
15.430848   230.497665  -13.040597
18.786053   225.775848  -13.474512
24.550926   216.099396  -14.471346
28.971230   208.409012  -13.989738
33.864395   201.699585  -13.332150
46.765270   180.779190  -9.591024
49.362240   177.751282  -8.328411
51.237152   173.379730  -7.862012
52.918259   169.600494  -7.019107
53.554752   167.698196  -7.585655
53.940788   165.611740  -8.479722
53.795826   165.089401  -8.991215
52.625824   163.842926  -9.942241
51.033310   163.284729  -10.276248
48.083462   162.796631  -10.395925
42.086197   161.872330  -10.363022
38.319317   160.809082  -9.744538
32.142029   158.380753  -8.481368
28.227533   155.735229  -7.454656
25.239620   153.385239  -6.310087
21.674877   149.631088  -4.628472
19.940556   146.606644  -3.565662
17.952587   139.455399  -1.413298
18.121948   132.953079  1.497283
18.766087   127.027405  4.282199
21.225010   120.578453  6.863293
22.386658   117.969444  7.986697
26.202501   113.682899  9.240508
28.320772   111.412811  9.835792
30.469606   109.589050  10.049318
33.981552   107.510521  9.986272
35.785294   107.009834  9.399130
37.835640   106.682198  8.322189
39.554264   108.224770  6.791481
41.123230   111.389259  4.786429
43.094357   117.163284  0.776972
44.044262   120.821083  -1.380209
44.570271   126.542694  -4.400174
44.557842   130.296310  -5.823411
44.754025   139.227325  -8.951378
44.281563   147.259872  -10.830374
43.536945   153.932388  -11.744768
42.678600   164.603226  -12.418916
41.871265   170.493210  -13.312364
40.197456   180.337357  -15.234922
38.947460   186.515060  -16.122099
38.047714   191.825119  -17.363058
37.271133   200.884201  -17.297289
36.472244   205.110474  -17.567339
34.863945   211.933105  -18.172558
34.019608   217.740082  -17.601389
33.153461   221.934570  -16.804058
32.380363   228.282593  -16.044361
31.930761   231.170471  -15.924037
31.245775   234.713593  -15.564439
30.838503   236.421387  -15.496185
30.658598   237.900513  -15.427814
30.293333   239.917130  -15.446708
30.160801   240.654022  -15.458039
29.885988   241.371094  -15.361508
29.778099   241.548203  -15.237300
29.836678   241.636581  -14.863959
29.875978   240.469696  -14.048630
29.620625   238.693054  -13.975400
29.969887   234.038239  -13.423162
30.882027   230.382462  -12.574358
32.019520   226.737045  -11.838762
32.550522   219.422470  -11.894503
33.383572   214.782013  -12.081986
35.453808   203.103363  -12.737731
37.434330   197.462250  -12.442382
38.779888   185.030884  -12.124071
40.097157   179.195938  -11.695144
41.313358   172.591019  -10.515064
43.501892   163.582047  -5.083543
44.215794   159.260880  -2.703283
46.100075   150.862640  -0.168812
49.432652   147.060074  0.712311
52.066578   142.860092  1.859515
55.167809   137.360474  4.746572
57.718044   136.672134  7.497474
61.155441   135.335571  13.013735
65.669365   134.393112  14.031541
68.820801   133.558838  14.378264
72.573326   131.687332  14.193588
74.834084   130.499695  13.810213
82.056847   131.610443  12.547440
85.999962   132.388748  11.682320
88.707047   133.368423  10.453459
92.646858   135.399521  8.236851
94.099579   137.363098  7.706289
96.721970   140.821472  5.498463
98.134216   143.789322  3.880616
99.590805   147.315125  1.365480
101.060387   153.736145  -3.213190
101.487427   157.502136  -5.868917
100.603531   162.412369  -8.454994
100.036514   165.338272  -9.586835
98.280350   169.703659  -11.240491
96.745483   172.095306  -12.074613
95.361443   173.874252  -12.615084
93.329247   176.188446  -12.971613
92.034348   176.870667  -13.061290
89.122673   176.699753  -13.007310
87.210083   175.706650  -12.953981
85.545853   174.108795  -12.797771
83.635910   171.379150  -12.448569
82.925537   169.631531  -12.187234
82.385033   166.395630  -11.735828
82.415611   163.764572  -11.344826
82.941856   160.773727  -10.989013
84.787605   156.226700  -10.565126
86.189781   153.778183  -10.929056
89.508301   150.951370  -12.382384
92.530029   150.348938  -13.803120
95.437958   150.712585  -15.099108
99.577026   151.747299  -16.513653
102.046356   152.691864  -17.494753
105.710258   155.035553  -18.669720
108.010994   157.493576  -19.588968
109.190536   159.681168  -20.427509
110.652328   164.061798  -21.645899
110.934059   166.770111  -22.260668
111.021538   171.344925  -22.961124
111.013351   174.334442  -23.139664
110.777817   176.917343  -23.338623
110.166534   179.937790  -23.627455
109.777412   181.316315  -23.745348
108.803291   183.027359  -23.722431
108.267776   183.654282  -23.689119
106.859985   183.156479  -23.358030
106.046799   182.150055  -22.975519
104.536674   179.221176  -21.835917
102.356628   172.000519  -19.298420
101.893524   167.776459  -17.841864
102.113708   163.975754  -16.814583
103.120583   158.289963  -15.209845
104.469696   155.705078  -14.458923
107.137611   151.966446  -13.339907
109.060333   149.475525  -12.870634
111.111107   147.163788  -13.278336
114.650345   144.259171  -13.983666
116.770378   142.964005  -14.517414
120.751358   142.054855  -15.557260
123.291862   142.026550  -16.212629
126.733566   142.893234  -18.015013
132.123779   145.683258  -20.973251
134.708420   148.197891  -22.434948
138.042236   152.992447  -24.298334
140.157928   156.710281  -25.310619
141.668060   160.391281  -26.287180
143.482620   166.164383  -27.715849
144.221710   169.309799  -28.393461
144.677612   173.721848  -29.160475
145.003372   179.135681  -29.221897
144.988068   180.709412  -29.202707
144.988205   181.820007  -29.042057
144.939148   182.736313  -28.684217
144.889084   182.754974  -28.453409
144.627655   181.984497  -26.108454
144.528397   180.617950  -24.960455
144.640198   178.721817  -23.666746
145.087341   174.704712  -21.267879
145.338516   171.845932  -19.653376
145.796524   166.502853  -16.806818
147.131592   163.503296  -14.586357
148.340836   161.200836  -13.175313
150.755386   158.333817  -11.318314
152.559860   157.705002  -10.655948
156.644547   158.759613  -10.418379
159.519135   160.673828  -10.408113
162.351166   163.686340  -10.844454
167.624649   170.545044  -11.811863
170.087738   173.627441  -12.309973
173.890244   178.004654  -13.030206
177.254303   181.490906  -13.292845
180.151871   184.923080  -13.603740
183.960342   189.382828  -13.624613
185.435715   191.529663  -13.371660
188.142181   194.780807  -13.129065
189.306580   195.962982  -13.069153
191.713898   197.455978  -13.597565
193.101089   197.484818  -13.831873
196.066010   194.819641  -14.945022
196.585510   192.723404  -15.405138
197.285736   187.625687  -16.290445
197.456711   183.240402  -16.637897
197.166397   177.822983  -16.715614
196.584595   167.626251  -16.689724
196.543182   160.823578  -15.313815
195.504211   148.325989  -12.151908
195.726105   140.291702  -9.229693
195.901810   133.408997  -6.470387
198.170090   124.132767  -1.208459
194.418213   117.178528  1.976572
192.772797   109.714676  6.447058
192.731598   105.304070  8.597634
192.944885   101.450882  10.736571
194.474701   93.777603  14.213943
193.603027   89.935226  14.990149
188.016403   77.892464  17.453844
187.160202   73.480270  17.610527
189.226883   72.197296  18.489534
166.588135   61.152039  19.103003
166.593658   63.501431  16.555264
172.009857   66.684181  13.818900
171.322556   66.071838  13.574314
169.540497   65.480148  13.641088
166.869202   65.337181  13.408097
162.841385   66.020439  12.596433
157.949951   68.124573  10.845184
156.010971   69.093277  10.424035
155.000320   69.990074  10.208743
154.202560   70.965935  9.841798
153.519165   72.295761  9.212170
152.711945   74.590004  8.430255
152.643097   77.101730  7.628101
152.757111   80.801109  6.452066
154.806671   85.244781  4.985595
156.777283   89.647537  4.336248
159.865784   95.126678  3.826843
161.857986   97.755104  2.897675
167.281586   103.328026  1.118794
169.154114   105.641228  0.084039
173.415588   108.155159  0.546604
179.011337   111.282745  1.100124
181.950241   113.585716  0.860833
188.246567   116.881638  0.565884
193.014618   118.847412  0.713783
198.033829   120.229881  1.943594
204.299866   123.491722  3.340362
207.057266   125.226135  4.243494
208.967560   126.437164  4.869738
210.737549   127.462357  5.622265
213.257706   129.117737  6.134904
215.495041   130.346283  6.961859
216.083328   130.408310  6.561424
216.481598   130.625244  6.134973
217.213989   131.102478  6.065837
218.538498   132.578568  6.275321
219.286530   133.598816  6.619642
219.664810   134.107895  6.927666
219.605606   134.319702  7.357762
220.217239   134.959885  7.701543
220.809525   135.504288  7.874554
221.417343   135.989288  8.041105
222.569916   136.669495  8.244167
223.988083   137.483917  8.726925
225.215851   138.252014  9.070752
226.506958   139.033310  9.611785
227.106232   139.492401  10.023184
227.670349   139.832947  10.309446
228.363907   140.021210  10.830162
228.755432   139.860565  11.280892
228.895172   139.795563  11.488770
228.222229   138.698257  12.196839
