-96.651917   174.011444  -26.312824
-97.214859   173.391052  -26.579346
-97.370049   173.247330  -26.632994
-97.509880   173.111679  -26.681351
-97.814568   172.864670  -26.765247
-98.026741   172.727493  -26.809946
-98.323723   172.504196  -26.917240
-98.411118   172.435028  -26.947815
-98.611649   172.299240  -26.959225
-98.834938   172.173141  -26.982443
-99.272453   171.833115  -27.058529
-99.385529   171.756973  -27.067104
-99.540001   171.589386  -27.098934
-99.710419   171.439117  -27.126904
-99.783424   171.406387  -27.121916
-99.861038   171.356110  -27.097834
-99.989365   171.267303  -26.980537
-100.201920   171.183746  -26.810890
-100.254715   171.193008  -26.763451
-100.313477   171.215271  -26.701090
-100.370277   171.240662  -26.635979
-100.381554   171.264236  -26.612591
-100.381454   171.317352  -26.580681
-100.381554   171.372833  -26.549812
-100.339920   171.467438  -26.524015
-100.323341   171.505615  -26.513926
-100.339294   171.544678  -26.474384
-100.329056   171.642487  -26.427855
-100.318642   171.684204  -26.414488
-100.312485   171.732544  -26.397942
-100.308189   171.774826  -26.382582
-100.296036   171.854141  -26.364223
-100.290298   171.889999  -26.355471
-100.312416   171.922485  -26.348581
-100.342163   171.965012  -26.340481
-100.454422   172.015991  -26.429195
-100.603302   172.088409  -26.571241
-100.737625   172.203415  -26.725594
-100.790108   172.227676  -26.812578
-100.837700   172.264236  -26.916225
-100.821098   172.297470  -26.970264
-100.849525   172.361389  -27.060865
-100.869858   172.393707  -27.099529
-100.895096   172.443100  -27.164965
-100.935249   172.499252  -27.253546
-100.929848   172.555878  -27.298889
-100.897781   172.579773  -27.431793
-100.824677   172.601334  -27.614996
-100.660156   172.639328  -27.864185
-100.574760   172.661133  -27.944500
-100.420517   172.714844  -28.063643
-100.152328   172.819580  -28.214365
-99.965096   172.917038  -28.288403
-99.650200   173.060806  -28.456121
-99.311523   173.247192  -28.630274
-98.760056   173.642471  -29.141285
-98.527023   173.795761  -29.353542
-98.233208   173.899750  -29.689068
-98.118782   174.265747  -30.114071
-98.263290   174.399948  -30.248306
-98.910133   174.717422  -30.420286
-100.448250   174.987915  -30.490362
-101.746834   174.882294  -30.449926
-105.913338   175.524048  -29.467270
-110.365654   175.837189  -28.509686
-115.001305   175.387909  -27.527542
-116.888756   175.059753  -27.208170
-119.476624   174.300705  -26.735300
-122.318382   172.439499  -26.252958
-123.042671   171.793259  -26.192694
-123.440605   171.147324  -26.342123
-122.787193   169.851700  -26.692379
-120.901390   168.074295  -27.755598
-119.078751   166.729767  -28.663561
-114.988770   164.076508  -30.010916
-109.557693   160.458817  -31.568825
-107.348679   158.652527  -32.345516
-104.721687   156.128174  -33.055035
-102.465485   153.321304  -33.543446
-100.202095   148.920074  -34.171696
-99.920036   147.238602  -34.289326
-100.126617   144.209702  -34.077450
-101.888458   138.845261  -31.683270
-103.551369   136.539902  -30.692711
-105.875366   133.741882  -29.504898
-109.487961   130.805542  -26.238230
-111.009476   130.000946  -24.620844
-112.707413   129.462845  -23.222931
-113.585457   129.077728  -22.509491
-114.410858   129.244934  -21.708811
-114.604744   129.761459  -21.328327
-114.508453   132.164017  -20.593220
-112.694611   137.080719  -19.930336
-110.429390   140.175629  -20.082563
-106.613518   144.933716  -20.548601
-102.101036   149.959808  -21.321665
-94.281075   158.215225  -22.598026
-90.860214   160.966293  -23.370712
-86.426208   165.339813  -23.963242
-79.806435   170.479080  -25.248999
-77.023987   172.674088  -25.912262
-74.288467   175.469360  -27.251015
-70.366959   180.119446  -29.247950
-68.862587   181.881912  -29.867708
-67.343773   183.491638  -30.471247
-65.987411   184.989700  -31.387312
-64.836128   186.156876  -32.184452
-64.667908   186.332672  -32.419605
-64.647522   186.255859  -32.559597
-64.763489   185.806458  -32.883629
-64.971542   184.936691  -33.290882
-65.447647   181.494873  -34.181408
-66.023857   175.926605  -34.977581
-66.479866   167.396301  -35.801868
-66.507645   163.783966  -35.670151
-66.715645   159.058365  -35.290146
-66.723656   153.691849  -33.946625
-66.807312   151.643829  -33.299747
-66.475868   149.265717  -32.382530
-65.678345   147.551682  -31.392160
-64.691841   146.408737  -30.485090
-64.002914   146.226822  -30.173594
-62.449032   146.523514  -29.642170
-59.546852   147.509583  -28.835327
-57.869255   148.760910  -28.880230
-54.961945   151.298126  -28.755960
-50.331474   155.029510  -28.175007
-47.934299   156.782196  -28.469625
-44.285179   159.176376  -28.577923
-40.543304   161.553528  -28.862829
-35.431343   163.662796  -29.416803
-33.625118   164.105331  -29.702654
-31.013418   163.952499  -30.616385
-27.444593   162.472305  -31.845217
-25.838963   161.223724  -32.288986
-18.195522   149.604797  -33.745625
-16.950891   147.120117  -33.944798
-14.605522   143.355011  -34.632587
-10.488249   138.820450  -35.041679
-7.914124   137.746399  -35.132416
-3.867568   136.850708  -35.551811
0.269949   137.386047  -35.185741
5.503945   138.570557  -34.745419
7.216028   139.606445  -34.673435
9.102730   141.138062  -34.491249
10.624082   144.182755  -34.108162
10.817890   145.523361  -33.839016
11.042819   147.352646  -33.306656
11.580627   149.581253  -32.744202
12.102923   150.294724  -32.643772
13.196342   151.126816  -32.827812
14.650650   151.202728  -33.023521
17.134886   150.217392  -33.403931
18.365072   149.397903  -33.560707
20.737591   147.523621  -33.741093
24.318979   144.733902  -33.925926
26.176701   143.495331  -33.903427
29.161644   141.996048  -33.606888
32.335155   141.118729  -33.275063
36.841930   140.795654  -32.814137
38.653599   141.066986  -32.543446
41.382965   141.995026  -32.130669
45.449486   144.054352  -31.316477
47.294964   145.289383  -30.971708
49.783375   147.116669  -30.557615
52.451866   148.999191  -30.081110
56.086624   151.250366  -29.546875
57.420406   151.858078  -29.366623
59.777893   152.461838  -29.041265
62.670876   152.516205  -28.838823
63.938938   151.994812  -28.856731
65.234138   150.586487  -29.046749
66.605309   147.523499  -29.688265
67.204491   145.421524  -30.095421
67.998680   141.817795  -30.650192
69.015488   137.954330  -31.095463
70.651619   133.981293  -31.196220
71.509781   133.019577  -31.199036
73.104561   132.075851  -31.326702
75.670532   130.592728  -31.100241
76.778130   129.446304  -30.998308
77.803490   127.333733  -30.688147
79.188423   124.228287  -30.425631
81.353760   119.305107  -30.553556
82.420639   117.590034  -30.123596
84.075745   116.148880  -29.015944
86.162674   115.473869  -28.067129
87.187904   116.260521  -27.613785
89.103798   119.141220  -27.040817
92.121750   125.418869  -26.809174
85.534271   128.032547  -32.494576
91.037926   136.764389  -31.816898
94.706703   147.265747  -30.043562
97.070763   162.979858  -27.122593
97.248344   169.548782  -26.178234
96.990295   176.045044  -25.709812
96.763000   184.748535  -24.796120
96.890472   187.476151  -24.443918
96.880524   190.864288  -25.217060
97.305870   193.237152  -25.980326
98.385857   194.781631  -28.318239
99.008598   194.448181  -29.317825
99.967133   192.467377  -30.836260
101.304649   187.776657  -32.970974
101.952667   183.635696  -34.047127
103.200699   175.156357  -35.550552
104.555984   164.976013  -36.079460
105.520630   152.183578  -35.711578
106.242867   146.740738  -34.901981
106.758492   140.429214  -33.574661
107.475739   133.036240  -31.261957
107.661255   130.674713  -30.334909
107.964401   128.327332  -29.296999
108.946747   126.651741  -27.670435
110.152077   127.176521  -26.900436
112.023598   128.215408  -26.354368
114.610687   130.700699  -25.786486
119.130981   135.049927  -24.259809
121.253265   136.651062  -23.662594
124.530724   139.199677  -22.214088
129.578430   141.347046  -20.834311
131.898605   141.572159  -20.440109
135.531754   141.921555  -19.774065
139.112717   141.168976  -19.112415
144.466293   138.384308  -17.857924
146.402283   136.622925  -17.319965
148.054916   133.314758  -16.427969
149.487473   128.384018  -15.611997
149.365356   126.396042  -14.714197
148.866714   123.704453  -13.953092
148.791077   122.116066  -13.539753
149.106064   120.509872  -12.863938
150.198135   121.028549  -12.583278
152.435974   124.042908  -12.477337
157.072388   129.018707  -12.522952
158.537079   130.260269  -12.436414
161.718140   132.270950  -12.378065
167.196808   133.945282  -11.465091
169.472504   133.652435  -11.433290
173.250687   133.245041  -10.563856
176.254349   132.115128  -8.952794
181.887054   131.292816  -7.528437
184.685135   130.554840  -7.034355
187.071701   129.370819  -6.174718
190.477585   128.563278  -4.989722
192.608261   128.856354  -4.701965
195.352448   130.455917  -4.303465
199.130005   133.047440  -3.624475
207.246964   136.868698  -1.776985
209.006592   138.249725  -1.825872
213.861679   138.642029  -0.877724
229.342346   138.157257  -1.991817
235.098053   136.950165  0.207201
238.454269   138.355255  -0.192674
241.192688   135.499832  1.847466
249.935974   136.671478  10.009655
252.360397   138.662567  12.372477
255.155975   141.699997  13.037005
260.509399   151.011490  20.008636
262.743683   152.940720  26.088768
