-39.999279  143.528214  -151.391113
-40.100189  143.538040  -151.265549
-40.067627  143.365585  -151.177292
-40.053177  143.208313  -151.134064
-40.045128  143.058914  -151.092972
-40.042892  143.017731  -151.081650
-40.038715  142.941132  -151.060593
-40.035198  142.877014  -151.042984
-40.032120  142.821152  -151.027634
-40.029404  142.772049  -151.014145
-40.058228  142.767380  -150.984726
-40.074623  142.765137  -150.970505
-40.089645  142.763077  -150.957489
-40.103935  142.761108  -150.945114
-40.109097  142.762695  -150.941895
-40.088940  142.697662  -150.980087
-40.065815  142.634064  -151.022202
-40.044128  142.574509  -151.061630
-40.024376  142.520309  -151.097473
-40.006088  142.470184  -151.130600
-39.947460  142.366669  -151.224304
-39.841057  142.214569  -151.433044
-39.780586  142.111694  -151.554489
-39.675755  141.850540  -151.827637
-39.584743  141.624847  -152.063065
-39.510818  141.442200  -152.253159
-39.521690  141.302185  -152.361725
-39.530502  141.187469  -152.450562
-39.538189  141.086456  -152.528702
-39.544819  140.998672  -152.596542
-39.550610  140.921463  -152.656158
-39.700920  140.886826  -152.533340
-39.878147  140.871994  -152.429199
-40.033360  140.858948  -152.337799
-40.167400  140.847656  -152.258713
-40.280609  140.834320  -152.194290
-40.380257  140.822571  -152.137497
-40.469273  140.812057  -152.086685
-40.549610  140.802567  -152.040787
-40.622143  140.794006  -151.999283
-40.691017  140.785858  -151.959839
-40.745564  140.779404  -151.928574
-40.803543  140.772537  -151.895309
-40.854588  140.766495  -151.865997
-40.901535  140.760925  -151.839020
-40.945084  140.755768  -151.813980
-40.985531  140.750977  -151.790710
-41.023426  140.746490  -151.768906
-41.058613  140.742310  -151.748642
-41.091625  140.738388  -151.729614
-41.122677  140.734711  -151.711716
-41.151669  140.731277  -151.694992
-41.239113  140.737366  -151.603745
-41.337929  140.755081  -151.544708
-41.457703  140.760635  -151.430527
-41.534557  140.724197  -151.394608
-41.580811  140.699234  -151.380402
-41.512074  140.499435  -151.350739
-41.497112  140.368729  -151.346817
-41.484734  140.260880  -151.343552
-41.474098  140.168442  -151.340744
-41.464779  140.087601  -151.338272
-41.455494  140.019974  -151.343628
-41.459976  139.989365  -151.342255
-41.347794  139.923782  -151.298035
-41.257702  139.777374  -151.328751
-41.182541  139.654541  -151.354233
-41.211765  139.592087  -151.361313
-41.259289  139.603348  -151.341934
-41.414200  139.594116  -151.378845
-41.494282  139.533371  -151.375748
-41.574364  139.466171  -151.338486
-41.714809  139.358521  -151.288895
-41.843903  139.192902  -151.244064
-42.016541  139.009735  -151.168549
-42.279453  138.669907  -151.027023
-42.776459  138.039230  -150.743668
-43.210434  137.231735  -150.533188
-43.448685  136.284027  -149.761139
-43.752048  135.800949  -149.153244
-44.088779  135.398788  -148.153549
-44.441654  135.213867  -147.509842
-44.699184  135.094482  -147.158569
-44.875790  135.011368  -146.916992
-45.278851  134.893616  -146.803589
-45.853657  134.526245  -146.910660
-46.319103  133.984207  -147.257324
-46.771713  133.437805  -147.679764
-47.094074  132.804840  -148.173889
-47.314034  132.328873  -148.460281
-47.266922  131.860291  -148.833359
-47.278107  131.485641  -149.141586
-47.502659  131.102814  -149.500732
-47.738251  130.683975  -149.782166
-47.913025  130.425888  -150.031067
-48.173920  130.001251  -150.374603
-48.575333  129.483261  -150.672852
-48.936096  129.152100  -150.791229
-49.216049  128.893890  -150.934845
-49.402313  128.668365  -151.048904
-49.394798  128.330032  -151.071869
-49.439804  128.051361  -151.083572
-49.467979  127.818413  -151.087021
-49.483173  127.587112  -151.097977
-49.493607  127.412109  -151.105988
-49.574005  127.089188  -151.039108
-49.676010  126.599945  -151.036102
-49.767372  126.060791  -150.989014
-49.736759  125.280678  -150.928452
-49.981159  124.358803  -150.793701
-50.195778  123.651657  -150.714691
-50.342834  123.150742  -150.658722
-50.608631  122.323006  -150.486877
-51.150112  121.368317  -150.013687
-51.546005  120.434746  -149.575928
-52.005661  119.369743  -148.753143
-52.489887  118.512802  -148.045029
-53.149933  117.785736  -147.191208
-54.102974  116.991829  -145.911896
-54.770794  116.415092  -144.980438
-55.279541  115.612358  -144.069183
-55.478458  115.024918  -143.126358
-55.493023  114.235962  -142.663406
-55.537041  113.645111  -142.531036
-56.823071  114.043907  -142.131454
-57.547474  114.756310  -141.736572
-57.773037  115.013412  -141.681976
-57.660004  115.142303  -141.405579
-57.968216  115.520355  -140.848434
-58.504196  116.348190  -139.407623
-58.789722  117.177322  -139.732819
-59.336830  118.252846  -139.943939
-59.520626  118.677307  -140.439438
-59.923538  118.620987  -140.927353
-59.836636  118.362312  -141.775940
-58.558056  119.460449  -142.370728
-58.081005  119.881088  -142.862732
-58.632832  119.891510  -143.455414
-59.973217  119.193535  -144.033051
-63.013123  118.765602  -145.187531
-64.086693  118.469810  -145.621323
-64.840546  118.294624  -146.114639
-65.612549  116.945061  -147.053833
-66.118767  115.647285  -147.993958
-66.212433  114.042076  -149.024628
-65.968674  112.400093  -150.090408
-64.749329  110.836716  -151.097565
-63.780350  109.806595  -151.766403
-63.020531  109.097321  -152.153763
-62.434074  108.614265  -152.188583
-61.896824  108.265656  -151.835190
-61.251503  108.039146  -151.619003
-59.781765  107.993690  -151.442307
-58.451839  108.269974  -151.220627
-57.506779  108.413254  -151.180725
-56.832329  108.588203  -151.140244
-56.007813  108.251266  -151.558044
-55.154457  107.843422  -152.058228
-54.120735  107.245872  -152.730148
-53.165802  106.597191  -153.417221
-52.513233  106.148369  -153.903290
-52.684448  105.817253  -154.055344
-53.625881  104.749390  -154.471298
-54.679417  103.197319  -155.188934
-55.056259  101.230400  -156.213715
-55.397636  99.214157  -156.957764
-55.846092  97.667923  -156.958725
-55.636024  95.537743  -156.649841
-55.479580  94.373703  -156.448776
-54.644192  92.185143  -156.360016
-54.086086  90.916573  -156.270630
-53.481285  90.237724  -156.176544
-52.807610  89.835762  -156.114365
-50.943760  87.384583  -155.739639
-49.898796  84.087364  -155.038391
-48.603725  82.173767  -154.524261
-48.424606  82.107582  -153.953766
-48.943600  82.403099  -153.415558
-49.171616  83.380127  -152.480835
-49.244717  84.302383  -151.361465
-49.137142  84.605270  -150.046051
-48.419418  83.750374  -149.123169
-47.825920  82.834953  -147.980835
-46.177094  82.110626  -147.776245
-45.264980  81.022675  -147.449875
-44.633942  79.998589  -146.846649
-43.929512  79.348915  -146.321228
-43.173637  78.526558  -145.794510
-42.817810  77.692108  -145.016449
-43.047592  77.373917  -144.325562
-43.294842  77.046867  -143.730560
-43.269775  76.591072  -143.293854
-43.413609  76.051315  -142.619110
-41.737720  77.363892  -137.127365
-41.320324  78.525749  -131.818588
-41.729816  78.069145  -131.707550
-41.448673  77.190277  -132.818176
-41.408291  76.124420  -134.853470
-41.503525  76.646088  -138.322037
-40.894917  78.778091  -140.245636
-40.111843  79.554085  -142.641357
-39.074047  80.233559  -143.831070
-37.838619  82.055908  -144.822693
-37.469971  82.520058  -145.553818
-36.053844  82.721436  -146.703598
-34.402195  81.580360  -147.453110
-30.495165  80.272705  -147.272018
-28.608072  79.867050  -146.990891
-27.883633  79.548531  -146.758804
-28.520506  80.868561  -144.682465
-25.881126  80.077652  -142.611252
-10.308149  74.386612  -138.573898
-4.206027  72.212097  -136.482513
0.364289  70.323532  -135.439636
6.272896  68.271858  -133.718048
10.011328  66.992035  -132.343658
11.662037  65.330048  -131.217361
12.340312  64.579239  -130.682495
13.305960  63.210175  -128.979904
13.010625  60.876659  -127.079277
12.726649  58.973816  -125.395432
12.697609  57.072266  -124.059105
12.257193  55.918995  -123.743523
12.319198  54.532284  -123.296043
12.122605  53.357788  -124.775604
11.956734  52.698681  -125.337196
11.266214  52.465336  -126.414490
7.317408  50.812283  -126.505402
4.713767  49.077679  -126.666504
0.357212  45.247269  -124.468994
-3.638024  43.040546  -123.455162
-7.050521  40.917328  -123.576508
-10.060055  39.425388  -123.832718
-13.202342  38.023472  -124.294357
-18.435474  37.809776  -126.533478
-21.492725  37.592525  -127.703743
-24.088024  36.633553  -127.951103
-28.950863  34.301491  -127.845573
-22.680252  26.115864  -128.306458
-24.680101  27.520601  -129.036911
-25.771011  29.147036  -129.755341
-26.471128  30.572779  -130.480087
-25.812840  32.522518  -130.750946
-25.026627  33.843132  -129.243103
-25.109711  34.299805  -128.724747
-25.084488  34.177811  -127.606209
-7.049128  36.548386  -124.022018
-7.341030  35.312912  -122.479286
-6.816609  34.730732  -122.127861
-6.506661  35.055927  -122.400665
-6.162461  35.143089  -122.819832
-5.945286  35.292126  -122.934128
-25.434402  35.946255  -123.215851
-27.224754  36.361534  -122.906570
-28.493147  35.336155  -125.412209
-32.360397  35.373119  -127.342346
-38.207481  36.323399  -130.034348
-40.121628  37.706219  -134.207443
-41.879204  36.243065  -135.424896
-42.065685  34.973186  -135.513031
-40.300369  35.465027  -135.676544
-43.465393  39.086159  -132.250305
-38.770229  39.473782  -129.331131
-34.671692  41.274498  -125.887444
-33.230675  43.507015  -124.610344
-35.061039  46.961704  -125.720970
-37.874527  49.021187  -127.892944
-40.704491  51.243267  -129.995773
-41.837711  52.640259  -130.873749
-41.959583  53.890720  -131.041840
-43.163857  55.482216  -131.536301
-43.971516  56.385445  -131.766983
-44.880768  57.053902  -131.718109
-45.638912  57.826267  -131.784912
-46.231018  58.611622  -131.889847
-47.016018  59.404053  -132.049072
-47.451962  60.341129  -132.704636
-47.703064  61.195705  -133.029846
-48.189548  61.808201  -133.255966
-48.321743  62.152092  -133.535400
-48.420658  62.738644  -133.666855
-48.628311  63.009556  -133.837646
-48.657177  63.170670  -133.925003
-48.555862  63.243889  -134.027344
-48.783333  63.523022  -134.352936
-48.992756  63.730450  -134.615967
-49.579346  63.904751  -134.990051
-49.959259  64.046371  -135.225021
-50.177597  64.088165  -135.361954
-52.012985  63.932922  -135.984055
-53.362320  63.783054  -136.492081
-54.152908  63.694355  -136.794968
