-87.230011   158.740601  16.395557
-87.238525   158.754074  16.384346
-87.252533   158.761795  16.384245
-87.276810   158.781570  16.381969
-87.294128   158.821121  16.375725
-87.308350   158.843414  16.372532
-87.315140   158.865189  16.370377
-87.328987   158.892578  16.369505
-87.346657   158.921280  16.369158
-87.354553   158.934616  16.368937
-87.375717   158.949173  16.372818
-87.400047   158.965363  16.384706
-87.421883   158.975357  16.396414
-87.441597   158.982819  16.408373
-87.452156   158.999130  16.422113
-87.463051   159.016586  16.435841
-87.473022   159.032639  16.448042
-87.484612   159.046799  16.461670
-87.506638   159.063828  16.478125
-87.555603   159.089722  16.505697
-87.608536   159.134277  16.539925
-87.683044   159.211639  16.595173
-87.752769   159.263580  16.655384
-87.800247   159.311295  16.711279
-87.841362   159.343857  16.759735
-87.876419   159.363907  16.803333
-87.913147   159.417084  16.850149
-87.946030   159.471603  16.890064
-87.969826   159.521362  16.928553
-87.995720   159.571487  16.973289
-88.024338   159.622330  17.018021
-88.049011   159.670105  17.056660
-88.073288   159.703125  17.091955
-88.093124   159.722122  17.125301
-88.107880   159.740585  17.154314
-88.120674   159.756271  17.180277
-88.130615   159.779907  17.200888
-88.138542   159.788330  17.222248
-88.144974   159.795975  17.242012
-88.149925   159.800644  17.259094
-88.150780   159.806244  17.277084
-88.151703   159.801559  17.296526
-88.147842   159.782074  17.320288
-88.147560   159.762024  17.335438
-88.144455   159.753662  17.353504
-88.141846   159.745941  17.370770
-88.137817   159.730865  17.388441
-88.135170   159.728119  17.402338
-88.134567   159.714493  17.418087
-88.132782   159.702133  17.432392
-88.132362   159.694748  17.445570
-88.140869   159.694138  17.478653
-88.143272   159.701111  17.487448
-88.145859   159.701187  17.505995
-88.150841   159.743637  17.537672
-88.153328   159.787323  17.565704
-88.161034   159.841675  17.594374
-88.167999   159.885971  17.620647
-88.173325   159.926575  17.644333
-88.179939   159.971924  17.665056
-88.185722   160.015976  17.683060
-88.198845   160.067459  17.706402
-88.203560   160.108734  17.728994
-88.206978   160.146240  17.748480
-88.209961   160.184570  17.764849
-88.213676   160.222168  17.779537
-88.234489   160.263855  17.802298
-88.254013   160.298813  17.823658
-88.278671   160.337296  17.851406
-88.292114   160.359344  17.867422
-88.307564   160.388412  17.887907
-88.322166   160.423264  17.906561
-88.340576   160.455872  17.919907
-88.362976   160.481033  17.937616
-88.375290   160.489975  17.943623
-88.398743   160.500641  17.948456
-88.412857   160.507767  17.951277
-88.426994   160.511154  17.953085
-88.442917   160.509491  17.944153
-88.478920   160.491470  17.838062
-88.510513   160.462570  17.757587
-88.553391   160.432617  17.702982
-88.608185   160.380081  17.650465
-88.630928   160.368362  17.631742
-88.660065   160.349930  17.608343
-88.690750   160.336533  17.579430
-88.735497   160.324661  17.551373
-88.765549   160.320023  17.529043
-88.789833   160.298538  17.512503
-88.797287   160.229111  17.494778
-88.839363   160.082794  17.452337
-88.868423   159.964752  17.425253
-88.896828   159.847198  17.395351
-88.887306   159.681244  17.366140
-88.870293   159.490906  17.340801
-88.654991   159.315338  17.372795
-88.408379   159.123413  17.471413
-88.245651   158.854553  17.603722
-88.117035   158.541153  17.746305
-87.922684   158.113586  17.909201
-87.776276   157.672729  18.001989
-87.561874   156.835388  17.974346
-87.268997   155.847595  17.841404
-86.864098   154.731628  17.838200
-86.466660   153.470947  17.980503
-86.053368   152.486786  18.079840
-85.808853   151.266006  17.907827
-85.386345   149.932205  17.922855
-85.054787   148.626205  17.960070
-84.809753   147.276978  17.967422
-84.352158   145.533447  18.176088
-84.052498   143.379272  18.157536
-83.683022   141.541809  18.424179
-83.112679   139.319748  18.689060
-82.570068   137.242523  19.017925
-82.285332   135.137680  19.335009
-81.904091   132.991852  19.450354
-81.475311   130.743210  19.601309
-81.053955   128.295654  19.971979
-80.877502   125.797638  20.401455
-80.269104   123.524605  20.842245
-79.543121   121.019363  21.243780
-79.183495   119.046913  21.532866
-78.682365   116.988983  21.242119
-78.147095   114.607269  21.326370
-77.725136   112.251724  21.591801
-77.073410   109.693634  21.597675
-76.551041   107.254364  21.521870
-76.233116   105.168396  21.505985
-75.934280   103.095039  21.554901
-75.511505   100.999138  21.413937
-75.211212   98.958046  21.229172
-74.908897   96.995293  21.062387
-74.761475   95.633606  20.956669
-74.154709   93.905281  20.781591
-73.914017   92.808151  20.795471
-73.698616   91.664536  20.909109
-73.441338   90.804077  20.919027
-73.168259   89.885017  20.962776
-72.972763   89.011337  20.966682
-72.854492   88.163383  20.903811
-72.651550   87.640297  20.907042
-72.478134   87.109520  20.934401
-72.386581   86.760948  20.947317
-72.433731   86.535599  20.950325
-72.468956   86.396484  20.941525
-72.510262   86.324570  20.915941
-72.533630   86.329353  20.867146
-72.526932   86.539948  20.709913
-72.489113   86.969322  20.531847
-72.636482   87.492943  20.398796
-72.876465   88.236259  20.325188
-73.199219   89.236122  20.229139
-73.451881   90.364342  20.112558
-74.379341   92.519867  19.971834
-74.990616   94.854042  20.219042
-75.350517   96.664772  20.270615
-75.667145   98.061440  20.235029
-76.092079   99.968987  20.226885
-77.173347   104.627243  20.886541
-77.390350   106.211380  21.118395
-77.709480   108.000336  21.318367
-78.162949   109.758575  21.424891
-78.697487   111.526749  21.511486
-79.204552   113.428375  21.542677
-79.791016   115.400734  21.588482
-80.459167   117.354568  21.664719
-81.219124   119.386871  21.746960
-81.687943   121.606117  21.600327
-82.673409   125.093834  21.379972
-83.908638   129.536224  21.415134
-84.239738   130.830063  21.480099
-84.949150   132.369247  21.529402
-85.485924   134.069214  21.648178
-85.903534   135.351288  21.758629
-86.403824   136.758163  21.900793
-86.852036   138.272888  22.078671
-87.103020   139.463943  22.013090
-87.385132   140.514221  22.059771
-87.982323   141.584503  22.076025
-88.493919   142.487579  21.888241
-88.549698   143.386475  21.631828
-88.538918   143.859894  21.330091
-88.532669   144.186523  21.177521
-88.632370   144.559540  21.019962
-88.564278   144.974731  20.941179
-88.618591   145.377457  20.843973
-88.650932   145.681961  20.745775
-88.724678   145.961716  20.632248
-88.871620   146.123077  20.467949
-88.988319   146.268814  20.337294
-89.164864   146.278732  19.960831
-89.207527   146.428604  19.796532
-89.266464   146.640656  19.644569
-89.364212   146.790024  19.527819
-89.613945   146.521667  19.222702
-89.660347   146.561478  19.079334
-89.778358   146.576645  18.982841
-89.756706   146.784332  18.919611
-89.728920   146.930115  18.865990
-89.722527   146.994797  18.798176
-89.712265   147.057312  18.738895
-89.693428   147.137955  18.674387
-89.680473   147.255630  18.604759
-89.666344   147.415283  18.526205
-89.683434   147.514771  18.459131
-89.717461   147.633804  18.397238
-89.792572   147.606552  18.355253
-89.876266   147.511536  18.330263
-90.014893   147.349884  18.338097
-90.327240   146.992508  18.411470
-90.734734   146.511429  18.529844
-91.161217   146.088669  18.640907
-91.674316   145.693863  18.785164
-92.388298   145.200195  18.920881
-93.013367   144.848785  19.043579
-93.870285   144.386597  19.226204
-94.837372   144.036377  19.435862
-95.906593   143.815079  19.748184
-96.998840   143.591446  19.987303
-98.070114   143.380051  20.229959
-99.018356   143.251160  20.453463
-99.918663   143.244034  20.661119
-100.946625   143.500671  21.037619
-101.716049   143.726852  21.280617
-102.556740   144.123062  21.591362
-103.188820   144.497391  21.838688
-103.968719   145.194229  22.239420
-104.482368   145.740250  22.501745
-105.084961   146.722183  22.835819
-105.620117   147.588776  23.114578
-105.981674   148.648376  23.317354
-106.245728   149.493683  23.408873
-106.296715   150.591278  23.592907
-106.263794   151.555862  23.788626
-106.100426   152.865829  23.827007
-105.982033   154.042130  23.900867
-105.690598   155.415649  23.861704
-105.375351   156.404129  23.895273
-104.856270   157.809952  23.979441
-104.111526   159.162415  24.026958
-103.131531   160.582520  24.201298
-102.037621   161.998154  24.213993
-100.505089   163.375290  24.161007
-98.712379   164.547440  23.642437
-96.916420   165.482513  23.293213
-94.869217   166.650894  23.143435
-92.932289   167.487000  22.971294
-90.722427   168.673264  22.888760
-88.587303   169.260742  22.690052
-86.465096   169.977310  22.462458
-84.259720   170.438187  22.205746
-82.154785   170.813873  21.892843
-80.201698   171.275391  21.634754
-78.078308   171.397842  21.221863
-75.786598   171.353424  20.839588
-73.503342   170.925385  20.453171
-71.301315   170.568176  20.087719
-69.074333   169.922760  19.795454
-66.799660   169.252304  19.501301
-64.583549   168.174576  19.135433
-62.389881   167.057724  18.981499
-59.898727   165.401581  18.849955
-58.110294   164.540710  18.657198
-56.239349   163.059860  18.299246
-54.860176   161.808334  17.643984
-53.533916   160.820389  17.179075
-52.498646   159.851334  16.749430
-51.283329   158.570190  16.216173
-49.510372   155.903091  15.938822
-48.125652   153.373291  15.534242
-46.900776   151.578094  15.319522
-46.067600   150.066742  15.070984
-45.219498   148.310150  14.823299
-44.534958   146.966522  14.723103
-43.819141   145.240402  14.244861
-43.362160   143.987030  13.895505
-42.826679   142.854691  13.666889
-42.441891   141.898132  13.384317
-42.190437   140.749939  13.149196
-42.217911   139.664169  13.058503
-42.197052   138.502686  12.972212
-42.427624   136.998138  13.036553
-42.499748   135.312027  13.082918
-42.778149   133.756729  13.121669
-43.288448   132.189667  13.037659
-44.109379   130.585648  13.053295
-45.008671   129.080811  13.129427
-46.110737   127.560432  13.436525
-47.152134   126.137856  13.727104
-48.382744   124.987450  14.102482
-49.894680   123.826019  14.434264
-50.977894   122.888451  14.726859
-52.435104   122.012817  15.153901
-54.049061   121.190613  15.565500
-58.388657   119.224091  16.314829
-59.643398   118.923912  16.490368
-61.230103   118.526100  16.740313
-62.763100   118.118706  17.018759
-63.924919   117.920029  17.264030
-65.159813   117.651314  17.508429
-66.227669   117.436356  17.710657
-67.229630   117.219826  17.810867
-68.104355   117.068649  17.906063
-68.823059   116.925888  18.005959
-69.495918   116.811386  18.087618
-70.057144   116.718872  18.143175
-70.646957   116.674423  18.171635
-71.200325   116.535088  18.173332
-71.592751   116.427467  18.176350
-71.937057   116.312897  18.192099
-72.274582   116.207375  18.180733
-72.529930   116.131622  18.170977
-72.816299   116.052452  18.174555
-73.069351   116.018303  18.186792
-73.315430   116.010712  18.201887
-73.521057   116.008949  18.207729
-73.674149   116.018021  18.211208
-73.799019   116.021172  18.213919
-73.945915   116.015831  18.214682
-74.114136   116.045700  18.227480
-74.294479   116.087631  18.241629
-74.424026   116.149117  18.247158
-74.512642   116.203957  18.251236
-74.581322   116.238640  18.255819
-74.644142   116.255661  18.258680
-74.676720   116.241043  18.260824
-74.714302   116.239449  18.261780
-74.746162   116.219078  18.265049
-74.752869   116.263290  18.262531
-74.749962   116.341812  18.267279
-74.740379   116.426132  18.270222
-74.565987   116.588295  18.311909
-74.209816   116.784378  18.366035
-73.900581   116.947319  18.393055
-73.477905   117.038132  18.447016
-72.958626   117.144379  18.543051
-72.325859   117.117363  18.783590
-71.697144   117.189980  18.975496
-71.171677   117.239334  19.121386
-70.342865   117.335571  19.354538
-69.458672   117.365959  19.584019
-68.548141   117.339836  20.004475
-67.275375   117.158905  20.394566
-65.795876   116.854942  20.976706
-64.937759   116.594780  21.327856
-63.843678   116.113213  21.645916
-62.007820   115.795151  22.275377
-60.099529   115.489624  23.055813
-58.653927   115.069374  23.708353
-57.831215   114.639931  24.133955
-57.066677   114.339958  24.461435
-55.767555   114.051376  24.976120
-53.851593   113.694321  25.812080
-52.473743   113.351425  26.391674
-50.776897   112.918526  27.051279
-49.182510   112.256004  27.608919
-47.596478   111.455063  28.084890
-46.188763   110.810753  28.518593
-45.365158   110.351250  28.908611
-44.680054   109.834152  29.131247
-43.695389   109.178345  29.375145
-42.731556   108.539825  29.621906
-42.065334   108.027580  29.848795
-41.319363   107.458519  30.156597
-40.150581   106.733925  30.547232
-39.479923   106.031540  30.907793
-38.835102   105.331192  31.248547
-38.324917   104.704620  31.455856
-37.560375   104.054161  31.546701
-37.027473   103.523323  31.628136
-36.822990   102.789833  31.635553
-36.678432   102.154823  31.669622
-36.384472   101.602806  31.727037
-36.162628   101.079941  31.744478
-35.985233   100.798409  31.857887
-35.591232   100.151039  31.430714
-35.364437   99.374321  30.907391
-35.291035   98.516876  30.600529
-35.223331   97.512474  30.037817
-35.199127   96.610008  29.462315
-35.234505   95.997398  29.142525
-35.261814   95.622292  28.968523
-35.464588   94.556999  28.064392
-35.607407   92.922798  26.684395
-35.555199   92.003342  25.948444
-35.660591   91.250496  25.332966
-35.627388   90.512825  24.863951
-35.670284   90.023811  24.498350
-35.704536   89.609413  24.192230
-35.713829   89.381325  24.012186
-35.771145   89.071068  23.708687
-35.809406   88.834885  23.500151
-35.840523   88.617744  23.276573
-35.829811   88.421120  23.114313
-35.825859   88.259056  22.997509
-35.831863   88.101357  22.906303
-35.830200   87.953529  22.833776
-35.822624   87.815628  22.778294
-35.816151   87.699196  22.731287
-35.807793   87.596710  22.696033
-35.805355   87.502228  22.657042
-35.804066   87.424789  22.625320
-35.805096   87.365936  22.590084
-35.811695   87.307991  22.560097
-35.818230   87.263008  22.532080
-35.823986   87.228645  22.508503
-35.825802   87.203796  22.483353
-35.809284   87.176041  22.458908
-35.798950   87.156494  22.439663
-35.777145   87.149216  22.418207
-35.762360   87.135231  22.403149
-35.739910   87.128174  22.384773
-35.722935   87.130638  22.379061
-35.623383   87.143044  22.363092
-35.499966   87.185646  22.342138
-35.380875   87.233223  22.322098
-34.730873   87.617744  22.391953
-34.275394   87.873962  22.320841
-33.542442   89.375084  22.429676
-33.323311   90.051208  22.486712
-33.163197   91.368401  22.564211
-32.950623   92.881721  22.618227
-32.903831   94.110382  22.681210
-32.780048   95.590042  22.704353
-32.724636   97.148338  22.787834
-32.416691   98.451035  22.809034
-31.870955   99.707825  22.663099
-31.492760   101.107498  22.438097
-31.108027   102.502121  22.222614
-30.877184   103.562218  22.009424
-30.215290   105.650871  22.047989
-29.995705   107.438187  22.009769
-29.769964   108.892624  21.997087
-29.429178   110.571625  21.925835
-28.843605   112.368027  21.809523
-28.508945   114.082214  21.714975
-28.050610   115.743835  21.495249
-27.909241   117.268440  21.010424
-27.850437   118.613518  20.493601
-27.922840   119.924263  20.139393
-27.771059   121.314812  19.784391
-27.569817   123.021439  19.714025
-27.399862   124.635048  19.472929
-27.079737   126.270889  19.205372
-27.121590   127.563217  19.382252
-27.055716   128.670181  19.327547
-26.953138   129.838303  19.247801
-26.760502   131.299881  19.241529
-26.692905   133.000748  19.268484
-26.693071   134.831329  19.309078
-26.655340   136.429047  19.307566
-26.709738   137.787247  19.209698
-26.636312   138.947693  19.045574
-26.577597   139.970505  18.840637
-26.412146   140.901352  18.666925
-26.273993   141.623138  18.502192
-26.317093   142.014252  18.273039
-26.325182   142.408768  18.105278
-26.302874   142.785294  17.976570
-26.265053   143.136063  17.901314
-26.203873   143.422943  17.859676
-26.134457   143.602539  17.841932
-26.090330   143.737228  17.821753
-26.024361   143.880081  17.774435
-25.893354   144.176453  17.717402
-25.780977   144.401917  17.668119
-25.664307   144.343216  17.568035
-25.513273   144.135803  17.471859
-25.341898   143.515839  17.169847
-25.242319   142.846130  16.878967
-25.255888   141.562210  16.184460
-25.286188   139.990814  15.428951
-25.169317   138.339844  14.678335
-25.053053   136.645737  14.162268
-24.869318   134.984604  13.705180
-24.763426   133.058548  13.460119
-24.481310   131.073334  13.407588
-23.932024   129.088226  13.593441
-23.406132   127.440331  13.579240
-22.512260   125.389618  13.491261
-21.747038   123.815178  13.558928
-20.515936   122.143082  14.216193
-19.270706   120.293282  15.205634
-18.529905   118.190773  16.426577
-17.982855   115.938515  17.534172
-17.429296   113.607330  18.111420
-16.832357   110.794525  18.418015
-16.555161   108.358032  18.865755
-16.274179   105.947105  19.413242
-15.946631   103.085442  19.889368
-15.650775   100.450615  20.076477
-15.465832   98.169334  20.333395
-15.253649   96.678177  20.351980
-15.309413   95.079788  20.279922
-14.825426   93.508339  20.146553
-14.329804   92.184387  20.020157
-13.969642   91.159492  20.009962
-13.669942   90.281555  20.248974
-13.456792   89.473167  20.449976
-13.279768   88.582848  20.589062
-13.189783   87.804337  20.715807
-13.107557   87.165604  20.877441
-13.078896   86.600372  20.979496
-13.056173   86.164879  21.040230
-13.049786   85.803726  21.075079
-13.070255   85.511131  21.114138
-13.067633   85.319984  21.119791
-13.067221   85.236450  21.105825
-13.054563   85.284164  21.022741
-13.030976   85.477486  20.909670
-13.062679   85.838089  20.720503
-13.169265   86.623405  20.391163
-13.264321   87.734673  20.015154
-13.192370   89.139221  19.761164
-13.159644   91.036240  19.284079
-12.850637   92.721924  19.041790
-12.638291   94.433220  18.913530
-13.331064   96.810440  18.611698
-13.703009   98.930336  18.333939
-14.318126   100.979164  18.211584
-15.388953   103.872742  18.102182
-16.218445   106.798401  17.990025
-17.036280   109.315506  17.890724
-17.908592   111.618408  17.827469
-18.521891   113.295456  17.753529
-19.074846   115.058838  17.743853
-19.653522   117.620255  18.026211
-20.094461   119.907082  18.181526
-20.777857   122.178391  18.401485
-21.471025   124.849693  18.913010
-22.429720   126.754555  19.082489
-23.530273   128.385437  19.143427
-24.513760   129.446823  19.091726
-25.439892   130.285202  18.930681
-26.363186   131.102921  18.824083
-27.270054   132.211090  18.669001
-28.172977   133.353561  18.618929
-28.988146   134.188751  18.609442
-29.922131   135.019928  18.614504
-30.692232   135.804932  18.650688
-31.758869   136.494034  18.497845
-32.422630   137.101532  18.390802
-33.051514   137.430069  18.166990
-33.686573   138.636536  17.796906
-33.748734   139.117523  17.693398
-33.580753   139.853668  17.444498
-33.329010   140.659531  17.102476
-33.111633   141.436768  16.850138
-32.505459   142.376602  16.620701
-31.652092   143.357910  16.461340
-30.491985   144.046951  16.207834
-29.134415   144.282043  15.696878
-27.598972   144.680878  15.081553
-26.124201   145.029861  14.599672
-24.396420   144.490311  14.137788
-22.611687   144.507004  13.669345
-20.790735   144.549454  13.317882
-18.926424   144.479950  13.048928
-17.004448   144.485077  12.701143
-14.751880   144.123688  12.388030
-12.107939   143.617050  12.109448
-9.826430   142.849243  11.959365
-8.141046   142.361877  11.870366
-6.053903   141.683197  11.712209
-4.080596   140.779144  11.504703
-1.848076   139.689240  11.317842
0.181055   138.260742  11.240767
1.946862   136.991684  11.281108
3.178118   135.965637  11.454184
4.822300   134.194199  11.622278
6.225338   132.297180  11.747377
7.453792   130.579315  11.889982
8.629429   128.622925  11.921742
9.517927   126.956306  12.034704
10.145501   125.303162  12.131322
10.841475   123.108841  12.146406
11.352747   121.149643  12.316471
12.080227   119.400154  12.923790
12.572887   117.608078  13.605350
12.886840   116.115181  14.149387
12.947716   114.256264  14.877478
12.890888   112.407768  15.509813
12.736555   110.301277  16.206900
12.437799   108.515198  16.868603
11.897542   106.833282  17.535418
11.393193   105.183502  18.224098
10.766691   103.732498  18.841194
10.162618   102.593689  19.479782
9.418160   101.637825  19.999819
8.772062   100.708527  20.323093
7.609722   99.554527  20.800230
6.196495   98.345230  21.329645
4.668343   97.215919  21.884916
2.785590   96.200920  22.743906
1.164066   95.181374  23.138388
-0.363245   94.237839  23.372873
-2.345285   93.206726  23.503920
-4.432477   92.125023  23.495478
-6.199916   91.231148  23.689030
-7.807892   90.521858  23.837122
-9.477800   89.944595  23.948679
-10.749532   89.571793  24.065517
-11.971201   89.219070  24.056099
-13.324393   89.148651  24.211475
-14.606768   89.116371  24.217566
-15.548243   89.256569  24.235630
-16.287212   89.344254  24.471046
-17.303135   89.081032  24.609131
-17.855108   89.262207  24.981327
-18.310762   89.349815  25.254477
-18.646936   89.371948  25.446352
-18.915867   89.353325  25.549604
-19.209797   89.551125  25.619062
-19.672256   89.750961  25.743299
-20.029833   89.867958  25.821762
-20.385769   90.061905  25.900608
-20.582561   90.251923  25.943188
-20.728296   90.383553  25.949705
-20.945721   90.469719  25.959574
-21.110371   90.577286  25.988277
-21.199276   90.656075  25.977320
-21.304785   90.696297  25.971485
-21.335627   90.809029  25.995031
-21.274958   90.922020  26.033504
-21.000612   91.098114  26.071074
-20.674702   91.212555  26.057678
-19.926882   91.405647  26.053308
-19.022327   91.549133  26.133924
-18.146509   91.657776  26.086035
-16.835045   91.787338  25.911411
-15.478997   91.893074  25.837193
-13.921987   91.927757  25.652006
-12.276660   91.961670  25.519520
-11.133507   91.978386  25.534433
-9.711057   92.063942  25.590385
-8.173676   92.217232  25.605169
-6.484334   92.435081  25.556120
-4.752369   92.626740  25.492674
-2.850078   93.000023  25.509567
-1.128594   93.418030  25.535034
0.560670   93.897667  25.599485
2.494623   94.631554  25.686666
4.050563   95.499138  25.990068
5.662236   96.294792  26.069454
7.398226   97.306931  26.338131
9.115530   98.194176  26.407196
10.971786   99.290955  26.525349
12.872651   100.397820  26.896233
14.575460   101.421707  27.097588
15.835223   102.565048  27.258663
17.214743   103.269470  27.118670
18.696905   103.838890  26.862566
19.878578   104.219154  26.770052
20.930599   104.980354  26.782154
21.896694   106.634201  26.795216
22.618374   108.186462  26.816971
23.057926   109.437866  27.000025
23.426693   110.655144  27.201092
23.728531   111.587051  27.450291
24.174061   113.078789  27.707649
24.361588   114.334610  27.931156
24.645409   115.679413  28.141697
24.777050   116.587570  28.217760
24.885098   117.623367  28.274311
25.015158   118.698570  28.165154
25.235935   119.541542  28.061293
25.320328   120.229614  27.524822
25.245674   119.911110  26.137970
24.341087   119.278534  24.776375
24.111574   119.142166  24.504490
23.767405   119.074959  24.324024
23.424263   119.079681  24.174585
22.987328   119.104446  23.975307
22.476585   119.067909  23.717859
21.984682   119.031021  23.519550
21.414930   118.975296  23.201443
21.011869   119.030823  23.211020
20.592745   119.115196  23.203331
20.159929   119.177643  23.158155
19.844486   119.193527  23.125628
19.466646   119.187004  23.085955
16.783745   111.121964  23.117193
16.621452   110.486122  23.159849
16.157337   108.710281  23.251711
15.818953   106.586044  23.569624
15.634579   104.740883  24.517487
15.600782   103.370003  24.766836
15.634286   102.378822  25.328707
15.882689   101.547676  25.424488
16.175615   100.713936  25.741280
16.612343   99.793190  25.808809
16.960297   98.977196  25.862135
17.580660   98.204384  25.929790
18.103529   97.468399  25.921686
18.919405   96.736885  25.976376
19.945175   96.001564  25.997248
20.970867   95.053551  25.808125
22.154408   94.350830  25.679205
24.325045   93.172394  25.699278
25.384905   92.718506  25.727043
26.691385   92.329079  25.769156
28.961334   91.809334  25.664490
29.954762   91.604263  25.651989
31.142475   91.426315  25.685043
32.365204   91.399712  25.693075
34.484428   91.868660  25.639389
35.396057   92.115944  25.677162
37.269634   92.762688  25.761766
38.132416   93.371391  25.889315
39.295654   94.253052  25.919212
40.888859   95.656517  25.772402
41.457779   96.251640  25.710503
42.104057   96.957680  25.666630
43.212257   99.118835  25.477396
43.732380   99.938927  25.500729
44.485653   101.942184  25.529560
44.804668   102.846214  25.505543
45.164467   104.104362  25.585169
45.502060   106.297394  25.587385
45.602638   107.091797  25.581200
45.791477   109.081017  25.476068
45.831470   109.908058  25.417473
45.614918   111.501869  25.461142
45.412151   112.572708  25.446976
45.345219   112.887039  25.434444
45.026722   113.577026  25.330570
44.774040   113.721481  25.406496
44.521111   113.860008  25.450481
44.438477   113.857025  25.455269
44.362347   113.874084  25.444424
44.290661   113.793602  25.446785
44.163471   113.505562  25.455713
44.097916   112.090851  25.567553
44.194595   111.345039  25.609800
44.535427   109.889778  25.700439
44.789814   108.967812  25.725912
45.147488   107.199303  25.785719
45.252293   106.632751  25.825964
46.893188   102.303185  26.426302
47.877457   100.583565  26.312130
48.445629   99.506523  26.346605
49.594063   97.652046  26.484556
50.443340   96.978508  26.750202
52.155350   95.982964  27.107456
52.981300   95.616875  27.243484
54.033508   95.256332  27.352232
55.156902   95.037865  27.410624
56.968185   94.877411  27.431578
58.826153   95.252472  27.175983
59.852154   95.622452  27.058908
61.359795   96.205475  26.536060
62.500702   96.660637  26.247528
64.695969   99.008934  25.642803
65.348976   99.610542  25.438154
66.949059   102.485329  24.740820
67.547455   103.519272  24.713369
68.816933   108.180321  24.592951
68.983711   108.960602  24.556755
69.262115   111.987366  25.124138
69.321091   113.126587  25.273481
69.489265   115.309814  25.402763
69.626373   116.082245  25.287191
69.596336   116.909195  24.656828
69.456337   117.539421  24.282316
69.402573   117.801315  23.973703
69.318062   118.013893  23.609224
69.204002   118.161026  23.307606
69.090935   118.167725  23.136564
68.911591   117.905777  22.927443
68.729889   117.414932  22.731251
68.439743   116.513252  22.596348
68.095772   114.169579  22.397043
68.258064   111.267387  22.395130
68.670502   108.020996  22.721077
68.749390   106.456604  22.742994
69.116035   102.870132  23.565586
69.508377   101.024506  23.856153
70.141075   98.751747  23.981152
70.982185   95.545807  24.238447
71.266998   94.503075  24.346514
71.913345   91.733398  24.479719
72.609520   90.680351  25.041870
73.776680   86.331573  26.364836
74.131424   85.230766  26.669353
74.453606   83.597878  27.004417
74.689041   82.289238  27.279276
75.237389   79.458405  27.376110
75.395195   78.312447  27.464317
75.429100   75.441360  27.779345
75.378822   74.390984  27.941658
75.252007   72.195107  28.295889
75.222008   71.169914  28.430853
75.218597   69.757973  28.676138
75.057793   68.342712  28.844114
74.516479   65.632820  29.233234
74.337746   64.852112  29.372000
73.631569   62.893932  29.666103
73.284271   62.077358  29.767733
72.768852   61.058037  29.815819
72.352867   60.213387  29.868919
71.985840   59.569031  29.884888
70.496704   58.536308  29.810411
69.934082   58.247036  29.759315
68.663673   58.063282  29.478088
67.961716   58.110386  29.319775
67.066757   58.401249  29.128990
66.337875   58.692764  29.023302
65.627815   58.999031  28.837906
65.107620   59.351563  28.661028
64.004478   60.417877  28.354494
62.690979   61.401615  28.180105
61.809700   62.374065  28.021971
60.493286   63.812298  27.914625
59.749596   65.172005  27.573734
58.442448   67.213852  27.479527
57.891167   68.293106  27.366438
57.219982   70.355545  27.043533
56.933353   71.406738  26.893681
56.217907   73.914154  26.592144
56.009380   74.888939  26.576868
55.856522   76.577927  26.688984
55.758610   77.968239  26.940283
55.752407   79.082436  27.057516
55.768986   80.554390  27.264315
56.116112   84.135750  27.821899
56.328808   85.458771  27.918018
56.764610   87.724960  27.901873
56.987022   88.490334  27.823795
57.423363   89.622238  27.815775
57.708424   90.145813  27.832642
58.874832   91.458710  27.542011
59.689163   92.237595  27.736383
60.959545   93.133537  28.023754
61.637760   93.476242  28.103439
62.826126   93.963295  28.220064
63.720623   94.345901  28.372196
66.132813   95.342392  28.779325
67.035370   95.532593  28.894901
68.617027   96.113533  28.825109
69.295761   96.424057  28.849731
71.499962   97.798698  28.990175
71.877205   98.101334  28.985958
72.723495   98.641510  29.055969
73.618668   99.318024  29.172604
74.921722   100.201401  29.487585
75.652779   100.833809  29.919434
76.911575   101.872566  30.523331
77.434120   102.426605  30.759520
77.911812   102.938614  30.976851
78.381050   103.514671  31.113523
78.773087   103.956810  31.215349
79.234245   104.411568  31.401896
79.598595   104.755219  31.586588
80.035957   105.197067  31.789686
80.225868   105.379616  31.861269
80.464386   105.617599  31.919708
80.635124   105.815613  31.991299
80.710831   105.897110  32.015148
80.905258   106.123268  32.091122
81.023071   106.241478  32.129700
81.186440   106.390442  32.165005
81.246437   106.421036  32.183964
81.341316   106.523445  32.267410
81.411400   106.595360  32.311096
81.483047   106.726288  32.349476
81.540054   106.876808  32.363018
81.571915   106.949997  32.335258
81.607338   107.136116  32.238102
81.687248   107.305763  32.113453
81.731705   107.261909  32.139076
81.775024   107.172180  32.177608
81.797523   107.086609  32.206524
81.803612   107.040565  32.225098
81.798370   107.038849  32.255219
81.757629   107.188248  32.358036
81.713287   107.257797  32.405075
81.692917   107.293961  32.424683
81.649422   107.410431  32.469772
81.624191   107.458595  32.486675
81.593987   107.543282  32.510933
81.535477   107.637604  32.520390
81.498695   107.705093  32.548515
81.440796   107.765129  32.554531
81.419464   107.790863  32.555012
81.356796   107.853928  32.527927
81.267456   107.915276  32.466915
81.251801   107.918457  32.452873
81.243477   107.910294  32.433960
81.236954   107.899437  32.377827
81.264572   107.890450  32.261745
81.269409   107.945419  32.145878
81.312584   108.014801  31.777403
81.391281   107.955421  31.439678
81.429985   107.876991  31.337824
81.509193   107.731949  31.223032
81.530334   107.709366  31.174870
81.566277   107.656158  31.122929
81.599869   107.611267  31.059544
81.629860   107.531609  31.059343
81.674110   107.439285  31.072884
81.723999   107.461380  31.079851
81.756348   107.444862  31.094982
