-32.784622  180.786560  32.389839
-32.781395  180.740784  32.402790
-32.743740  180.699844  32.399658
-32.722805  180.635193  32.397755
-32.706352  180.566544  32.403614
-32.688332  180.505432  32.434044
-32.645195  180.464005  32.451809
-32.623852  180.402008  32.500839
-32.612457  180.355530  32.539497
-32.631187  180.290054  32.556072
-32.644390  180.238815  32.570686
-32.669472  180.172134  32.596020
-32.709904  180.088730  32.641068
-32.745457  180.006332  32.684383
-32.769451  179.949799  32.714859
-32.789879  179.896881  32.739506
-32.835796  179.804001  32.779583
-32.874229  179.720886  32.813866
-32.907726  179.651886  32.838150
-32.945518  179.583633  32.864864
-32.995823  179.517395  32.895042
-33.037117  179.459015  32.924454
-33.070442  179.415436  32.945595
-33.099228  179.373322  32.968102
-33.145592  179.317734  33.012234
-33.191853  179.270340  33.058407
-33.246498  179.218460  33.110386
-33.279312  179.182343  33.145866
-33.305500  179.163651  33.170246
-33.350864  179.134277  33.211334
-33.407188  179.119675  33.251415
-33.462151  179.116714  33.284786
-33.514675  179.123444  33.318565
-33.635075  179.131409  33.371677
-33.662811  179.127914  33.385506
-33.706196  179.121765  33.402664
-33.733936  179.121948  33.411419
-33.760082  179.128342  33.573238
-33.778774  179.168304  33.636040
-33.779884  179.205139  33.675735
-33.785526  179.228882  33.671543
-33.785995  179.249756  33.667076
-33.788307  179.263672  33.666828
-33.786308  179.292908  33.668926
-33.779068  179.331589  33.673054
-33.771568  179.379669  33.689671
-33.756649  179.430496  33.715240
-33.739609  179.480057  33.735008
-33.432262  180.030701  33.900562
-33.169277  180.507797  34.028996
-33.092487  180.728043  34.026821
-33.132114  180.710403  33.988297
-33.207993  180.631241  33.942959
-33.312298  180.490479  33.960079
-33.468002  180.251755  34.040577
-33.612309  180.007202  34.131882
-33.772301  179.748657  34.255089
-33.760540  179.769852  34.317051
-33.752899  179.803696  34.372761
-33.753471  179.831070  34.362972
-33.759544  179.864014  34.349949
-33.766830  179.901291  34.331787
-33.857159  179.911865  34.260109
-33.933697  179.909424  34.214886
-33.874626  180.077881  34.198650
-33.821709  180.277481  34.181854
-33.763981  180.535309  34.171329
-33.704605  180.806335  34.171726
-33.652370  181.045044  34.175903
-33.601509  181.248047  34.172531
-33.557388  181.441284  34.163441
-33.533119  181.610214  34.165649
-33.502117  181.769089  34.147850
-33.493450  182.038925  34.141582
-33.487640  182.302948  34.127460
-33.674988  182.695847  34.210861
-33.871017  183.256134  33.988171
-34.024750  183.665085  33.824009
-34.117908  183.939178  33.700935
-34.111275  184.096558  33.612850
-34.020138  184.123917  33.482658
-33.873486  184.001495  33.335762
-33.703541  183.688477  33.229164
-33.307079  182.683029  32.972332
-32.628620  181.148315  32.807846
-31.753241  178.866394  32.819778
-30.779713  175.512665  33.003410
-29.824457  170.276749  33.170403
-29.172722  165.882690  34.005035
-28.827557  161.874985  35.390759
-28.552547  158.408707  36.749004
-28.268867  155.154434  38.105053
-28.082487  151.857529  39.449711
-26.219868  147.776794  41.436424
-24.877216  144.559662  43.167702
-23.834133  142.173660  44.363541
-23.134939  140.350952  45.405109
-22.518133  139.125198  46.058849
-21.801786  138.472672  46.359062
-21.047560  138.146164  46.444931
-20.286097  138.006836  46.434513
-18.329453  139.572723  45.678535
-17.214872  141.007858  45.251408
-16.804415  142.140961  45.009457
-16.951775  143.293686  44.655384
-17.178841  144.702576  44.231579
-17.449478  146.566299  43.622662
-17.713943  148.145370  43.054779
-18.224958  150.094009  42.410164
-18.703846  151.963989  41.770035
-19.365028  153.733383  41.276005
-20.093901  155.606476  40.761608
-20.968830  157.771744  40.161915
-22.130840  159.948593  39.695999
-22.678305  161.250671  39.407711
-23.371237  163.245285  38.963291
-24.246199  165.440109  38.392467
-25.202719  167.884644  37.760098
-26.263506  170.230545  37.375294
-27.476601  172.442108  36.995869
-28.486116  174.449753  36.579121
-29.880579  176.296036  36.172146
-31.307211  177.087967  36.479244
-32.938133  177.984894  36.552795
-34.677082  178.634201  36.716751
-36.051674  179.230042  36.830418
-37.561119  179.692276  36.899342
-38.738720  180.140152  36.988556
-39.356827  180.813629  36.852463
-39.761761  181.291550  36.765675
-39.999416  181.656128  36.681015
-40.089256  181.887833  36.574093
-40.052761  182.051926  36.431629
-39.968914  182.165878  36.295792
-39.717110  182.341858  36.088848
-39.021404  182.773254  35.622684
-37.880901  183.235291  34.791786
-36.559654  183.986511  33.873821
-35.040180  185.243683  32.605072
-33.166176  186.460434  31.296402
-30.778456  187.911102  30.272388
-28.473183  188.942825  29.227692
-26.413084  189.697662  28.170633
-24.644501  190.264420  27.495104
-23.136307  190.770477  26.907873
-21.860994  191.127396  26.429314
-20.868784  191.214005  26.123255
-20.186550  191.223114  26.000830
-19.262947  191.085556  26.036421
-18.862814  189.474014  25.675348
-18.823362  186.792938  25.653200
-18.759226  183.733200  25.466087
-19.092186  180.569641  25.568312
-19.345095  178.445892  25.816656
-19.557842  176.789505  26.026037
-19.718931  174.904510  26.350855
-19.956230  173.429382  26.629702
-20.240959  172.354080  26.938705
-20.827503  170.843658  27.484610
-21.023005  170.403687  27.709217
-21.363003  169.741470  28.072039
-21.727957  169.136353  28.423189
-22.181145  168.463837  28.865469
-22.598108  167.890686  29.259571
-22.945564  167.428192  29.593987
-23.270050  167.291779  29.859291
-23.480761  167.261978  30.003458
-23.625401  167.375519  30.170660
-23.685238  167.599976  30.258249
-23.682953  167.939468  30.258434
-23.615221  168.405182  30.200329
-23.582123  169.126160  30.065960
-23.761547  171.484543  31.531719
-23.561651  173.858994  32.083015
-22.953419  175.523376  31.695757
-22.662296  176.029266  31.309418
-22.278572  176.637436  31.029720
-21.904516  177.394348  30.895618
-21.607595  178.007446  30.784691
-21.399790  178.611603  30.569313
-21.192986  179.066528  30.410480
-20.903076  179.753555  30.321302
-20.670879  180.392410  30.252224
-20.659365  180.716843  30.141333
-20.557329  181.982880  30.121120
-20.551821  182.933212  30.065022
-20.629385  183.744766  30.006685
-20.746197  184.386124  29.981476
-20.959736  185.101105  29.965586
-21.839527  185.654984  29.433769
-22.427931  185.877838  29.235313
-22.773996  186.062439  29.108921
-22.963079  186.262299  29.046253
-23.108965  186.496597  28.938450
-23.406656  186.636856  28.778669
-23.522894  186.791321  28.667408
-23.560499  187.041565  28.449593
-23.595839  187.214081  28.305128
-23.542799  187.409149  28.174070
-23.455568  187.610168  28.095741
-23.433731  187.653976  27.921200
-23.315649  187.501038  27.996685
-23.185314  187.396469  28.034254
-22.946314  186.884857  27.570127
-22.425859  186.131012  27.012951
-21.760452  185.206406  26.927715
-20.988525  183.816528  26.643852
-20.090897  181.962662  26.382687
-19.377705  180.260620  26.263016
-18.641621  178.008530  26.450165
-18.068079  175.488098  26.984417
-17.551779  172.860504  26.943039
-17.145203  169.960449  27.111254
-16.629953  167.074753  27.443010
-16.271963  163.931458  28.011856
-15.844757  161.747269  28.340828
-15.581308  160.162643  28.729437
-15.406048  158.891739  29.070347
-15.286407  157.835495  29.379814
-15.132440  156.939148  29.615723
-14.886448  156.318878  29.682764
-14.631261  155.916397  29.668915
-14.321482  155.764771  29.546358
-14.016074  155.881104  29.430082
-13.721933  156.183090  29.236492
-13.294728  157.011414  28.928370
-13.000457  157.805359  28.597111
-12.655763  158.818787  28.166384
-12.250217  160.125870  27.657883
-11.725992  162.231979  27.206726
-11.147976  164.161285  26.529703
-10.479961  165.839279  25.858999
-9.691988  167.774460  25.071846
-8.714295  170.490479  24.310467
-7.362866  173.135635  23.447529
-6.156897  175.870590  23.033035
-4.609557  178.856201  22.972040
-3.457901  180.838120  22.644781
-3.121176  181.719879  22.416773
-2.920510  182.292465  22.271893
-2.694539  183.108765  22.129904
-2.549156  184.336227  21.989542
-2.642060  185.457703  22.115549
-3.147459  186.391251  22.277395
-3.830658  186.953995  22.500509
-4.534877  187.485855  22.718849
-5.282063  187.875061  22.990818
-6.545097  187.065689  23.135330
-7.236297  186.087067  23.488070
-7.592916  185.467285  23.717619
-8.353672  183.626877  24.190504
-8.884621  182.224152  24.544191
-9.145457  180.680710  24.829346
-9.536957  178.852783  25.043209
-9.833298  176.388336  25.081604
-9.790283  174.001083  25.144903
-9.628604  172.057404  25.206236
-9.367130  170.308502  25.190363
-8.803224  168.602173  25.162458
-8.213578  166.863953  25.002989
-7.260694  165.865829  24.824957
-6.044888  165.108215  24.477062
-4.936777  165.033661  24.239542
-4.108823  165.059372  24.058392
-3.526765  165.022659  23.920311
-3.035564  165.205856  23.892643
-2.747078  165.470612  23.840630
-2.597756  165.808868  23.737350
-2.387694  166.511948  23.619688
-2.331500  167.425262  23.510315
-2.269752  168.593750  23.310244
-2.128392  169.814636  23.029259
-1.981828  171.256287  22.690439
-1.890257  173.149200  22.371685
-1.866106  174.921295  22.159582
-1.821524  176.503784  21.919304
-1.897562  177.863373  21.629671
-2.065188  179.765961  21.262409
-2.162214  181.306213  20.973728
-2.206395  182.444122  20.798563
-2.180079  183.196182  20.685289
-2.411423  183.615479  20.326036
-2.370537  183.577942  20.231602
-2.002954  180.321716  20.011400
-1.800024  178.914078  19.969450
-1.502522  176.171082  19.958727
-1.273585  172.537231  20.645380
-0.738161  166.658661  21.223888
-0.500097  162.193527  22.367006
-0.135515  158.820847  23.159983
-0.195753  156.411942  24.116840
-0.006985  153.702774  24.894609
0.514001  150.219727  25.781765
0.668052  148.477631  26.293219
1.084239  145.981995  26.987471
1.495751  143.662079  27.732656
1.816218  141.989929  28.297611
1.992651  141.110550  28.609451
1.990199  140.740051  28.778091
1.872645  140.647461  28.914207
1.794761  141.116776  28.856071
1.749318  141.817886  28.588114
1.612014  142.596481  28.260218
1.118119  143.925461  27.639750
0.538265  146.028046  26.884726
-0.921216  149.933792  26.176254
-2.365119  153.014481  25.599173
-4.265027  158.806534  25.793068
-5.509961  162.971146  25.830107
-6.195704  166.005936  25.782627
-6.577196  168.452316  25.437477
-7.832144  171.908951  24.466423
-9.350218  175.535919  23.337185
-10.312903  178.295563  22.543470
-10.701753  180.309814  22.077799
-10.838098  183.442734  21.275553
-10.696118  185.872345  20.649042
-10.361311  187.768768  20.264896
-9.870129  189.493362  19.724287
-9.130700  191.677902  19.145161
-8.282775  194.105347  18.621805
-7.114664  196.188278  18.007481
-5.783575  198.242065  17.454235
-4.062046  200.716507  17.146910
-1.930082  202.817688  16.739502
0.084234  204.603271  16.381378
2.501871  206.349289  16.170321
4.561593  207.941605  15.866248
6.253528  208.885010  15.714005
7.604184  209.552673  15.570375
8.871469  210.296982  15.527248
9.931427  211.117599  15.356087
10.787927  211.736084  15.043528
11.305435  211.832489  14.858045
11.739887  211.358582  14.756900
11.649142  210.051132  14.527929
11.521865  207.773544  14.017966
10.761423  203.038925  13.738322
9.786796  199.289917  13.767757
9.014835  196.610138  13.791253
8.285897  194.269379  13.908717
7.685763  192.721497  14.029597
6.906979  190.726547  14.652622
6.228708  189.138351  15.173826
5.928757  188.758636  15.259585
5.665267  188.424988  15.350222
5.289892  187.855835  15.486189
4.942251  187.310394  15.617778
4.564114  186.755875  15.747740
4.139120  186.164474  15.900093
3.746961  185.650024  16.049707
3.368170  185.183014  16.216246
2.997275  184.774384  16.398380
2.641880  184.408737  16.593054
2.361408  184.122742  16.757353
2.152051  183.939133  16.871592
1.965091  183.775818  16.974123
1.783676  183.613708  17.076782
1.640972  183.489975  17.152639
1.523093  183.384842  17.213715
1.419103  183.291489  17.270618
1.326573  183.207886  17.319939
1.239653  183.116135  17.370762
1.151465  183.020981  17.422829
1.062786  182.928696  17.475037
0.989119  182.848282  17.517693
0.875425  182.708145  17.556139
0.734797  182.564438  17.598131
0.499854  182.366608  17.636774
0.255306  182.179581  17.657656
-0.001442  182.000168  17.670910
-0.198916  181.841492  17.698832
-0.361217  181.705460  17.735407
-0.506399  181.585861  17.762566
-0.607949  181.489517  17.776880
-0.697766  181.403305  17.789255
-0.798088  181.315094  17.811241
-0.971753  181.172470  17.807205
-1.162292  181.034805  17.792814
-1.318425  180.929794  17.777344
-1.464358  180.851379  17.765057
-1.606678  180.779999  17.759043
-1.721843  180.722748  17.751780
-1.781174  180.674240  17.748388
-1.825668  180.632263  17.763292
-1.867779  180.592438  17.783766
-1.906257  180.556351  17.803801
-1.947747  180.517471  17.826557
-1.986656  180.475906  17.848015
-2.047084  180.417450  17.878426
-2.092447  180.370392  17.901634
-2.155935  180.316391  17.936340
-2.210741  180.254105  17.967531
-2.329068  179.834030  17.894182
