-43.556202  173.593658  16.817307
-43.582668  173.606613  16.766876
-43.596352  173.606705  16.757492
-43.603973  173.606323  16.751183
-43.630661  173.613388  16.740473
-43.636177  173.614349  16.741266
-43.643272  173.618958  16.743547
-43.649189  173.627731  16.744499
-43.661854  173.631821  16.746574
-43.678223  173.633789  16.750174
-43.690876  173.637466  16.758560
-43.715626  173.603241  16.822813
-43.751144  173.552856  16.917244
-43.772148  173.530350  16.996483
-43.768303  173.533905  16.984241
-43.763428  173.498672  16.991785
-43.763355  173.451889  17.001215
-43.762939  173.459122  16.993084
-43.764168  173.463654  16.989504
-43.777386  173.486816  16.964092
-43.791275  173.530869  16.917210
-43.797749  173.551941  16.896042
-43.797756  173.576843  16.864595
-43.797939  173.596527  16.841234
-43.796528  173.613190  16.819183
-43.795895  173.621460  16.808020
-43.821953  173.696060  16.723227
-43.818687  173.774475  16.640484
-43.806183  173.850174  16.573160
-43.795116  173.875061  16.541517
-43.777950  173.897598  16.516815
-43.743385  173.957687  16.461140
-43.725609  173.977554  16.441481
-43.660297  173.924866  16.684944
-43.596565  173.876984  16.913486
-43.550568  173.823547  17.090254
-43.428627  173.730515  17.489719
-43.401806  173.720016  17.560905
-43.371307  173.714127  17.639917
-43.333107  173.720428  17.680025
-43.307285  173.727295  17.702854
-43.298439  173.734238  17.704666
-43.286953  173.734085  17.708578
-43.281406  173.741348  17.706423
-43.258678  173.721588  17.729967
-43.252235  173.728226  17.732302
-43.240223  173.732208  17.735683
-43.233440  173.735519  17.735723
-43.228134  173.740433  17.734009
-43.225388  173.742157  17.732468
-43.187550  173.479630  17.955355
-43.179070  173.275116  18.144028
-43.144592  173.206619  18.211784
-43.127956  173.186996  18.240494
-43.112846  173.178238  18.262884
-43.103954  173.164673  18.283876
-43.093594  173.159012  18.296480
-43.085434  173.155045  18.305794
-43.081486  173.140900  18.315126
-43.078938  173.121002  18.321939
-43.063778  173.074020  18.310747
-43.048439  173.027176  18.299932
-43.036789  172.990555  18.291412
-42.987309  172.924606  18.238314
-42.933247  172.851563  18.102821
-42.891514  172.785477  17.984106
-42.865253  172.733231  17.851248
-42.842911  172.676575  17.721830
-42.833351  172.625793  17.622900
-42.831314  172.571686  17.509813
-42.834213  172.524139  17.411518
-42.841381  172.471878  17.310719
-42.852222  172.426239  17.231091
-42.867710  172.381744  17.167030
-42.878422  172.345184  17.110729
-42.833599  172.296722  16.973400
-42.814594  172.258011  16.917461
-42.784599  172.209457  16.845213
-42.755493  172.168411  16.780394
-42.717625  172.142685  16.701653
-42.661648  172.181900  16.541231
-42.590446  172.298386  16.413563
-42.539837  172.492249  16.337233
-42.464100  172.881363  16.324213
-42.781460  173.879349  16.130308
-44.408566  176.790115  15.877511
-45.456345  178.794525  16.422247
-47.192635  181.065125  17.011930
-50.395344  183.374237  17.585239
-54.203133  185.708344  18.519278
-57.797779  187.669952  19.522417
-62.298325  190.149231  21.727373
-66.822090  192.078094  23.196976
-71.721870  193.448059  24.613726
-76.482376  193.628265  26.287445
-81.729317  193.211288  28.027086
-86.259323  192.120880  29.393522
-90.924141  189.941818  30.701128
-94.656364  187.152023  31.687506
-97.333015  183.654572  32.859394
-99.179573  180.178711  33.489906
-101.273911  176.320206  33.943775
-101.275368  171.502106  33.252716
-100.379875  167.165771  32.479416
-98.012680  162.747650  31.659786
-85.704277  147.796799  23.937195
-81.829720  144.076035  22.154778
-76.817421  139.414749  19.984514
-69.850098  133.376740  18.697676
-63.251690  127.961334  17.381813
-57.280006  122.963112  16.674759
-52.102737  118.308266  16.456053
-47.206467  112.913895  16.942366
-44.336170  108.354324  17.728752
-42.286987  103.826942  17.817488
-41.528801  99.983719  18.501474
-41.671562  96.476326  19.806240
-42.507534  93.281647  21.462498
-43.744221  89.623466  23.160110
-46.702698  85.573967  25.864086
-49.986748  82.128464  28.235668
-53.251129  79.153389  30.275324
-60.150417  76.172310  33.001129
-67.568665  75.029167  35.303741
-75.280518  75.555573  37.929935
-84.019112  77.215279  40.230762
-91.267769  79.805222  42.195335
-98.189507  82.703255  43.359375
-104.692368  86.994255  45.718910
-110.292183  91.754143  47.474621
-114.143227  96.540039  48.706402
-116.097366  99.662178  49.475285
-117.748718  101.731850  50.029102
-117.676346  107.614517  51.966572
-116.420952  111.187698  53.161949
-116.985542  113.846558  52.864956
-117.244843  116.741386  52.811714
-116.687012  119.829208  52.488323
-116.853142  123.402504  51.539722
-114.586044  125.597641  50.799797
-112.844872  127.929565  49.804470
-110.694221  129.506134  49.182587
-107.850357  129.850632  48.401180
-103.974426  128.543579  47.407688
-99.713501  126.686623  46.396477
-95.744743  124.965446  45.739281
-91.009377  123.771042  45.048328
-83.997765  124.247063  44.571171
-81.164848  124.839638  43.962543
-76.128059  126.321587  42.589172
-71.189430  128.611877  39.626820
-66.692940  131.395340  36.817795
-61.939110  134.597855  33.580307
-57.922688  138.684006  29.881649
-54.652370  143.707031  26.572620
-52.452663  147.551102  24.856197
-51.118614  151.614716  23.751431
-50.389675  155.139191  23.182810
-50.019890  158.095551  23.047054
-49.754723  160.190308  22.954647
-49.743721  162.066986  23.259071
-50.022079  163.463638  23.823851
-50.337196  164.300354  24.100838
-50.714848  164.522110  24.014061
-50.916847  164.346024  23.982702
-50.992027  164.115967  23.986561
-51.174751  161.789124  24.350182
-51.110497  157.881271  25.090538
-50.881203  153.848572  25.634766
-50.292549  149.852463  26.303293
-48.513832  143.558670  28.611179
-46.883221  139.072433  30.087830
-45.726986  137.123398  30.342789
-44.532974  136.094925  29.918047
-42.680843  135.723404  29.215027
-40.138290  136.491135  27.782673
-36.348385  139.508713  25.769432
-32.660912  143.314987  24.137863
-29.541161  146.956543  22.526810
-26.989246  150.133728  21.347933
-25.173592  152.653778  20.461039
-23.989443  154.746826  19.683191
-23.213707  156.931412  18.947979
-22.922710  158.906540  18.453691
-22.990801  160.254929  18.181362
-23.197731  161.264069  18.018736
-23.518766  161.954529  17.986492
-23.810379  162.194931  17.987818
-24.141594  162.243240  18.061106
-24.255020  162.008331  18.147936
-24.350878  161.372314  18.264318
-24.328577  159.999817  18.653715
-24.089745  157.647293  18.994005
-23.706375  155.093597  19.342621
-22.723862  152.376236  19.913500
-21.527302  150.686829  20.050276
-20.015766  150.201813  19.892607
-18.248911  150.558990  19.465895
-16.011345  151.833511  18.761812
-13.376222  153.966446  17.920053
-10.465961  156.625458  16.997284
-8.084556  159.163559  16.490561
-5.973350  162.056107  15.958453
-4.521759  164.465057  15.614973
-3.223692  166.956680  15.460319
-2.171809  169.222107  15.356258
-1.301583  171.523483  15.534329
-0.657225  172.980850  15.760807
-0.079068  173.441162  15.703593
0.488807  173.493103  15.756408
1.103437  173.133926  15.998065
1.679063  172.445328  16.280493
2.237711  171.056870  16.584009
2.420421  168.420151  17.200916
2.225960  165.290176  17.933084
1.590091  161.748352  18.647753
0.365171  157.400040  19.616821
-1.080708  153.178162  20.764759
-2.846838  149.083008  22.174562
-4.278028  145.828049  23.493757
-5.184491  143.936737  24.316870
-5.743276  143.365173  24.533487
-5.726202  143.725739  24.126547
-5.395023  145.610458  22.843464
-4.661699  148.395950  21.416182
-3.978777  151.851349  19.977951
-3.177750  155.312378  18.985300
-2.211360  158.978058  18.045330
-0.654760  163.405670  17.136974
1.565577  168.212006  16.585247
8.074682  174.344650  16.484634
9.485979  175.323502  16.573084
10.770954  176.044525  16.707596
11.951168  176.280289  16.922644
12.503685  176.157867  17.015423
12.898346  175.538208  17.269865
12.898741  174.385666  17.520260
12.596948  172.242493  17.964622
11.952168  169.364273  18.357948
11.139843  166.245651  18.702772
10.546406  163.805847  19.078688
10.448830  161.755295  19.489519
11.084374  160.454803  19.328842
11.841758  160.288193  19.099010
13.520014  161.289749  18.555965
15.277895  162.657654  18.212547
17.115313  164.374969  17.744761
18.999138  166.083908  17.394995
21.044136  167.564468  16.916218
22.964317  168.774597  16.669703
24.402399  169.639053  16.547600
25.777130  169.576752  16.491829
27.082182  169.064392  16.431782
28.132421  168.442337  16.494205
28.929430  167.720596  16.655466
29.544916  166.856033  16.865795
30.510340  165.263428  17.336317
31.931465  163.060822  18.219896
33.187695  161.731873  18.642683
34.697582  161.038177  18.680267
36.737240  160.478760  18.678793
38.987110  160.545090  18.814098
41.147358  160.985443  18.738363
43.259262  161.891708  18.604805
45.214512  163.218430  18.543316
46.901077  165.132080  18.541388
48.376015  166.869064  18.571098
49.856014  169.197144  18.530849
50.795082  171.496765  18.483768
51.335648  174.489761  18.293953
51.192623  176.614136  18.032291
49.514961  179.101868  18.010046
48.608231  180.750458  17.590528
46.739239  182.482132  16.895231
44.439346  183.795853  16.067291
41.917366  184.291245  15.298959
39.657581  184.082031  14.619663
37.787205  183.391418  14.122281
36.272755  182.134644  13.651937
34.994949  180.322800  13.351557
33.975327  178.012894  13.182756
32.982162  174.627243  13.144059
31.920189  170.111359  14.162740
31.189817  165.408142  15.149958
31.657122  161.491882  15.463821
32.938240  159.014053  15.596148
34.644875  158.022827  15.467267
36.522743  157.923309  15.233695
38.564011  158.797424  15.019353
40.819038  160.045319  14.778209
42.946262  161.374969  14.547547
45.143124  163.067520  14.246204
46.955994  165.380310  13.987456
47.748589  167.390167  13.879067
48.226780  169.797150  13.728906
48.111237  171.583679  13.798744
47.738651  173.417206  13.970016
47.076992  174.908524  14.022502
46.695049  175.648560  13.986798
46.115780  175.968201  14.154949
45.273270  175.901245  14.546916
44.776291  175.298172  14.244738
44.357582  174.393860  14.055575
44.104492  173.468796  14.009418
43.942913  172.267578  14.226903
44.067474  171.431396  14.475562
44.532146  171.090179  14.798614
45.690826  171.628937  15.028783
47.136776  173.203445  15.425913
48.940800  175.229675  15.771883
51.149868  177.901123  16.457243
53.534367  181.080048  17.478868
55.583782  183.743408  18.223473
57.223717  185.782928  18.551823
58.499577  187.210648  18.683546
59.411442  187.897995  18.642851
60.023586  187.985703  18.567043
60.564487  187.706177  18.463467
61.155022  186.255066  18.171297
61.992702  183.504379  17.917397
62.634018  179.760757  17.576653
63.198875  174.186859  17.112373
63.666412  167.017944  16.473381
63.956657  157.451828  15.767271
63.847759  148.228638  15.332136
62.588573  140.760834  16.121492
61.031570  135.216415  17.619112
59.730270  131.267517  18.813553
59.066429  128.399506  19.102150
58.978703  126.393730  17.731203
58.829277  125.903893  16.841267
58.953896  126.548019  16.709740
59.225597  128.018997  16.114231
59.606922  131.906265  14.428766
59.753189  139.365631  12.764687
59.516026  146.593567  11.365308
58.702950  155.133011  10.907166
57.961269  164.352295  10.941038
57.595325  170.752075  12.017405
59.141815  176.795898  12.814404
60.693325  181.286209  13.695995
63.147285  185.417236  14.830794
66.419327  188.956955  16.287853
70.114960  191.187683  18.399101
73.559875  192.526108  20.027744
76.762459  192.852173  20.882938
79.645157  192.673813  21.311703
82.036278  191.751038  21.614546
84.457787  190.096497  21.931160
87.192268  186.485672  21.851206
89.763214  181.399414  21.486677
91.673103  175.984482  21.164110
93.184715  170.668930  20.943274
94.176537  163.793793  20.505056
94.989967  159.462021  20.636608
96.120285  144.342026  20.928026
96.300430  141.667114  21.227278
96.220337  139.540802  21.487370
96.126022  137.682083  21.441557
96.029266  136.490860  21.439463
95.952354  135.747055  21.457651
95.902008  135.231308  21.462719
95.785660  134.916321  21.417143
95.658501  134.687393  21.371052
95.487411  134.382233  21.200623
95.379211  134.094116  21.089848
95.187279  133.899353  20.903152
94.961487  133.770065  20.739223
94.731964  133.642151  20.587523
94.447464  133.551071  20.492992
94.203140  133.439896  20.455526
93.994987  133.366669  20.421448
93.818855  133.301331  20.412067
93.633018  133.227203  20.410488
93.461639  133.116302  20.438362
93.302162  133.015808  20.460016
93.151299  132.914612  20.483217
93.026215  132.833023  20.501991
92.964935  132.774734  20.520849
