-135.948395   185.308502  -22.817745
-136.185883   185.290359  -22.875473
-136.380814   185.362259  -22.861578
-136.707108   185.675735  -22.883320
-136.821487   185.850876  -22.930004
-136.921600   186.046982  -23.040197
-137.030396   186.312515  -23.359056
-137.110062   186.534332  -23.584450
-137.114838   186.723969  -23.739231
-137.123566   186.826508  -23.814419
-137.140610   186.871445  -23.854782
-137.157990   186.920319  -23.887699
-137.395508   187.228287  -23.940353
-137.530869   187.466446  -24.017933
-137.636673   187.656311  -24.078869
-137.715057   187.728882  -24.194290
-138.003021   187.748917  -24.176386
-138.324112   187.777771  -24.058451
-138.666672   187.717178  -23.907818
-139.009094   187.705627  -23.766146
-139.437790   187.828110  -23.681135
-139.817963   187.951263  -23.687508
-140.272644   188.021179  -23.660194
-140.668213   188.024323  -23.641596
-141.061615   187.989517  -23.593561
-141.364273   187.946625  -23.561035
-141.671768   187.876740  -23.521942
-142.031525   187.842392  -23.516357
-142.516098   187.781174  -23.568277
-142.893967   187.692230  -23.613567
-143.332321   187.557083  -23.909836
-143.732193   187.305069  -24.160397
-143.969910   187.046555  -24.415720
-144.092361   186.762894  -24.568352
-144.183105   186.505844  -24.750877
-144.185608   186.246384  -24.906229
-144.043594   185.804535  -25.169918
-143.911758   185.522583  -25.350979
-143.840988   185.378128  -25.403332
-143.755371   185.150162  -25.513964
-143.725296   184.991714  -25.616219
-143.694901   184.808517  -25.742413
-143.618256   184.617828  -25.842705
-143.539368   184.435425  -25.947998
-143.449142   184.251587  -26.066219
-143.429688   184.199417  -26.079086
-143.410187   184.062286  -26.014324
-143.389236   183.924240  -25.955315
-143.268173   183.767578  -25.962601
-143.166077   183.607956  -25.993559
-142.766434   182.927048  -25.848469
-142.681686   182.704391  -25.840876
-142.620728   182.467041  -25.796513
-142.551315   182.257355  -25.803421
-142.588715   182.182373  -25.772047
-142.685974   182.135956  -25.748743
-142.803268   182.091339  -25.795137
-142.952698   182.096848  -25.819136
-143.145462   182.178070  -25.821424
-143.377625   182.274887  -25.864515
-143.606781   182.390091  -25.930025
-144.277618   182.683823  -26.038368
-144.517883   182.824463  -26.054647
-144.926712   183.041229  -26.096209
-145.395950   183.202286  -26.169844
-145.960388   183.340683  -26.234575
-147.213409   183.356216  -26.311047
-147.239395   183.361282  -26.325937
-148.264084   183.536301  -26.732437
-149.248734   183.697708  -27.143976
-150.059448   183.789490  -27.340637
-150.946930   184.237762  -27.831921
-151.476547   184.389374  -27.876032
-151.791321   184.483322  -27.900038
-152.152588   184.538849  -27.935411
-152.464752   184.628387  -27.960421
-152.761078   184.840286  -27.967793
-153.051941   185.218094  -27.953400
-153.323303   185.756790  -27.927397
-153.545425   186.506973  -28.099037
-153.508240   187.279251  -29.088982
-153.277344   187.987900  -29.783379
-153.217407   188.824677  -30.248793
-153.194412   189.842087  -30.809486
-153.224869   190.604126  -31.190207
-153.295074   191.202255  -31.421890
-153.381882   191.661407  -31.574978
-153.683884   191.951859  -31.521364
-154.061813   192.287552  -31.516663
-154.500015   192.597122  -31.553316
-154.866837   192.798218  -31.600897
-155.236710   192.930740  -31.635685
-155.578705   193.025452  -31.662682
-156.366196   193.098206  -31.673546
-156.889847   192.970490  -31.624222
-158.008896   192.254578  -31.319649
-158.859100   191.813126  -31.073095
-159.414047   191.492722  -30.864853
-159.507599   191.223236  -30.637274
-158.769394   191.362030  -30.642008
-156.506882   192.010651  -31.189373
-152.871979   193.499329  -31.918995
-147.790588   195.322098  -32.574818
-139.893768   197.342957  -32.565838
-131.097397   200.054855  -31.849920
-122.155098   202.005402  -31.033752
-114.650414   204.103516  -29.712669
-107.848801   205.394836  -28.349228
-102.797546   206.432861  -26.805944
-98.592598   206.387131  -25.849276
-95.279037   206.351883  -25.081825
-92.865135   206.084808  -24.557613
-91.358955   205.664246  -24.189322
-90.438148   205.198349  -23.954378
-90.099762   204.561584  -23.875385
-90.032242   203.851761  -23.838543
-90.095764   203.135529  -23.881521
-90.917809   202.426605  -24.086006
-93.065880   201.722229  -24.643169
-97.153236   200.631104  -25.302235
-103.221748   199.587463  -26.183823
-109.685120   198.074265  -25.824095
-115.375931   196.416031  -25.457212
-119.700333   194.951126  -25.245295
-123.394112   193.406967  -25.173815
-126.253624   191.851822  -25.035049
-128.304932   189.817398  -24.657675
-130.152527   188.612793  -24.792109
-130.951324   187.526901  -24.661167
-131.013962   186.647079  -24.592592
-129.923859   185.662674  -24.567135
-127.939140   184.877197  -24.692959
-124.580574   184.315384  -24.800137
-119.914307   184.073608  -24.853987
-113.689590   183.701828  -24.693352
-107.532852   183.450607  -24.781555
-102.044205   182.739624  -24.328945
-97.497520   182.411667  -23.743872
-93.463982   182.227020  -22.963730
-90.427841   181.978165  -22.488728
-88.408623   181.406708  -21.895805
-87.129959   180.936905  -21.487829
-86.386581   180.532257  -21.042694
-86.051025   179.882751  -20.873793
-86.091957   178.950806  -20.824760
-86.502892   177.922394  -20.831188
-87.638840   176.729263  -20.977129
-90.327957   175.237396  -21.652588
-94.276260   173.274887  -22.433491
-98.855858   171.046173  -22.873409
-104.076447   168.933914  -23.415844
-109.371223   166.913010  -23.771137
-113.901016   165.023926  -24.040924
-116.506340   162.968567  -24.214605
-117.949387   161.834320  -24.222603
-118.735580   161.286682  -24.196058
-119.144539   161.313904  -24.172918
-119.132088   161.225632  -24.180752
-118.829567   161.280792  -24.149582
-117.623169   161.654510  -23.945028
-115.222855   162.884705  -23.668129
-111.176872   163.968643  -23.344114
-105.921776   165.629135  -23.021725
-100.564842   168.121628  -22.769255
-95.963982   171.158844  -22.635708
-92.385849   175.016769  -22.015970
-88.992493   178.830643  -22.095161
-86.396996   182.963852  -22.171444
-84.567184   185.816574  -22.061779
-83.419289   188.043945  -21.927521
-83.094002   191.031113  -21.781977
-82.945274   192.953491  -21.691429
-83.376480   194.478622  -21.735332
-83.964294   195.609467  -21.955490
-84.538292   196.373444  -22.207811
-85.106377   197.195587  -22.658865
-85.421310   197.823303  -22.975286
-85.146446   198.139908  -23.271690
-84.139618   197.615799  -23.389111
-82.707016   196.809021  -23.459732
-80.923798   195.070450  -23.663582
-79.099884   192.858582  -22.759346
-76.952507   189.889877  -23.587681
-74.980492   187.048767  -23.675634
-73.068199   184.867584  -23.595053
-65.308914   183.402328  -22.961163
-63.263348   183.606979  -22.866941
-60.937504   184.618790  -22.852514
-59.059586   186.679504  -22.681232
-57.576889   188.912811  -22.255697
-56.550690   191.884140  -21.823370
-55.714764   195.110748  -21.513531
-55.447464   198.597427  -20.911467
-55.510605   201.960052  -20.828444
-55.584522   204.471191  -20.603796
-55.975189   206.527985  -20.494913
-56.712696   207.903198  -20.185587
-57.284069   208.320206  -20.136621
-57.829857   208.316025  -20.252632
-58.491039   208.067001  -20.429256
-59.242516   207.304749  -20.595856
-60.187626   205.901398  -20.903330
-61.095139   203.957184  -21.378132
-61.398949   200.999023  -22.078352
-61.342110   198.152542  -22.556877
-60.553680   195.511887  -23.085087
-58.941860   193.029022  -23.510031
-56.865150   191.113403  -24.014078
-54.504162   189.697113  -24.398039
-51.557301   188.864777  -24.658335
-48.135723   188.830276  -24.877548
-41.054295   190.562195  -24.952175
-40.878864   190.628555  -24.947462
-37.362209   192.834610  -24.736931
-33.519569   195.819901  -24.436260
-30.838129   198.407684  -24.044548
-29.157831   200.444595  -23.768734
-28.331837   202.088364  -23.539312
-28.183292   203.506012  -23.490095
-28.564646   204.391159  -23.463318
-29.187586   204.761368  -23.538551
-29.838791   204.829269  -23.509102
-30.144440   204.890518  -23.520605
-30.929701   204.710983  -23.607738
-32.354595   204.145462  -23.705177
-33.985138   203.102646  -23.805777
-35.128944   202.178177  -23.801874
-35.908649   200.693939  -23.977011
-36.590927   197.726624  -24.162115
-36.613407   192.960938  -24.415663
-36.004723   187.345535  -24.748432
-35.009464   181.482513  -24.902542
-33.613640   176.667587  -24.670691
-32.422047   172.676697  -24.209864
-31.227373   169.915649  -23.732746
-29.696678   168.497238  -23.389977
-28.235229   168.642761  -23.387520
-26.749460   170.207642  -23.587341
-25.320597   173.368118  -23.715979
-24.069912   177.068329  -23.613718
-22.981276   181.031860  -23.240511
-22.168652   184.290298  -23.062447
-21.506706   188.252701  -22.535511
-20.857319   192.010239  -22.198870
-20.173771   195.361771  -21.824154
-19.308992   198.840561  -21.196566
-18.150555   202.039459  -20.688469
-16.911682   204.666412  -20.182985
-15.601043   206.850342  -19.688688
-14.301171   208.174377  -19.344835
-12.825754   208.514572  -19.014105
-11.710129   208.180267  -18.827742
-10.990440   207.005417  -18.769711
-10.325974   204.347031  -18.802261
-9.898507   200.081116  -18.906075
-9.777038   189.259918  -19.003973
-9.482205   183.825180  -18.698730
-9.344752   177.382278  -17.901016
-9.281666   172.866150  -17.035244
-9.173861   170.168564  -16.249773
-9.473450   169.054886  -15.874479
-10.324552   170.177994  -15.926885
-10.967827   171.484573  -15.989755
-11.243674   172.248871  -16.041397
-11.348532   172.798950  -16.115055
-11.617012   174.749817  -16.336107
-11.748563   177.863312  -16.629829
-11.689199   181.654877  -16.783913
-11.360751   185.759125  -16.807184
-10.780252   189.793625  -16.649721
-9.796981   193.587387  -16.311346
-8.478225   196.980942  -15.945447
-7.042579   199.389877  -15.460679
-5.564087   201.130569  -14.976867
-4.066693   202.228485  -14.505878
-2.414947   202.526413  -14.479327
-0.595321   201.995636  -14.543171
1.307958   200.698120  -14.722219
3.397700   198.563049  -15.093227
5.632427   195.385284  -15.494549
8.042742   191.321426  -15.738966
10.660062   186.321350  -15.882338
13.470590   181.606155  -15.495358
16.632761   178.730377  -14.899361
19.857298   178.843521  -13.651317
23.181051   181.338028  -12.369093
25.581110   186.568542  -11.058121
26.887161   192.332886  -10.199609
27.679945   198.627029  -10.000201
28.872929   205.442032  -10.211321
29.858484   209.975845  -10.055365
30.366079   213.676636  -10.155294
30.353262   216.779297  -10.225604
30.086903   219.627914  -9.923301
29.637192   222.560120  -9.387949
29.239571   224.918350  -8.861298
28.995089   226.457184  -8.554194
28.869829   227.514862  -8.343608
28.904819   228.508636  -8.234703
29.165007   228.858719  -8.414153
29.413750   228.392639  -8.581154
29.804302   226.501114  -9.147109
30.506779   223.136536  -10.067021
31.439077   217.401794  -11.421754
32.347553   210.740723  -12.458853
32.942280   204.058456  -13.290988
33.384945   196.142578  -13.416695
33.557747   189.388794  -12.910142
33.474178   184.601639  -12.282159
32.486336   181.032303  -11.705586
32.124897   180.237747  -11.602397
31.548565   179.364700  -11.492072
31.069019   178.944672  -11.428061
30.676878   179.133194  -11.382200
30.314480   179.923767  -11.411914
29.893318   181.377411  -11.419743
29.350122   182.881912  -11.299068
28.919367   185.006378  -11.036784
28.677368   186.714615  -10.832709
28.514458   188.205475  -10.597272
28.379795   189.505127  -10.377103
28.233070   190.639923  -10.154411
27.992271   191.352982  -9.972792
27.714607   191.941895  -9.680561
27.363491   192.405823  -9.364371
26.966049   192.717514  -9.078224
26.310280   192.907654  -8.573069
25.649080   192.958221  -8.257308
25.029165   192.966995  -8.072036
24.232279   193.073257  -7.874804
23.456474   193.233444  -7.743626
22.509195   193.341782  -7.389906
21.502537   193.529297  -7.070784
20.519138   193.734680  -6.860999
19.559460   194.026123  -6.657625
18.575663   194.012009  -6.073709
17.700562   193.990234  -5.338089
17.079514   193.956512  -5.002505
19.831205   198.083557  -9.034773
19.589411   198.935989  -11.889180
18.898373   198.892914  -13.035209
18.382128   198.555603  -13.483462
17.956837   198.244965  -13.715230
17.574776   198.271927  -13.876902
17.305820   198.087296  -13.901257
17.115707   198.670059  -13.887959
16.890257   198.755997  -13.870555
16.862967   199.393997  -13.793651
16.872181   199.874619  -13.776290
16.971285   200.671173  -13.733878
17.139685   201.505203  -13.648963
17.364077   202.125992  -13.519365
17.969416   203.314758  -13.276387
19.022068   204.541306  -12.929310
20.441805   205.217300  -12.270409
22.304598   205.325012  -11.655875
24.466665   204.367599  -11.214849
26.719238   202.868393  -10.859518
29.104879   200.442047  -10.623070
31.893888   197.156387  -10.257317
35.006413   193.409119  -9.339765
38.316456   189.811737  -8.217936
41.748749   187.061478  -7.061997
45.111057   185.553848  -5.811514
48.863476   185.746857  -4.879087
52.889637   187.218658  -4.014048
56.989075   189.637634  -2.981510
61.439400   193.052643  -1.739388
65.157173   196.029449  -0.391393
67.864456   198.296631  0.610793
69.570740   200.171921  1.283761
70.683380   201.790314  1.416827
71.101967   203.033295  1.387670
71.187752   203.831787  1.254424
70.934692   204.451340  0.997183
70.175774   204.476227  0.525743
69.236420   204.315079  -0.106072
68.180916   203.412079  -0.701304
67.320305   202.149323  -1.189644
66.648102   200.337875  -1.566197
66.107864   197.638275  -1.873233
65.612099   193.704071  -1.954972
65.445229   189.088242  -1.823961
65.669289   185.232605  -1.184170
66.269615   182.517807  -0.398011
67.281319   181.364380  0.475687
68.651672   181.077789  1.093910
70.543251   182.234940  1.492555
72.016090   183.807159  1.691241
73.145004   186.122101  1.891084
74.390053   189.560638  1.433268
75.307159   192.556152  1.191253
75.609436   195.135071  0.891034
75.777840   197.335648  0.834267
75.878448   199.546555  0.753166
75.831810   201.467758  0.649577
75.777153   203.263718  0.559049
75.735199   204.730377  0.505222
75.777893   205.749100  0.667455
75.943542   206.030487  0.782989
76.272095   205.763397  0.869186
76.891479   204.777725  0.932387
77.776123   203.089371  0.969919
78.890282   200.500793  0.987407
80.030067   197.412704  1.033447
81.611404   194.257248  1.417154
83.564911   192.422592  2.097825
84.739487   191.707794  2.528570
86.243553   193.190247  2.992493
88.450638   197.162033  3.549087
90.980347   202.330765  4.234902
93.025620   207.422699  5.365377
94.678596   211.755234  6.323419
95.858566   215.709869  6.997258
96.716454   220.338486  7.757401
97.333710   226.592133  9.087055
97.189369   232.427200  9.944833
96.918159   236.019211  10.420161
96.358711   239.741806  10.889395
95.814301   242.985138  11.378044
95.085793   245.837769  12.032857
94.266640   247.723984  12.188073
93.257263   248.832123  11.985947
92.324440   249.376953  11.587813
91.370834   248.815460  10.818317
90.396751   246.707138  9.486948
89.616013   243.388229  7.960197
88.956085   237.210464  6.001943
89.019203   228.170761  3.945489
89.687813   217.672897  2.500842
90.821007   205.369568  2.037912
92.201202   194.507141  3.281969
93.621696   185.794891  4.840178
95.661598   179.720093  6.730101
102.595184   180.669708  8.986239
104.448891   182.512482  9.476154
107.303360   186.372437  9.847281
109.898994   190.371857  10.050998
112.715553   195.201660  10.666560
114.689529   198.924393  11.256694
116.322617   202.374207  11.879242
117.664063   205.931870  12.537111
118.383575   209.065887  13.006853
118.603317   211.916916  13.216877
118.551170   215.009918  13.353686
118.103783   218.042557  13.367724
117.431564   220.563675  13.282961
116.724388   222.547806  13.195933
115.974365   224.035248  13.049361
115.302414   225.092255  12.949849
114.909889   225.627884  12.866508
114.631233   225.835175  12.801591
114.504929   225.578186  12.637596
114.483086   224.644943  12.392252
114.504822   222.536636  11.969956
114.651306   219.909897  11.573080
114.933571   217.147263  11.370212
115.535103   214.197205  11.308180
116.188805   211.931870  11.330819
116.965736   210.162613  11.524798
117.951546   208.976212  11.808989
119.277870   207.996857  12.246063
120.622025   207.351685  12.874051
122.175484   206.908493  13.452961
123.796761   206.460236  14.062016
125.805588   206.114105  14.055291
127.980217   205.949951  14.340703
130.066223   205.709030  14.835069
132.202393   205.837494  15.571115
134.721512   206.996704  16.879028
137.158035   209.405029  18.223631
139.089005   213.166992  18.953423
140.730316   218.175110  19.645298
142.159744   222.841644  20.864813
143.329468   227.747910  22.125340
144.260513   233.152924  24.044724
144.255463   237.507401  25.185740
143.907898   241.032043  25.968037
143.315277   243.231094  26.210045
142.214844   246.217331  25.703581
141.149506   248.871460  25.254513
140.319107   250.828278  24.786575
139.592377   252.403748  23.711687
139.030365   253.435226  23.094494
138.396652   254.124451  22.630817
137.982117   254.515411  22.305571
137.662933   254.774399  22.063381
137.263977   254.927353  21.017126
137.209442   254.363876  20.294012
137.399307   253.713394  19.928291
138.224243   252.358902  19.575460
139.756302   249.746552  19.017113
142.424255   245.405289  18.788725
145.418015   239.704025  18.684608
148.790451   232.742508  19.416939
151.860977   226.318497  20.657940
155.189224   220.744232  22.445698
157.930756   216.558640  23.657839
159.492401   213.616714  24.606663
161.008896   210.551407  25.191261
161.511444   207.836151  25.626987
161.330368   205.478851  25.875912
160.518173   203.552933  26.000343
159.306076   201.650131  25.836958
156.348343   199.845093  25.340248
153.442108   198.879242  24.629116
150.689133   198.765167  23.839100
147.656403   199.400085  22.631052
145.860245   201.029373  21.736483
145.255341   202.483124  21.293064
145.225067   204.704117  20.886959
145.700180   207.272278  20.599606
147.211197   211.309113  20.775063
149.690735   216.321838  21.472868
152.980362   222.580658  21.936068
156.612534   228.871567  23.277809
160.572098   235.426758  25.369818
163.787018   241.017151  27.482628
165.362305   246.746643  29.115318
165.642029   251.979782  30.065756
165.237701   256.950317  30.518847
164.226196   261.506500  30.138456
162.707962   266.405212  30.243689
160.624664   270.301239  30.066942
158.530289   272.857819  29.545433
156.469986   274.857330  29.424511
154.893890   276.435120  29.333271
153.649124   277.124695  28.830980
152.859482   277.061676  28.278872
152.382080   275.898438  27.551886
152.397552   274.215240  26.845711
153.510818   269.731201  25.553261
156.442856   261.408264  24.304161
160.872406   251.067596  23.533422
164.608459   239.295395  23.607605
167.402817   227.234787  25.147236
170.734558   214.490540  27.460211
174.042313   203.291306  30.888784
175.498703   192.833527  34.372593
176.240784   183.899704  37.405502
177.097855   178.923447  39.033398
178.080750   177.707108  38.679852
178.126877   182.289566  33.630413
178.005371   187.178085  31.953518
177.732315   191.344910  31.467283
177.094727   196.463470  30.808147
176.596664   202.685333  30.539158
175.807861   208.348007  30.193832
174.914490   213.328232  30.026918
174.107742   218.858200  30.030407
174.083725   224.581238  30.485003
174.474335   229.524078  31.339579
175.021545   233.432419  32.375713
176.143127   236.361633  33.253315
177.533905   238.531860  34.336716
179.244431   239.707718  35.390823
181.090958   239.907135  36.491383
183.047302   236.922546  36.864731
185.816711   233.487213  37.059277
197.578842   223.995560  43.675049
201.009186   224.442154  45.947330
207.876709   228.733414  49.382446
212.832901   234.284668  54.825508
216.105942   239.547577  58.519104
216.804016   244.467972  61.250355
216.899979   247.884247  62.411629
216.460541   250.702408  62.836193
216.173813   252.439011  63.068436
215.568436   254.544632  63.183392
214.733017   256.438599  62.977070
213.771698   258.570313  62.217056
213.132172   259.754395  61.647892
212.430038   260.428162  61.012596
211.820160   260.550140  60.324928
211.273285   259.089752  59.052700
211.096832   255.496933  57.378048
211.418793   250.521194  56.108376
212.863922   242.546234  54.864941
214.871582   232.552155  54.688503
218.728622   221.198486  56.444145
221.058350   209.398041  58.809010
222.380066   198.765305  60.972748
224.575974   189.235245  64.680199
228.195221   182.542130  69.003189
228.011917   174.974365  71.635109
230.018967   168.979156  75.865448
236.490555   168.155136  81.517311
236.012360   166.188828  83.807518
237.618408   165.737869  85.970932
236.776215   165.968872  85.289841
235.454041   169.287445  84.600182
231.890793   172.587830  82.672852
227.892609   175.236557  78.665298
223.075714   178.003510  73.690308
216.731384   180.039490  67.896828
209.553558   181.668533  62.121277
201.580673   182.670776  56.909588
193.611450   182.917923  51.628159
185.731567   182.540146  46.627140
176.727783   181.796906  42.836800
167.843384   181.348679  39.475006
158.693161   180.929840  36.373257
151.601135   181.500168  34.110767
145.016449   181.945358  32.388512
141.355042   182.612534  31.222622
140.648346   183.117737  30.941227
140.840469   183.524353  30.848755
145.700851   185.149612  31.438385
157.348282   187.744888  34.091557
171.142273   191.424988  39.084011
185.049225   195.591721  45.742756
199.059433   200.540817  54.468880
213.005173   205.587982  64.660576
225.612900   211.237808  75.533943
234.359634   214.613327  83.698433
240.717316   215.123169  90.350372
244.807678   216.225342  97.275742
245.675354   215.165817  99.180801
249.810699   216.823853  102.254875
250.800949   214.199310  98.750801
250.261993   213.274017  98.150993
249.886993   212.834106  97.488533
248.257538   210.637817  93.621101
245.985687   208.591751  89.793106
239.913132   202.750702  81.501419
232.530289   194.880051  72.480850
223.619156   186.010895  63.683842
212.101059   176.794098  56.606499
199.487030   168.404724  51.096882
188.568939   159.012695  46.791218
176.247635   151.220459  42.979122
165.698929   146.996872  41.876766
