-108.629181  249.179810  10.717815
-104.165047  252.966858  12.495811
-101.189034  253.253387  13.190268
-93.328377  252.203705  12.553871
-86.672462  250.064941  11.341315
-83.857773  249.090851  11.240650
-80.501831  247.079727  11.174829
-72.133583  239.728836  7.581450
-69.904327  236.742920  6.195978
-67.006851  232.197678  3.630588
-64.318420  227.746384  1.410440
-62.013760  220.371567  -0.316141
-61.070793  216.762375  -1.450315
-60.819054  205.936050  -1.782692
-60.588844  200.285187  -3.469590
-60.266380  196.422791  -4.194919
-59.936550  188.903580  -7.409183
-62.226475  178.381210  -10.520431
-63.651024  173.217300  -11.860395
-65.214607  167.880020  -13.132121
-66.647301  162.146347  -14.412461
-68.332115  157.081238  -15.485492
-69.924408  151.606705  -16.295212
-78.233719  139.727097  -17.177877
-79.664772  137.551529  -17.244774
-82.079765  134.340317  -17.661573
-85.535011  130.625687  -18.284643
-92.668388  124.742729  -19.197321
-95.332474  122.723183  -19.430738
-98.187263  121.415985  -19.594915
-101.928368  120.224724  -19.894356
-106.331650  120.525536  -19.858252
-109.697563  121.134644  -19.255451
-112.755844  122.451118  -18.456671
-114.821327  123.135399  -17.811722
-116.551758  123.768837  -17.350981
-119.324158  126.662964  -15.348867
-121.880196  129.223267  -13.827249
-125.240700  133.082565  -11.989870
-126.466957  134.870163  -11.213693
-127.716202  136.857010  -10.210425
-128.938812  139.784088  -9.403655
-130.069382  144.211258  -8.019264
-130.605988  146.856033  -7.055531
-130.841202  149.331299  -6.446756
-131.032227  150.957581  -6.058055
-130.878357  153.606033  -5.561872
-130.939331  155.797043  -5.217777
-130.521820  158.559189  -5.021087
-127.662971  164.275803  -4.396585
-126.987816  165.915039  -4.205232
-125.771698  168.079117  -3.745408
-125.023964  169.676819  -3.460920
-122.095329  172.093903  -3.646882
-120.597519  172.419403  -3.931719
-118.770020  172.286407  -4.497195
-117.166199  172.016251  -4.964946
-115.426308  171.537064  -5.491275
-114.023689  170.547577  -5.902302
-112.160263  168.874222  -6.433087
-110.023148  166.270203  -7.255103
-107.635223  162.011124  -8.552973
-105.635536  156.767563  -10.122274
-104.169655  151.883514  -11.333599
-99.155724  138.164963  -12.479667
-97.918282  133.253204  -12.084382
-96.119133  127.719131  -11.173631
-91.745544  114.712151  -10.047473
-89.366585  109.885170  -9.572553
-87.455986  105.243057  -9.138590
-85.261551  100.922836  -8.634334
-83.202972  97.082008  -8.707557
-81.150497  93.597961  -8.868448
-79.063606  90.882271  -9.222083
-75.777458  86.434380  -9.773421
-74.301552  85.080566  -10.056465
-72.677620  83.776978  -10.418756
-71.204628  82.773132  -10.762043
-69.694908  81.817360  -11.099059
-68.162636  81.014610  -11.421641
-67.063087  80.545364  -11.661697
-66.035950  80.514282  -11.943398
-64.038536  81.281845  -12.652345
-63.029114  81.879608  -13.025090
-61.565762  82.974541  -13.533135
-60.382923  84.532867  -14.048214
-59.099762  86.292992  -14.537407
-57.875797  88.082451  -14.986006
-56.592075  90.195297  -15.432758
-55.607391  92.399521  -15.879248
-54.619106  94.535919  -16.440754
-53.715099  96.707893  -17.224047
-52.367561  98.850525  -17.622406
-51.015404  101.316483  -17.750097
-49.344128  103.903557  -17.764904
-47.801365  106.427650  -17.735641
-46.202301  109.273537  -17.838137
-44.919842  112.621536  -17.760208
-43.439426  116.087502  -17.523024
-42.382725  119.406990  -17.297672
-41.327927  122.371765  -16.807215
-40.181854  125.353729  -16.091400
-39.442947  128.201538  -15.509604
-38.937603  131.799240  -14.364921
-38.593090  134.412506  -13.614390
-38.448997  137.766586  -12.582268
-38.604336  140.493454  -11.894258
-38.989681  143.158463  -11.240691
-39.747707  146.626602  -10.245070
-40.864697  149.478134  -9.393138
-42.235256  151.742630  -8.963787
-43.663559  153.692184  -8.830662
-45.635147  155.701370  -8.537640
-48.003784  158.170334  -7.887186
-50.715069  160.238403  -7.216136
-53.258110  161.324524  -7.066379
-55.972973  162.150650  -7.148197
-59.810917  166.570953  -4.737739
-63.264465  166.982849  -4.324875
-66.294250  166.014923  -4.122754
-69.137634  164.961670  -3.863274
-72.248360  163.133591  -3.547929
-75.659447  160.101822  -3.410064
-78.950371  156.090393  -2.939401
-81.732155  151.685471  -2.441769
-83.767555  147.714111  -3.188739
-85.891113  143.317719  -3.300203
-87.470718  138.683548  -3.766275
-88.690010  134.716812  -3.517868
-88.948593  131.439865  -3.051323
-89.051414  127.309074  -2.897560
-88.779243  123.037689  -2.288420
-88.605934  119.231018  -1.838976
-87.921143  116.799187  -1.774966
-87.079102  114.181213  -1.588820
-85.500748  111.646431  -1.580132
-84.226433  108.559395  -1.336797
-83.001099  106.624466  -1.208958
-81.809227  105.180275  -1.103382
-80.215202  103.820053  -1.001209
-73.470871  101.336815  -3.574979
-71.533249  100.855309  -4.093728
-68.850761  99.550201  -4.929045
-66.301575  99.034569  -5.895912
-64.001587  98.940010  -6.768831
-61.543335  99.068718  -7.747680
-58.944370  99.173286  -9.194902
-56.742702  99.549698  -10.457733
-55.078747  99.981216  -11.353159
-53.674984  100.940880  -12.089880
-52.479210  101.906471  -12.697370
-51.364986  103.025734  -13.431796
-50.144024  104.592468  -14.238374
-49.324585  106.489845  -14.941084
-48.600582  109.443329  -15.481432
-48.269707  112.306183  -15.597898
-48.491047  115.631348  -15.354213
-48.415752  119.343033  -14.838169
-48.703785  122.964828  -14.140909
-49.499393  126.836472  -13.725246
-50.843082  133.404373  -13.012234
-51.658371  136.576248  -12.496296
-52.480331  139.192490  -12.133013
-53.615055  142.836960  -10.510537
-55.102226  145.856888  -8.688936
-56.100018  148.293427  -7.496644
-57.355106  149.995926  -6.272105
-57.746811  150.546799  -5.548563
-58.153023  150.816315  -5.043518
-58.270142  150.349640  -4.544978
-58.596573  149.741928  -3.990241
-58.747780  148.725723  -3.731886
-58.877537  147.299072  -3.705705
-58.654831  145.379333  -3.702882
-58.080578  142.817627  -3.935393
-57.324017  139.282104  -3.791880
-56.611683  134.819962  -3.646356
-55.294968  130.169647  -3.550770
-54.154835  127.163445  -3.656280
-52.292236  123.360359  -3.734490
-50.199207  119.067528  -4.352982
-47.951736  115.239052  -4.835175
-46.055138  111.162064  -6.086428
-44.310291  108.611977  -6.704778
-43.140617  106.416321  -7.144266
-41.949081  104.699310  -7.447955
-40.660297  103.437775  -7.687787
-39.453655  102.570824  -7.903752
-38.489906  102.018860  -7.819341
-37.640453  101.535362  -7.761956
-36.871273  101.207664  -7.761138
-35.932125  101.347580  -7.993573
-35.279675  101.945038  -8.239689
-34.941029  102.502304  -8.282791
-34.604786  102.889107  -8.176011
-34.352905  103.391975  -8.367494
-34.205196  104.502769  -8.810211
-34.257267  106.247147  -9.331491
-34.186672  108.450356  -9.857865
-34.100471  111.398956  -10.044049
-33.733006  115.542030  -8.612449
-33.498745  119.331841  -8.056821
-33.234863  122.515274  -7.815707
-33.110367  125.474586  -7.659720
-32.880562  129.148773  -7.507956
-32.750721  132.989029  -7.437517
-32.516502  136.581970  -7.321980
-32.288986  140.538864  -5.915237
-33.730747  145.312134  -4.572938
-34.591148  149.180527  -2.922284
-34.931568  152.595169  -1.768136
-34.647316  155.437012  -0.080640
-34.408825  157.786331  1.043256
-38.808094  176.939255  1.169699
-39.451920  183.915817  1.146042
-38.650150  187.049652  1.427104
-38.377399  188.046280  1.303086
-38.143089  188.360825  1.111671
-37.787251  188.509354  1.056122
-37.409462  188.610611  1.024944
-37.036842  188.636322  0.923298
-36.550613  188.401276  0.635846
-36.102089  187.989136  0.304522
-35.266113  187.043198  -0.310983
-34.267448  185.356400  -1.185646
-33.199982  182.993515  -2.205370
-31.987644  179.818604  -3.587248
-30.799711  176.080734  -5.082391
-29.610155  171.849564  -6.539199
-28.538723  167.351135  -7.609908
-27.315338  162.462097  -8.750532
-26.009714  157.453064  -9.863935
-24.741524  152.484482  -10.985513
-23.434452  147.397522  -12.033770
-22.030373  142.793915  -12.779456
-20.446503  138.269928  -13.086857
-18.902210  133.405746  -13.013352
-16.385893  124.581757  -11.674577
-14.102038  116.973999  -11.565122
-12.146100  113.742416  -11.188977
-11.205101  111.154732  -10.865683
-12.236057  103.587318  -11.448903
-11.761295  100.120789  -11.743705
-14.512178  91.949028  -11.384773
-15.689822  88.686623  -11.433986
-15.385623  86.246971  -11.414805
-17.519688  83.276825  -11.865421
-18.316301  81.150124  -12.075518
-22.247286  78.225731  -12.067831
-22.658768  77.607140  -12.089188
-24.215816  76.728912  -12.194522
-25.307402  76.290718  -12.320261
-26.075451  76.175751  -12.562229
-28.076077  76.767624  -12.839310
-30.030252  77.614853  -12.940772
-30.596277  79.025848  -13.590650
-32.844307  86.129204  -16.186106
-33.763798  90.164986  -16.522081
-35.237816  102.102257  -19.086054
-34.792469  107.141441  -17.887138
-34.259670  113.770462  -15.541703
-34.193821  118.899368  -13.582253
-34.255013  123.985825  -12.019055
-34.052010  135.147141  -7.458051
-33.467068  139.657761  -5.553587
-33.696266  145.019684  -3.166000
-32.302254  155.040558  1.748063
-32.405415  158.306854  3.602404
-32.319679  161.818420  5.758517
-32.360275  164.507523  7.477779
-32.439072  167.797653  9.629526
-32.754013  170.095734  11.110310
-33.045765  172.265427  12.544486
-33.002636  174.775452  13.980522
-32.400082  174.453217  13.831789
-32.434074  174.983597  14.030886
-32.903404  175.991318  14.320297
-33.101326  177.781693  15.126404
-33.323441  178.855637  15.407364
-33.517845  179.847427  15.535352
-33.556919  181.451004  15.347435
-33.612457  183.353485  14.922844
-33.346294  184.939011  14.246602
-32.765755  185.902222  11.770927
-31.870073  186.307190  9.260617
-31.340996  185.930298  7.372742
-30.522573  184.923950  5.078460
-29.851358  183.793823  1.934530
-29.089643  182.088348  -0.133410
-28.124220  181.203018  -2.524748
-27.539696  180.740479  -3.908320
-26.975412  180.211823  -5.009418
-26.591164  179.987305  -5.782389
-26.322636  179.891846  -6.288913
-26.110395  179.956879  -6.397005
-26.000885  180.084885  -6.450003
-25.816776  180.176926  -6.429430
-25.679516  180.127609  -6.277283
-25.602369  179.922729  -6.192362
-25.382900  179.424042  -5.978097
-25.055834  179.267685  -5.569958
-24.206156  178.645645  -5.077911
-23.632401  178.176376  -4.762439
-22.785017  177.633438  -4.275732
-21.944416  177.225388  -3.946046
-20.871675  176.735626  -3.691609
-19.321581  176.400085  -3.166430
-17.431684  175.753891  -2.490122
-15.578528  175.153763  -2.107635
-13.422423  174.471848  -1.835108
-10.944596  173.598816  -1.520706
-8.362159  171.980865  -1.197494
-5.952655  170.799713  -0.819698
-3.396597  170.261932  -0.613677
-0.698013  169.507462  -0.574412
1.650675  168.987015  -0.588724
3.815928  168.664429  -0.516398
6.154499  168.520493  -0.342372
8.490847  168.204544  -0.333005
10.861761  168.144653  -0.408598
12.773701  168.141754  -0.414744
14.679107  168.324951  -0.398041
16.381060  168.441193  -0.383738
17.864283  168.887909  -0.289145
18.950901  169.244568  -0.430877
19.908197  169.438782  -0.724718
20.438368  169.644135  -0.954479
20.701216  169.889267  -1.117331
20.755192  170.352188  -1.376694
20.768471  170.973129  -1.784862
20.507042  171.606140  -2.098889
19.918573  172.137268  -2.381974
18.745523  173.108994  -2.897927
17.139256  174.126068  -3.266283
15.203149  174.965225  -3.730626
12.969762  175.793427  -4.249487
10.718205  176.342682  -4.603838
8.113708  176.158493  -5.279216
4.960095  175.767090  -5.649909
1.727529  174.620117  -5.811813
-1.158956  173.079041  -6.154690
-3.813346  171.502914  -6.504026
-6.303409  169.491882  -7.233540
-8.716269  167.192139  -8.200768
-11.378808  163.898956  -9.284474
-16.008802  157.351974  -10.332093
-18.203236  154.337845  -10.471868
-20.224426  150.907700  -10.492995
-21.737190  147.328476  -10.490814
-23.324821  143.226898  -10.353272
-24.292238  139.559494  -9.890932
-24.418846  136.385544  -9.783851
-24.334517  133.623383  -9.698689
-24.495846  129.758362  -10.211978
-24.361217  125.866440  -10.869210
-23.752197  122.540649  -11.361424
-23.052164  118.990944  -11.834615
-21.787458  115.815193  -12.092316
-20.303549  113.044693  -11.061299
-18.257938  110.657639  -10.569846
-15.888567  108.880386  -10.278891
-13.619183  107.475677  -10.188514
-11.430772  105.677551  -10.684116
-9.150760  104.896805  -10.791656
-6.879173  103.635490  -11.206446
-4.536107  102.577904  -11.824149
-2.367896  102.154587  -12.191958
-0.210837  102.219154  -12.411271
1.773609  102.448990  -12.757300
4.333835  103.078903  -13.270469
6.857970  104.765625  -13.594235
9.112876  106.324112  -13.758749
10.468362  107.596008  -13.874147
11.522099  109.066017  -13.820905
12.390751  111.107689  -13.571466
12.924600  114.180962  -13.352499
13.285808  118.422188  -12.760239
13.261004  122.448860  -12.138077
13.113960  126.594147  -11.216893
10.540057  138.362015  -7.729789
9.926659  141.593231  -6.485337
8.798145  145.024338  -5.210012
7.708660  148.761124  -3.955141
6.437574  152.289673  -2.904146
5.089824  155.651077  -1.757491
3.968906  158.831207  -0.356786
2.914142  161.435150  0.617880
1.888044  163.877121  1.523220
0.760723  166.230377  2.323358
-0.492836  168.336655  3.483147
-1.593498  170.108078  4.452379
-2.558800  171.682602  5.267771
-3.304019  172.941498  5.743794
-4.081730  174.047577  6.102198
-4.610267  174.996933  6.319311
-4.967300  175.822556  6.463742
-5.507706  176.203903  6.690290
-5.819161  176.623734  6.983311
-6.003516  176.857788  7.170512
-6.043847  176.979828  7.220853
-6.000357  176.827805  7.149519
-5.792915  176.086273  6.965739
-5.368662  175.165405  6.742976
-4.667314  173.862808  6.274065
-3.426528  171.836746  5.609303
-1.651728  169.140640  4.842610
0.393433  166.365860  4.084335
2.381979  163.416245  3.170848
4.160549  160.296082  2.112382
6.072437  156.566055  0.775408
7.796016  152.348160  -0.569977
9.565782  145.447266  -2.986549
11.392177  140.751312  -4.373408
12.853742  136.033432  -5.800014
14.709882  131.573288  -6.980769
16.236105  128.300842  -8.041361
18.359943  125.300774  -8.789135
23.243210  121.220863  -9.391690
24.969967  120.028809  -9.643657
26.481895  119.009407  -9.840091
27.987535  118.149094  -10.026643
29.299871  117.585571  -10.279235
30.240179  117.290535  -10.404550
31.197859  117.087997  -10.502258
31.569769  117.032906  -10.567000
32.018669  117.041206  -10.586060
32.175812  117.239120  -10.663095
32.317707  117.459274  -10.773288
32.257721  117.592255  -10.734020
32.145031  117.901756  -10.637067
31.971598  118.546837  -10.461189
31.641047  119.474762  -10.224351
31.221628  120.874825  -9.963105
30.654236  122.346161  -9.471869
30.119175  123.656044  -8.983030
29.327921  125.045670  -8.477759
28.629982  126.544739  -8.059328
28.154768  127.442139  -7.664353
27.357367  128.289169  -7.426085
26.882273  128.878082  -7.290933
26.424337  129.689255  -7.024494
26.255346  130.226410  -6.840795
26.258772  130.551224  -6.644079
26.041758  130.934631  -6.413648
25.986910  131.136841  -6.238302
26.207949  131.245804  -5.937027
26.227203  131.419952  -5.645280
26.377699  131.386749  -5.412581
26.613852  131.179199  -5.163191
27.063925  130.720367  -4.962523
27.600637  130.206329  -4.798968
28.639105  129.348068  -4.564611
29.959209  128.449493  -4.369900
31.366728  126.939369  -4.003561
32.379120  125.118141  -3.762760
33.645889  123.354225  -3.619214
36.151329  121.006767  -3.476016
37.106869  119.136787  -3.732234
38.577946  117.422241  -3.826355
40.141716  115.662521  -4.039060
42.233887  114.223991  -4.381169
44.196800  113.162354  -4.801067
46.033695  112.216003  -5.123914
47.767273  111.619293  -5.373148
49.405037  111.186043  -5.543240
51.310482  111.616707  -5.795606
53.156548  111.869720  -5.929378
55.310677  112.541313  -6.146736
56.857822  113.590729  -6.456697
58.588387  115.578232  -6.736194
59.752590  116.802795  -6.824202
60.708366  118.284882  -6.854578
61.514606  119.994377  -6.848565
62.494755  122.633583  -6.711782
63.448330  125.945923  -6.269821
63.681015  128.733093  -5.923769
63.951950  132.176849  -5.587010
63.409603  135.031342  -5.492699
62.441566  138.340698  -5.033699
60.881702  141.545151  -4.941926
58.291786  144.531418  -5.088605
55.511253  147.614090  -5.167784
52.554802  150.595581  -5.113490
49.031868  152.716614  -4.743090
45.885387  154.658813  -4.556264
42.798218  156.194702  -4.440207
39.420441  157.625336  -4.425562
36.392673  158.736237  -4.294523
33.470814  159.756836  -4.163359
31.024088  160.534744  -4.014265
28.104666  160.064407  -4.406493
26.005011  160.242676  -4.477308
23.970415  160.434570  -4.365163
22.574842  160.685974  -4.271011
21.601334  160.924896  -4.185805
20.513430  160.982819  -4.276773
19.355659  161.095810  -4.447374
18.496271  161.303680  -4.553983
18.023197  161.767456  -4.686142
18.082909  161.913467  -4.860045
18.469606  162.303589  -5.042226
19.684862  162.812668  -5.182526
21.988489  163.825851  -5.498783
32.934204  170.711426  -4.086188
35.771091  171.855591  -3.554524
39.715290  173.018661  -2.615475
45.359463  174.717514  -1.077773
50.035984  175.526871  0.120058
53.951290  175.904160  0.798127
56.604984  175.939011  1.200336
59.083633  175.866074  1.759619
61.372784  175.600891  2.362044
63.202721  175.082794  2.834341
64.591270  174.379807  3.024547
65.621490  173.088547  2.924145
66.731636  171.774765  2.811021
67.480034  169.867676  2.505400
68.189926  167.441772  2.097220
68.603394  164.381851  1.362171
68.456001  160.801849  0.209490
68.449570  156.724594  -1.191905
68.751717  153.302612  -2.257284
69.387520  150.361237  -2.881948
70.329079  147.971313  -3.374236
71.103889  145.430405  -4.124036
71.815849  142.931473  -4.749072
72.547974  140.605545  -4.836116
73.146652  138.737259  -4.969706
73.843437  136.751541  -4.936335
75.152092  135.181702  -4.856363
75.842339  133.614532  -4.976945
76.784447  131.128784  -5.422261
77.474426  129.840469  -5.556633
77.977745  128.964569  -5.835392
78.440834  128.122314  -6.028867
78.902771  127.288704  -6.127690
79.317909  126.703041  -6.134386
79.704918  126.368851  -6.080712
80.080429  126.322571  -6.060482
80.458542  126.226524  -5.943573
80.886505  126.308937  -5.800150
81.269302  126.478539  -5.672509
81.666672  126.648018  -5.531312
82.107544  126.871704  -5.384897
82.691368  127.329308  -5.253411
83.503426  127.989769  -5.044917
84.438904  128.870926  -4.771334
85.356064  129.864594  -4.474496
86.424538  130.970718  -4.013643
87.781357  132.607742  -3.574255
89.223480  134.279068  -3.048535
90.508049  136.141830  -2.505317
91.754967  138.159332  -1.937020
92.743401  140.017426  -1.396120
93.501175  141.396835  -0.963652
94.346245  142.879166  -0.446874
95.887543  146.253220  0.694756
96.870949  148.345261  1.633863
97.457237  150.287567  2.291004
98.011887  152.800552  3.049865
98.266830  154.705750  3.714391
98.369492  156.395142  4.216806
98.291664  157.837219  4.668407
97.679993  159.619781  4.833723
96.920746  161.809631  5.103093
95.545128  164.371323  5.307581
91.421539  170.170197  6.352469
89.651131  172.768799  6.821677
84.421486  177.579224  7.610459
80.630669  179.333878  7.845976
76.226952  181.586411  8.149332
72.583649  183.593933  8.459163
67.874786  184.866425  8.024241
64.067635  185.737503  7.691172
60.537231  185.444046  7.008520
56.528221  184.180328  5.245169
53.793846  183.269608  4.172934
50.881229  181.470367  3.102426
48.283897  179.124893  2.169277
47.267120  177.794189  1.582439
45.268974  175.456772  0.695407
43.376804  172.571259  0.054320
42.055702  170.823792  -0.285080
41.309162  168.257614  -0.661726
41.234962  167.349747  -0.790950
41.531563  166.090027  -0.790672
41.965168  165.061493  -0.653707
43.281342  164.068604  -0.419685
45.431877  163.364487  -0.139595
47.857483  162.578812  0.014080
50.794132  161.975983  0.069158
54.745842  161.766983  -0.073825
58.876446  161.309204  -0.154365
63.326061  160.617447  0.074219
70.642578  159.383102  0.510479
73.812904  158.784988  0.874425
81.693420  156.395203  1.749362
84.338013  154.813263  2.345877
90.063141  152.299408  3.423725
92.933617  151.022720  3.919904
95.805206  149.809906  4.368613
99.705193  147.714035  4.931377
101.554474  146.245758  5.396685
103.110695  144.527802  5.506657
104.632721  142.646545  5.430381
106.338417  139.144424  4.731335
106.967110  137.448349  5.074786
107.085083  135.511566  5.130056
106.168755  131.533661  4.598896
105.561829  129.767731  4.181095
101.836761  125.122299  2.721331
100.127296  123.426964  2.309382
94.167534  119.342896  0.969913
90.585808  117.313553  0.258019
84.761681  114.240326  -0.729897
80.027367  112.256714  -1.224579
79.051079  111.762016  -1.290949
77.854820  111.035080  -1.366809
77.085510  110.582375  -1.416478
76.599464  110.200066  -1.416950
76.159836  109.952347  -1.391284
75.942596  109.784424  -1.343917
75.702850  109.726547  -1.206825
75.505554  109.891853  -0.916829
75.668274  110.588997  -0.202213
75.860199  111.061211  0.183553
76.209679  111.741249  0.709000
77.014381  113.545563  1.690098
77.342094  114.269005  2.173119
77.929688  115.742943  2.854465
78.620583  118.162621  4.017097
79.026260  119.878365  4.541337
79.431023  122.136086  5.342372
79.857521  124.360283  6.235794
80.533730  127.243240  7.204188
80.596069  129.753250  7.931590
80.304283  132.130600  8.447803
80.285347  134.894257  9.128000
80.863373  139.685135  10.114509
80.618668  143.353775  10.800915
80.334679  146.564087  11.396980
79.916298  150.484726  12.058165
79.432289  155.184799  12.920519
79.009323  159.377548  13.776713
78.483383  162.957016  14.576558
77.718872  166.430405  15.040459
76.722961  169.424484  15.443902
76.255768  173.800674  15.803213
75.409691  177.429474  16.112772
74.438721  180.510712  16.635921
73.681503  183.578064  17.056301
73.153267  186.879242  17.507313
72.488686  190.143997  18.103518
71.617378  193.260483  18.664898
70.783844  196.689163  19.384314
69.908646  200.548782  19.974646
69.357361  204.717499  20.793459
67.909752  206.674377  21.462067
66.490410  208.823517  22.137934
65.451881  210.848236  22.832512
64.167305  213.315857  23.467428
63.037987  215.441086  23.917343
62.472954  217.041809  24.356892
62.104458  218.791473  24.764835
61.716637  220.309738  25.039631
61.307091  221.258133  25.029238
60.942589  222.253235  25.141945
60.657425  223.016937  24.906744
60.562016  223.420624  24.657583
60.521297  223.795166  24.340801
60.964828  224.169907  23.813726
61.416416  224.129608  23.115093
61.980457  223.980682  22.561068
62.761532  223.737762  22.004419
64.308350  222.828918  20.649792
65.981567  221.443390  19.503384
68.657181  219.429520  18.069870
72.000763  216.610687  16.374969
75.461998  212.310349  14.445469
78.554504  207.251038  11.994192
81.798889  201.382217  9.493346
85.233292  194.789139  7.310705
88.146515  187.321289  5.417705
90.259346  178.776291  4.019458
91.616226  170.961548  3.483385
92.831017  163.989319  3.315586
94.020294  156.691315  2.288527
95.114304  150.372025  1.638057
95.510094  144.315308  1.393011
95.626541  138.676880  1.525031
96.012138  133.921371  1.629166
96.864052  129.313049  1.596913
98.178726  124.337257  1.254806
99.128716  120.144737  1.570124
100.442184  115.991608  1.379611
101.242332  112.287994  1.284976
101.921524  109.514214  1.475208
102.369850  107.526909  1.699246
102.635323  105.784180  1.854040
102.973129  104.479004  1.920294
103.560143  103.193787  1.721506
103.772911  102.102776  1.431056
103.732391  101.742088  1.236245
103.742592  101.682022  1.052795
103.698227  101.518410  1.128018
103.486298  101.901894  1.029010
103.032013  102.857513  0.735585
102.324043  104.515396  0.298612
101.712700  107.155716  -0.217604
100.812691  111.077789  -1.233133
99.765572  115.278656  -1.827349
97.794876  120.584923  -2.240134
96.338455  126.557777  -1.510525
95.351326  131.577408  -1.162588
94.371948  136.270020  -1.632342
93.213020  140.820038  -1.771417
92.137398  145.683701  -2.140958
91.011658  150.305695  -2.276369
89.821251  155.120605  -2.009988
88.807350  159.183105  -1.516702
88.586411  164.262955  0.343191
88.030388  168.101395  1.540575
88.383682  172.378708  4.132778
88.702873  176.513901  6.086357
88.365631  179.767258  7.067583
88.254082  183.298676  8.034436
88.423729  186.496033  9.286145
88.661240  189.193405  10.225841
88.930321  191.361069  11.017255
89.798317  194.263962  11.945141
90.570869  196.454865  12.432174
91.233543  198.043762  12.716664
92.034531  199.389130  13.033095
93.175217  200.996262  13.667193
94.524971  202.421844  14.115170
98.337364  204.183395  15.017027
99.534660  204.449753  15.294606
101.516785  204.701080  15.684689
103.472595  204.176193  15.910007
105.630569  203.682098  16.064070
107.179260  202.807556  16.070480
109.171082  201.560471  16.274927
111.539597  199.471069  16.428024
113.328270  197.044434  16.393196
115.011673  194.003113  16.113035
116.699097  189.864502  15.966292
117.974136  185.547882  15.503993
118.961830  180.239868  14.597412
119.654060  174.246826  13.382067
120.088043  168.243118  12.620118
119.951225  162.195099  11.575356
120.106667  156.511002  11.046974
119.847122  151.383545  10.919849
119.444130  146.205887  10.970624
119.740387  142.195724  10.855502
119.772194  138.124100  10.716219
119.373764  134.111969  10.997519
119.581680  130.894806  10.939859
119.913010  127.663086  10.597278
119.600739  124.085648  9.711631
119.158295  120.738403  8.636548
118.607147  118.532249  7.916227
118.702606  117.333740  7.751875
118.907646  116.599007  7.714696
119.230911  115.996841  7.399943
119.391228  115.355507  7.207476
119.872108  115.212280  7.139913
119.978958  114.952972  7.066907
120.205551  115.010269  7.072750
120.183029  115.111595  7.046283
120.120323  115.368958  6.974088
119.879822  116.446236  6.951190
119.433655  118.712784  6.980384
118.818115  121.577629  7.128802
118.250702  124.946602  7.263635
117.533562  129.043793  6.888712
117.013062  133.072647  6.538921
116.293747  137.307953  6.452714
115.570328  141.558029  6.415733
114.987343  145.733749  6.855338
115.063126  149.828262  6.954859
115.296120  153.595001  6.975383
115.184311  158.070801  6.959688
115.315498  162.179276  5.306748
115.461243  165.580933  4.541897
115.199486  168.800217  3.635328
114.916672  171.428879  3.227716
113.799278  176.156448  2.934896
113.493790  178.199692  2.864020
113.137947  180.943604  3.678655
112.543625  182.889328  4.232637
112.047562  184.842087  4.652211
111.627304  186.510101  4.998443
111.348183  188.138794  5.494429
110.865585  189.462250  5.747990
110.993729  191.238388  6.253460
111.123955  192.691467  6.600088
111.138016  193.563187  6.775240
111.080849  194.088898  6.831979
111.061256  194.488556  6.928226
111.177666  194.712830  6.936827
111.445107  194.789551  6.883998
111.830383  194.743393  6.816596
112.347694  194.266205  6.343903
113.153877  193.998413  6.290969
113.643173  193.297729  6.078709
114.992477  191.535599  5.450719
116.523613  189.010513  4.544186
118.956367  185.772797  3.471483
121.439415  182.244232  2.581472
124.425880  177.380249  1.952870
128.562180  172.425262  1.460607
129.639252  167.150986  0.634367
131.658691  154.042633  -0.282316
131.296875  147.484131  -0.678950
131.420975  138.912537  -1.470075
131.500977  125.673470  -2.025640
130.655716  120.950745  -1.337503
129.022736  113.857262  0.892107
128.912186  111.940796  1.678129
128.706024  109.680847  2.102589
128.356537  107.642014  2.555095
128.186142  105.910614  3.140351
128.174896  104.672997  3.809013
128.402679  103.908669  4.424026
128.441071  103.087639  5.071917
128.537476  102.805191  5.820062
128.466827  102.674049  6.384065
128.370773  102.677910  6.757717
128.035324  103.081146  7.063025
128.016891  103.779343  7.221330
127.839615  104.624397  7.272522
127.393631  105.909218  7.047394
126.389839  108.135330  6.824518
125.656059  111.161400  6.714288
124.923347  116.296616  7.421830
124.066521  121.578606  7.916862
122.782951  126.345032  8.295067
122.589203  130.115372  8.604615
122.079453  133.007614  8.408522
122.238403  135.024445  7.929663
122.024254  139.810989  7.481137
121.420837  142.049149  7.415503
117.606750  147.767151  7.711910
116.996559  149.988525  8.109032
114.972542  152.847748  8.929218
112.695099  155.685547  11.357842
110.926041  157.235306  13.425030
110.829979  158.681229  14.733836
110.352760  160.629272  16.888504
110.881088  163.331909  18.381388
110.897316  164.931320  19.199360
110.286697  166.116272  19.592598
110.075783  167.081711  20.754803
109.439720  172.375275  22.817038
108.966797  173.100555  23.265741
108.625885  174.220520  23.692858
109.186798  177.067795  24.826550
108.991356  179.768784  26.054985
108.288086  184.026184  29.602007
107.777229  186.760910  31.421171
106.603653  188.259323  32.675251
105.847908  189.498123  33.519115
105.519485  190.107712  33.714127
105.386841  190.769043  33.673996
105.488205  191.612473  33.439709
105.665703  192.325043  33.191967
106.104630  192.728897  32.575657
106.861633  192.990143  31.662119
107.731369  192.758820  30.580278
108.771599  192.464539  29.613459
110.343925  191.449982  27.908619
111.609726  190.192123  25.937408
112.661407  189.070816  24.314409
113.634651  187.677658  22.829933
114.416183  186.479736  21.399500
114.981255  185.924362  20.369488
115.277847  185.256104  19.385036
115.472931  184.925278  18.640915
115.624535  184.672455  18.038708
115.749680  184.636215  17.577850
115.811020  184.556015  17.181711
115.795540  184.460831  16.840118
115.656799  184.344925  16.557007
115.440811  184.130188  16.320011
