-12.981768  83.193619  -27.705378
-12.915435  83.191917  -27.664108
-12.906565  83.189713  -27.657579
-12.901786  83.186951  -27.652479
-12.893382  83.182098  -27.645674
-12.891997  83.178932  -27.642338
-12.891484  83.173325  -27.635361
-12.892008  83.166504  -27.628714
-12.894131  83.159775  -27.623119
-12.895361  83.153214  -27.617924
-12.902338  83.149979  -27.613144
-12.907278  83.148521  -27.610817
-12.912912  83.145683  -27.607645
-12.920537  83.145035  -27.604584
-12.930531  83.144669  -27.601578
-12.937221  83.146477  -27.598703
-12.945048  83.145226  -27.595547
-12.952756  83.147377  -27.592709
-12.962869  83.147720  -27.590031
-12.973933  83.149986  -27.587339
-12.982183  83.149651  -27.584654
-12.989402  83.148499  -27.582048
-12.995437  83.146660  -27.579807
-13.001122  83.144691  -27.577620
-13.010773  83.145874  -27.575394
-13.021140  83.147087  -27.572859
-13.027875  83.147049  -27.570225
-13.033576  83.145569  -27.567408
-13.039440  83.144188  -27.564632
-13.046228  83.145988  -27.561785
-13.053215  83.148109  -27.558912
-13.059583  83.148193  -27.555584
-13.064575  83.147926  -27.552462
-13.069292  83.147903  -27.549574
-13.075260  83.149857  -27.546852
-13.082335  83.149956  -27.543110
-13.089705  83.152061  -27.539604
-13.096948  83.156830  -27.536818
-13.104924  83.165672  -27.534595
-13.112237  83.171204  -27.533247
-13.120176  83.177132  -27.531990
-13.128154  83.184235  -27.530930
-13.132619  83.188583  -27.530537
-13.141403  83.198639  -27.530277
-13.152284  83.209755  -27.529724
-13.161046  83.220818  -27.529305
-13.169953  83.234894  -27.529879
-13.176710  83.244553  -27.531061
-13.182847  83.253609  -27.531214
-13.190982  83.263237  -27.531239
-13.195403  83.269760  -27.531321
-13.198720  83.276886  -27.531887
-13.202157  83.283569  -27.532558
-13.205665  83.287582  -27.533297
-13.205790  83.289673  -27.534327
-13.204889  83.293144  -27.535366
-13.204046  83.295563  -27.536047
-13.203464  83.297569  -27.536572
-13.202648  83.298546  -27.536884
-13.201166  83.301987  -27.537567
-13.199038  83.304413  -27.538300
-13.198031  83.307991  -27.539152
-13.195871  83.311142  -27.539864
-13.193245  83.316605  -27.540840
-13.188436  83.320206  -27.542177
-13.181910  83.324661  -27.543779
-13.174803  83.330612  -27.545357
-13.167703  83.335754  -27.546383
-13.153626  83.339813  -27.547007
-13.141474  83.348564  -27.547626
-13.119137  83.358055  -27.548567
-13.089814  83.365578  -27.548870
-13.059999  83.374420  -27.548809
-13.019429  83.384262  -27.548748
-12.983686  83.392876  -27.548367
-12.934414  83.407753  -27.545351
-12.873686  83.424614  -27.541180
-12.801084  83.443604  -27.534033
-12.720442  83.453957  -27.520636
-12.629174  83.467491  -27.502573
-12.511461  83.482338  -27.494020
-12.397778  83.496613  -27.488546
-12.272674  83.515678  -27.483530
-12.147243  83.536118  -27.481478
-12.005078  83.565018  -27.475828
-11.854765  83.595474  -27.468204
-11.702851  83.628441  -27.459335
-11.542012  83.681046  -27.452860
-11.374098  83.751358  -27.446129
-11.195863  83.870201  -27.555944
-11.029982  83.962669  -27.586819
-10.644058  84.126938  -27.600582
-10.527500  84.169968  -27.597061
-10.323930  84.248772  -27.581739
-10.101198  84.333786  -27.573860
-9.875745  84.402870  -27.569956
-9.667275  84.447609  -27.538713
-9.488140  84.481339  -27.501011
-9.292661  84.520126  -27.463236
-9.083982  84.558617  -27.399723
-8.863529  84.605385  -27.339939
-8.656414  84.641281  -27.291029
-8.452118  84.681908  -27.251467
-8.239147  84.734604  -27.210777
-8.022819  84.797066  -27.163689
-7.790666  84.879959  -27.114479
-7.562354  84.951134  -27.076569
-7.317019  85.025070  -27.053301
-7.044051  85.107185  -27.038528
-6.778638  85.195930  -27.026239
-6.488099  85.296913  -27.018909
-6.159303  85.415649  -27.072372
-5.756806  85.614693  -27.118156
-5.306272  85.909073  -27.189915
-4.827579  86.293686  -27.263433
-4.302496  86.832878  -27.353451
-3.767154  87.595901  -27.453054
-3.480749  88.321960  -27.506260
-3.412287  89.107971  -27.530817
-3.619913  90.013969  -27.507128
-4.103888  90.818291  -27.459848
-4.769865  91.534950  -27.360794
-5.708014  92.271614  -27.241146
-6.967221  92.910637  -27.067284
-8.910725  93.493073  -26.900681
-11.394878  93.974472  -26.631926
-13.894035  94.230072  -26.267393
-16.329784  94.231796  -25.873777
-18.545076  93.895180  -25.495308
-20.453888  93.233879  -25.209629
-22.153316  92.195770  -24.968479
-23.957270  90.554527  -24.662548
-25.643009  88.607101  -24.371252
-27.019636  86.623024  -24.082329
-28.294344  84.442177  -23.709846
-29.443779  82.081352  -23.259922
-30.238447  79.664513  -22.901295
-30.679947  77.493736  -22.619051
-30.716261  75.448639  -22.416767
-30.106022  73.453323  -22.391333
-27.967447  72.794388  -22.464310
-25.957653  72.776459  -22.588451
-23.589352  73.002815  -22.974886
-20.914755  73.863251  -23.496878
-18.192877  75.200645  -24.107922
-15.877764  76.752167  -24.616238
-13.510424  78.756927  -25.257164
-11.557145  80.854767  -25.909252
-9.935462  82.991112  -26.392849
-8.727600  84.947693  -26.757002
-7.788031  86.945107  -27.025248
-7.176414  88.826477  -27.250168
-6.974829  90.467026  -27.406229
-7.052791  91.683403  -27.521381
-7.269391  92.495132  -27.572054
-7.523914  92.940720  -27.580877
-7.868998  93.070190  -27.593510
-8.187943  92.850517  -27.572395
-8.530071  92.463470  -27.578571
-8.841176  92.028282  -27.613197
-9.097563  91.649559  -27.611572
-9.763339  90.242432  -27.625212
-10.711052  87.643578  -27.554327
-11.593517  84.040871  -27.283979
-11.806360  80.107651  -26.726864
-11.166605  76.938995  -26.208096
-9.737887  74.672478  -25.709948
-7.650308  73.235123  -25.313881
-4.989152  72.359642  -24.967581
-2.173983  71.884796  -24.760603
0.727221  71.752953  -24.840593
3.840102  72.140198  -25.170567
7.199600  73.018112  -25.554010
10.579447  74.452873  -25.964634
14.753572  76.727341  -26.763464
18.799412  79.502541  -27.546598
22.278063  82.436775  -28.326073
24.553581  85.174782  -28.999006
26.182169  88.719749  -29.936768
26.720324  92.087402  -30.666021
26.296335  94.907463  -30.932924
24.945709  97.768875  -31.039591
22.509108  101.116859  -31.180849
18.897665  104.346748  -31.286562
14.725825  107.326637  -31.062929
9.744053  110.074036  -30.527813
3.511287  112.708313  -29.751848
-3.279031  114.264687  -28.478924
-9.885074  114.758041  -26.573666
-13.154020  114.334732  -25.857882
-21.561451  113.034470  -23.784286
-29.032745  110.772713  -21.805363
-35.269855  107.944138  -20.476198
-40.435246  104.401962  -19.443626
-44.943687  100.110573  -17.989134
-48.938602  94.942574  -17.500008
-52.293900  89.101616  -16.593164
-55.551296  79.058838  -14.481482
-56.960735  73.670334  -13.369686
-57.546082  66.432465  -11.298994
-57.187553  59.598614  -9.420990
-55.569988  53.512589  -7.937968
-53.701900  48.683121  -6.918788
-50.256691  44.078602  -6.666391
-46.794582  40.123047  -7.331686
-43.244793  37.027615  -8.491781
-40.172520  35.216904  -9.225044
-36.804573  34.170803  -10.594246
-31.991745  33.757637  -12.500649
-26.539148  34.293816  -15.059146
-20.636837  36.107723  -17.802094
-11.801843  37.872475  -20.353514
-4.980545  42.353329  -22.552273
0.494706  47.360889  -24.292576
14.275670  64.223900  -28.273890
16.960714  68.145706  -28.467306
20.058603  73.076225  -28.859316
23.027969  78.232857  -29.083370
25.590750  83.153198  -29.744036
27.230618  87.540482  -30.282673
28.092730  90.905563  -30.618679
28.001017  93.850639  -30.836132
27.282732  96.870834  -31.029837
25.891815  99.457062  -31.078196
24.182203  101.822021  -31.066771
22.046650  103.778015  -30.729492
19.725182  105.258667  -30.436893
17.151371  106.336876  -30.216370
15.367583  106.943977  -29.925598
13.843970  107.097237  -29.671268
12.573261  106.918663  -29.461618
11.683637  106.517128  -29.323633
10.312315  105.264519  -29.288633
9.461751  103.236954  -29.580721
9.421544  100.319130  -30.128292
11.116612  95.673088  -30.676023
13.920834  91.499420  -30.947330
17.431219  87.715675  -30.792917
21.024914  84.169769  -30.370487
24.542582  80.887894  -29.578882
27.334621  78.203407  -28.723427
29.465120  75.641853  -27.832870
30.941166  73.260719  -26.821779
32.024231  70.975609  -25.606012
32.304806  68.894806  -24.383009
31.966991  67.222061  -23.088902
31.058283  65.816109  -21.591848
29.498915  64.487228  -20.136515
27.113464  63.158958  -18.526289
24.281458  61.844528  -16.856951
21.100735  60.777630  -15.174968
17.687994  60.026012  -13.669008
14.180705  59.657177  -12.400822
10.719589  59.110710  -11.094715
7.167506  58.770660  -9.552862
3.821266  59.072277  -8.268076
0.767921  59.295254  -7.164893
-1.933885  59.960857  -6.211935
-4.386876  60.622402  -5.181866
-6.557701  61.451973  -4.209252
-8.425493  62.022923  -3.375224
-10.464813  62.290962  -2.278295
-12.682163  62.053082  -1.058807
-15.266229  61.233303  0.024109
-19.007015  58.825771  1.524269
-20.873629  57.271759  2.757630
-22.620825  55.803936  3.725092
-25.341156  53.583027  5.057676
-26.418890  52.713814  5.568270
-27.644806  51.308346  5.797330
-27.914196  50.971462  5.835560
-28.255560  50.376972  5.711764
-28.319801  50.126259  5.783340
-28.328691  49.928288  5.920084
-28.288807  49.749416  6.167669
-28.143770  49.488605  6.427587
-27.893047  49.117973  6.761862
-27.387720  48.559338  7.313529
-26.661406  48.107449  7.892970
-25.840687  47.775631  8.453979
-24.669550  48.030869  8.902806
-23.469131  48.453407  9.077623
-22.214684  49.350506  8.737119
-20.829247  50.655025  8.079612
-18.845594  53.109234  6.608271
-15.545357  56.551407  4.310271
-10.611463  60.607178  0.950772
-3.240902  65.287453  -3.632438
4.002683  69.478142  -7.244228
15.721345  73.885139  -11.165352
26.921776  77.101387  -13.389469
38.129173  78.554482  -14.632501
48.219997  80.534210  -15.462659
56.642597  81.814880  -15.369221
62.901802  82.932587  -15.018019
70.394691  84.343330  -14.067983
76.103500  85.662498  -13.031137
80.358047  87.197418  -11.774679
83.698875  88.243340  -10.987993
86.651932  89.115654  -10.706685
88.691597  89.294189  -10.350844
90.122780  89.635490  -9.821062
91.254494  89.834534  -9.464655
92.035645  89.479309  -9.369130
92.504364  89.375633  -9.078749
92.772942  89.530945  -9.032332
92.996857  89.693169  -8.966109
92.999435  89.748245  -8.727242
93.026184  89.827232  -8.765190
93.012581  89.829239  -8.845878
92.962326  89.847015  -9.021415
92.808395  89.792747  -9.153081
92.704468  90.145592  -9.279881
92.453423  90.428368  -9.428491
92.236496  90.777275  -9.592747
91.577599  90.747391  -9.811330
90.945992  90.785065  -10.029387
90.063957  90.719353  -10.242941
89.472801  90.801743  -10.496089
88.463943  90.634247  -10.902984
87.426559  90.470360  -11.322531
86.487144  90.266785  -11.785041
85.603142  90.057396  -12.209745
84.779793  89.824699  -12.564622
84.153206  89.668777  -12.821452
83.653206  89.704216  -13.061800
83.288559  89.752167  -13.239491
82.980011  89.797615  -13.436648
82.596649  89.797028  -13.686475
82.299644  89.800049  -13.884417
82.075172  89.816223  -14.019510
81.813873  89.806381  -14.175940
81.475700  89.807915  -14.379777
81.257469  89.823860  -14.492045
