-32.417301  150.473358  -16.762529
-31.865414  151.136032  -15.930550
-31.886993  151.213409  -15.674109
-31.768600  151.247314  -15.338816
-31.747972  151.453552  -15.065815
-31.735125  151.577942  -14.954257
-31.735437  151.875183  -14.592089
-31.561249  152.055725  -13.806454
-31.507727  152.242950  -13.384507
-31.514286  152.479050  -13.176683
-31.503628  152.689758  -13.074925
-31.506004  152.866959  -13.031364
-31.549978  153.025711  -12.995617
-31.600874  153.160126  -12.959472
-31.613853  153.314438  -12.861897
-31.591829  153.622482  -12.582436
-31.553783  153.983383  -12.218023
-31.528799  154.297913  -12.040212
-31.560265  154.504532  -11.892520
-31.581099  154.659607  -11.805597
-31.597771  154.774109  -11.741470
-31.612032  154.863693  -11.689010
-31.646587  154.975266  -11.647763
-31.686632  155.094070  -11.608863
-31.704504  155.185410  -11.596566
-31.689482  155.348450  -11.591461
-31.674913  155.478149  -11.535878
-31.655363  155.642014  -11.452433
-31.634031  155.814011  -11.391435
-31.615465  155.984451  -11.339822
-31.586569  156.141068  -11.280863
-31.582529  156.267059  -11.244277
-31.594570  156.382172  -11.208081
-31.590424  156.518250  -11.165202
-31.546709  156.635498  -11.121308
-31.533943  156.731598  -11.101922
-31.529961  156.829788  -11.094899
-31.435818  157.002563  -11.089188
-31.400576  157.176117  -11.079630
-31.220276  157.324387  -11.038498
-31.100836  157.506058  -10.972004
-31.025484  157.562927  -10.952108
-30.914557  157.669617  -10.900404
-30.745993  157.763229  -10.931656
-30.515265  157.924667  -10.985626
-30.401501  158.035294  -11.047273
-30.124575  158.162979  -11.186335
-29.893324  158.232834  -11.305642
-29.673950  158.180252  -11.289642
-29.548613  158.101089  -11.270957
-29.577402  157.977875  -11.388748
-29.637873  157.932434  -11.443737
-29.695959  157.912704  -11.476624
-29.727200  157.917862  -11.501310
-29.797270  157.943085  -11.519297
-29.868002  158.028351  -11.500500
-29.962503  158.107040  -11.448340
-30.097818  158.194550  -11.401989
-30.244371  158.279922  -11.349583
-30.421659  158.378433  -11.279407
-30.560884  158.430893  -11.178290
-30.726185  158.431732  -11.047885
-31.012735  155.917877  -10.559833
-31.525726  155.038437  -10.463606
-32.350357  153.796890  -10.160983
-32.938107  146.752319  -8.867830
-33.226547  142.996216  -6.595251
-33.962013  129.628052  3.683946
-34.069309  124.247032  8.468276
-37.003757  96.779518  37.349064
-35.399303  92.059036  41.180595
-35.348221  91.690590  46.527027
-34.988968  88.691055  50.964046
-35.410671  87.786102  53.894970
-35.468868  86.295998  56.491722
-35.201332  84.889076  58.282516
-34.646103  82.314003  59.055641
-34.517715  80.726540  60.469608
-34.602318  79.285271  60.774220
-34.706875  78.657265  60.336472
-34.364407  78.629951  58.437115
-34.416962  79.758530  56.768597
-35.073502  81.537956  54.804443
-36.182583  84.127663  51.483780
-36.542805  86.212692  48.315994
-37.903534  89.145927  44.885529
-40.280918  92.849632  41.316525
-42.575214  96.240646  38.821075
-44.905983  99.957260  35.901936
-47.552525  103.772644  32.558250
-50.768963  108.862572  28.028160
-53.341160  113.335754  24.095901
-55.032913  116.851044  21.115953
-58.693523  121.409477  11.525655
-61.617123  124.910110  5.759556
-62.381699  127.024307  2.374835
-62.061020  128.877640  0.167274
-60.675098  131.011368  -1.993025
-57.942287  132.924820  -5.012220
-54.178001  135.275116  -8.493959
-49.844288  136.926300  -11.837591
-44.539989  137.982208  -15.261841
-38.643757  137.746780  -18.446989
-32.283012  137.815262  -21.666899
-25.536823  137.252380  -24.354698
-19.002977  136.831879  -26.807844
-12.005604  135.898834  -28.497551
-6.204550  134.348038  -29.228436
-1.571099  132.711472  -29.455231
3.248611  130.570084  -29.172897
6.818361  127.531532  -28.433279
9.297449  123.058304  -26.971746
10.140009  119.575188  -25.100172
9.347269  114.388893  -21.909378
7.013169  109.753960  -18.830568
2.034503  104.866417  -15.253813
-3.526669  101.022812  -10.350163
-9.854697  95.057884  -5.017849
-16.646709  90.529800  1.708228
-23.846584  87.095665  8.038531
-29.055862  79.517395  13.304738
-36.814205  77.268250  17.651808
-42.857246  76.737602  21.956348
-48.302311  77.926559  23.877825
-51.902420  78.384308  25.967871
-54.566086  79.360641  27.107882
-56.115532  80.297615  27.771498
-56.134121  81.998604  28.020567
-55.938374  83.789719  27.892658
-55.246605  85.828949  27.471516
-53.459904  88.545532  26.454897
-50.971485  91.606522  24.547674
-47.213535  92.829193  21.591732
-43.423756  94.076645  18.885241
-37.379200  95.670021  15.777919
-30.718363  96.299698  13.529662
-24.610168  97.399231  12.825122
-17.516937  96.454414  12.570116
-10.956731  95.332748  13.075300
1.739203  89.840469  14.888139
6.167071  87.132103  16.632235
9.637668  84.121887  19.622507
11.906549  81.159531  22.833422
13.618050  79.812630  25.247517
13.883365  76.653412  27.989277
11.164535  73.924217  31.859213
6.872801  70.409554  36.754017
0.572642  67.114662  42.992153
-5.983477  63.880913  52.031815
-12.047827  63.514248  58.416130
-17.551197  63.302258  63.794163
-22.832508  63.616589  66.632446
-27.585766  64.400665  69.374138
-31.249102  65.961029  68.303284
-32.089756  67.216797  67.232727
-34.000916  70.532921  66.593483
-34.452343  73.266068  65.788582
-33.342243  74.481445  64.755554
-33.379333  76.158592  63.648285
-32.779678  78.964684  61.511612
-31.171804  82.675156  58.658226
-27.476019  83.908104  56.103115
-25.699709  87.013893  53.110897
-23.451120  89.616158  50.892769
-20.189819  92.545784  48.406731
-16.940744  93.873451  46.348312
-13.750402  95.409019  44.777588
-11.158231  96.299576  43.591526
-9.103136  97.829910  41.991932
-7.565980  100.807053  42.511475
-7.764561  100.962273  39.843250
-4.952311  103.273430  39.165226
0.293276  104.605782  40.262123
4.611088  106.543747  40.569023
8.229568  106.825134  39.245686
11.423388  105.051277  37.634369
14.115617  104.199638  36.120914
16.809786  103.331253  34.496315
20.333414  101.802902  32.519276
24.032003  99.813599  30.794546
26.371965  99.107872  29.554663
28.749203  98.731743  28.209394
30.917530  98.730011  26.815992
34.399158  97.834404  25.102940
36.888210  97.774384  23.719547
39.497059  97.513977  22.113882
42.146008  97.202431  20.443699
44.290352  97.538292  19.117317
46.006031  98.010529  17.607111
47.639980  98.838074  16.177757
48.807255  99.751930  14.944410
49.737694  100.864334  13.431817
50.800823  101.938683  11.857695
49.228519  106.403183  6.907766
48.748600  107.929871  5.211899
48.002945  109.495377  4.022555
45.656246  111.826599  2.429736
43.477711  113.968208  0.664740
40.843803  115.702621  -0.635877
38.240257  116.875290  -1.338645
36.004196  117.541916  -1.627409
33.717453  117.782135  -1.526978
31.030489  117.990883  -0.830977
28.183250  116.048576  0.577591
25.381027  114.425423  2.027597
23.141253  111.950981  4.145046
21.528263  109.940002  6.024026
19.988192  107.730408  8.105661
18.760988  105.439308  10.510653
18.261028  103.091003  12.850474
18.915197  100.546112  14.601400
21.359291  96.921875  16.100460
25.073381  92.828278  18.145193
29.204792  89.770287  19.494509
32.614178  86.669136  21.379990
35.603973  83.998718  23.114580
38.216316  80.994598  25.374470
40.017864  79.092003  27.307253
40.761181  75.304337  31.591736
40.978252  72.824547  35.224632
40.093586  70.598381  38.978653
39.149544  67.670090  42.985924
38.527988  65.640770  46.006561
37.970654  64.047028  48.543419
32.931141  61.506542  55.121063
27.415815  62.636951  59.832417
24.199459  63.313515  62.705170
22.877922  63.589294  63.919048
21.936281  63.803764  64.523529
19.544340  69.888290  61.294781
17.896816  76.622169  57.203831
17.931604  81.169930  53.784245
17.788418  83.188667  52.612686
18.328955  84.302277  51.580681
19.650156  85.123276  50.666035
21.508686  86.082756  49.628510
23.142332  86.796791  48.544945
26.483898  86.970291  47.613972
30.099993  87.158119  47.387962
33.157925  87.828514  45.682644
35.863651  88.475563  43.764416
39.067646  89.081375  42.043587
41.733608  89.705254  40.133156
44.750671  90.420227  37.706055
48.714783  91.246910  35.034222
52.250954  92.900703  32.472145
54.902832  93.861397  29.589560
57.026558  94.867065  26.660545
58.235382  96.523689  22.477520
58.991219  97.686844  19.733839
59.070911  99.175934  17.536913
58.805084  100.447479  15.764859
58.025887  101.541054  14.266695
57.229584  102.403442  13.342350
56.638180  102.897621  12.838073
56.071182  103.230408  12.488298
54.934597  102.973457  12.636624
53.794445  102.376648  13.347209
51.975037  100.938690  15.039788
48.917122  99.003517  17.807909
46.317982  97.294113  20.557468
43.377529  93.232758  24.697203
41.914268  90.090973  28.345146
40.150074  89.227364  30.972544
40.412292  87.907234  32.832539
39.373734  86.303696  35.238453
38.848602  85.170372  37.155712
38.891788  84.736244  37.947796
40.125305  84.356438  38.640369
41.220261  85.477898  37.827400
43.688988  86.627258  36.962238
46.229347  88.446991  34.983582
48.291397  90.721436  32.967964
49.583271  92.269691  31.465775
50.609436  94.555840  29.758671
51.259766  96.046150  28.701849
51.593708  96.536781  28.390137
51.784363  96.675598  28.339941
51.798481  96.208611  28.658497
51.520809  94.145920  29.940538
51.213341  92.127541  31.329134
50.726841  89.739006  33.205883
50.242542  88.242790  34.629566
50.023514  86.317825  35.987179
50.466324  84.038490  37.780170
51.024456  82.153160  38.684494
51.700886  80.763840  38.997910
52.607674  79.948502  38.546314
53.781727  80.198517  37.705479
55.125225  81.469551  35.730339
57.657864  83.489906  33.186417
61.651093  86.506477  29.474360
65.096924  89.646919  25.434526
67.401161  93.365257  21.766207
69.242554  97.152901  17.316652
70.111893  100.985207  12.952922
70.661102  104.964600  8.796182
71.403320  109.622047  5.078566
71.833214  114.502510  1.724283
72.484711  120.037117  -1.816298
72.546005  124.997681  -4.824657
72.337486  130.054199  -7.672564
72.263290  134.500748  -10.900495
71.664848  138.388992  -13.911902
71.117836  141.624863  -16.095881
70.674759  144.216263  -17.771496
70.036095  146.769089  -19.426262
69.338684  148.916672  -20.788965
68.863319  150.411316  -21.631655
68.491096  151.464920  -22.340822
68.395462  152.110123  -22.754488
68.058029  152.043381  -23.174814
67.968102  151.831192  -23.441696
68.008720  151.713913  -23.493231
68.123863  151.274689  -23.464537
68.247940  150.569351  -23.369169
68.669708  148.211990  -22.766804
69.219032  144.390869  -21.685802
69.567085  119.740524  -9.961065
69.727852  111.312744  -4.477030
68.168846  102.661064  2.212198
66.459534  95.238098  9.535737
64.948685  90.483490  15.664666
63.879795  86.680344  21.078993
63.788097  82.571251  27.472870
64.326256  78.691597  34.239006
64.989899  76.112144  39.211868
65.326759  74.463501  42.779667
65.574059  73.453247  45.039116
65.590523  73.066978  45.993595
65.539986  72.863998  46.424110
65.137695  73.180855  45.646873
64.226891  74.773010  42.152802
63.644028  76.249062  38.804348
63.586090  77.188332  36.449181
63.948807  80.736725  29.476841
64.923256  84.267799  23.513502
66.049477  87.812965  18.965607
67.420280  91.547791  14.533694
68.842293  94.989426  10.761098
70.808159  98.358047  7.299011
72.775520  101.620560  4.335917
74.835953  104.777573  1.704590
76.976387  107.620338  -0.559263
79.327759  110.456993  -2.887473
81.554756  112.762550  -4.510542
83.501732  113.983841  -5.298821
84.952682  114.179977  -5.047857
86.332748  113.738724  -4.527111
87.295753  111.550308  -3.315444
88.254509  107.726974  -1.131518
89.170616  103.287651  1.683747
89.154480  97.874695  5.215299
87.342239  91.572601  9.692238
84.704079  84.844284  15.328880
83.260284  79.140549  20.789343
82.072701  73.947548  25.959097
82.179115  72.937744  26.869999
82.105026  72.092392  27.702948
82.556297  71.298653  28.172770
83.730736  71.064056  27.929737
84.698936  71.768822  26.744822
85.495720  73.713417  23.304241
85.923264  75.389725  20.997671
86.135361  76.160789  20.018278
85.967979  76.398705  19.632519
85.432312  75.144974  20.403894
85.030495  72.964302  22.101597
84.260399  70.480934  24.126139
83.364464  66.317024  27.950085
81.995384  62.322308  31.531591
81.848648  59.126740  34.628773
82.278488  56.834354  37.643631
82.120483  55.354855  39.835548
82.599472  52.983631  42.085766
82.967789  51.537102  43.380806
83.531746  50.601925  43.918774
84.678764  50.092976  43.100227
86.016403  50.149773  41.398830
87.379066  50.512096  39.088646
90.128090  51.411491  35.759399
91.900887  52.521477  32.743336
94.078690  53.756771  29.004591
95.225067  55.848530  25.139790
95.273857  67.237938  14.035738
94.100021  70.748512  11.830140
93.057320  73.676888  10.382332
91.538597  76.149384  9.572847
90.139397  77.632729  9.271435
87.897491  79.128578  9.047032
87.122581  79.501068  9.290769
85.863129  79.803261  9.419694
85.379913  79.728821  9.606663
85.380455  79.662849  9.704694
85.405907  79.624809  9.766768
86.273659  79.443794  9.628611
89.399811  79.352303  9.289055
95.955215  79.337204  8.507057
101.590492  80.069267  7.422614
107.378105  80.812576  6.708067
112.406189  82.095802  5.860748
115.996628  83.024734  5.017801
119.451874  83.935089  4.437761
122.224464  85.052467  4.023654
123.972794  85.791626  3.826270
124.489357  86.495354  3.382802
124.810669  87.083832  3.066747
124.799400  87.706467  2.665816
124.719971  88.220009  2.334639
124.495155  88.782562  1.958775
124.128601  89.235832  1.583103
123.697464  89.333076  1.542313
123.041069  89.355606  1.647336
122.180359  88.775169  2.421548
120.822510  87.110313  4.049107
119.550865  83.187683  7.398006
117.091278  78.542168  10.337804
114.948341  73.641228  14.237865
112.238846  68.047821  18.579346
110.298912  60.840374  25.267935
108.113091  54.809826  31.081928
105.886971  51.246826  35.160480
105.131699  48.638660  38.467335
105.353691  47.132156  40.153553
106.317650  47.077930  41.048759
109.605583  47.656227  41.108673
112.615295  48.940456  40.832886
115.582855  49.255444  40.826908
117.299049  49.437473  40.821774
118.067047  49.702873  39.745686
121.323975  50.658436  36.226116
125.598145  51.704849  32.903095
126.171272  53.112209  29.525110
127.018379  55.111164  26.612444
126.665871  57.103901  23.762821
127.194481  60.326672  20.982746
127.706291  65.014542  18.087860
127.858932  70.386360  15.392400
124.290031  78.335197  10.720749
123.939301  79.286674  10.168064
123.779205  79.869370  9.815817
123.720047  80.319550  9.566947
124.011108  80.563026  9.435229
124.924400  81.118233  9.507018
126.105110  81.584702  9.525376
129.464859  82.463509  9.638381
133.131424  83.472992  9.701298
137.135773  84.510788  9.877278
139.963394  84.804581  10.515882
142.388763  84.957062  10.896877
144.478714  84.925415  11.463881
147.453888  85.045555  12.193732
148.063583  85.081398  12.388560
149.162720  85.253700  12.530746
149.726807  85.248093  12.698943
149.301605  84.960495  12.910039
149.108185  84.832901  13.022723
148.630249  84.551453  13.194561
148.497421  84.366478  13.339493
148.391052  84.188972  13.354142
148.234711  84.030884  13.372121
148.066971  84.026810  13.344746
148.006989  84.021797  13.367977
147.844635  83.985550  13.400013
147.754349  83.956650  13.419495
147.189056  83.848755  13.455844
147.232239  84.016869  13.336443
147.023880  83.931160  13.380713
146.745987  83.877342  13.334838
146.496414  83.835625  13.339879
146.017960  83.696861  13.460973
145.637512  83.869354  13.436392
145.334930  83.894745  13.518162
145.198074  84.222900  13.588347
144.511215  84.325233  13.574854
143.923538  84.248253  13.671144
143.544586  84.157028  13.782446
143.315018  84.133110  13.862941
143.143158  84.179588  13.934241
143.173538  84.281189  13.979113
143.142776  84.467232  13.947016
142.905518  84.445740  13.989191
142.744904  84.510567  13.929683
142.619553  84.602364  13.757648
142.541718  84.651077  13.623912
142.548004  84.672722  13.547740
142.789307  84.780983  13.488871
142.976654  84.866196  13.438535
143.105087  84.911972  13.416758
143.229263  84.957008  13.410926
143.231247  84.975212  13.354100
143.305145  84.962029  13.350253
143.377457  84.923645  13.340857
143.423904  84.896286  13.347965
