-111.286957   217.766647  -29.843407
-111.453659   217.901993  -29.696226
-111.560921   217.902420  -29.661251
-111.646744   217.985016  -29.619638
-111.667252   218.051483  -29.602228
-111.732071   218.084518  -29.579205
-111.855972   218.115860  -29.557291
-111.972168   218.231049  -29.529779
-111.998825   218.290039  -29.521181
-112.039932   218.450790  -29.500584
-112.112701   218.672684  -29.473902
-112.156349   218.781036  -29.458830
-112.225891   218.908615  -29.442173
-112.327522   219.074051  -29.435513
-112.570244   219.312622  -29.441216
-112.659492   219.425568  -29.440943
-112.907120   219.495041  -29.461227
-113.175812   219.810822  -29.529749
-113.276947   219.873947  -29.532181
-113.406509   220.082260  -29.567904
-113.660545   220.294022  -29.627514
-113.737274   220.403412  -29.653080
-113.876350   220.561493  -29.740673
-113.997528   220.707123  -29.817711
-114.186768   220.845123  -29.907816
-114.247002   220.878372  -29.942667
-114.351410   220.935669  -29.989395
-114.485245   220.992706  -30.043560
-114.534592   221.031815  -30.103943
-114.613762   221.070541  -30.172728
-114.680130   221.106888  -30.230928
-114.833984   221.175278  -30.298843
-114.895454   221.192139  -30.322786
-114.995987   221.208084  -30.366272
-115.160591   221.198090  -30.443094
-115.234360   221.189148  -30.477654
-115.324959   221.141907  -30.534794
-115.409088   221.113907  -30.589731
-115.505371   221.088043  -30.660309
-115.543945   221.096207  -30.686129
-115.628456   221.136322  -30.725885
-115.734764   221.209503  -30.774166
-115.846695   221.249268  -30.858564
-115.940697   221.311966  -30.935223
-116.075500   221.509048  -30.987085
-116.134468   221.614609  -30.996796
-116.296539   221.890121  -30.995705
-116.510483   222.190948  -30.998606
-116.683838   222.711670  -30.975784
-116.732788   222.998215  -30.997377
-116.744507   223.468994  -31.019236
-116.788857   223.885040  -31.099077
-116.810860   224.090012  -31.139265
-116.803719   224.371078  -31.165096
-116.818649   224.566666  -31.164555
-116.876427   224.759064  -31.180866
-116.913948   224.821106  -31.178598
-117.063728   224.946686  -31.226219
-117.342934   225.067764  -31.301302
-117.478844   225.084610  -31.365673
-117.631676   225.091690  -31.488186
-117.774734   225.094437  -31.626259
-117.738930   225.025269  -31.842323
-117.711739   225.006912  -31.909384
-117.524055   224.899765  -32.033669
-117.065170   224.379745  -32.398705
-116.830208   224.079819  -32.583546
-116.116196   222.795563  -33.046200
-114.623337   219.994217  -33.600964
-113.727448   217.679062  -33.991657
-107.572723   199.763565  -34.255898
-106.458771   196.165939  -34.472282
-104.104759   189.621017  -34.579350
-99.686234   177.792755  -34.150959
-97.546524   172.131927  -33.726940
-95.011070   165.145172  -32.626801
-92.509483   157.317734  -30.997923
-89.035370   144.588211  -26.738026
-87.883995   138.675354  -24.930693
-87.029106   131.517685  -22.054865
-87.626915   119.236160  -17.447159
-88.910995   112.857407  -15.108534
-91.994408   106.672752  -12.021517
-94.862335   99.090866  -8.046938
-101.607887   86.989326  -1.838449
-104.347801   83.103027  1.764055
-107.771957   77.486061  5.451759
-115.230179   71.602921  9.988619
-119.336426   70.203056  11.523402
-125.078079   71.713867  14.047804
-131.164520   73.904800  16.533514
-134.154541   77.612846  18.416943
-136.519562   83.699837  19.373369
-140.595795   89.092873  20.759563
-145.577972   96.814476  21.367115
-149.337631   103.751144  19.478054
-151.371414   111.192123  17.975111
-152.881317   119.952293  15.624334
-152.425842   123.807289  12.745738
-150.490158   127.521271  9.928270
-147.915024   130.445160  7.053322
-144.057312   132.032913  4.129024
-140.941788   132.021667  1.620025
-134.478165   131.244156  -0.520856
-122.235283   127.487015  -3.648459
-116.220284   125.129745  -4.318578
-108.680275   122.245476  -4.753732
-99.643288   119.777145  -4.368658
-83.791435   115.708496  -4.687543
-77.281677   112.775948  -5.554349
-68.711273   111.531364  -6.275780
-53.610744   110.243324  -6.901595
-46.675690   111.109489  -7.789377
-38.300568   112.487564  -10.337738
-26.111015   116.117340  -14.231281
-21.269085   118.760689  -15.698024
-16.129696   122.585091  -17.262716
-11.297589   128.047409  -18.538206
-4.703110   140.014771  -21.676834
-3.036782   145.447006  -23.068081
-2.137472   152.694870  -24.525248
-1.827838   165.297272  -27.144485
-2.720942   173.417038  -27.948088
-4.204990   181.138031  -29.289253
-6.806213   189.956116  -30.725271
-13.487690   205.746368  -32.622200
-16.349981   210.871964  -33.077030
-20.923014   218.298416  -33.706032
-29.869192   229.562531  -34.405071
-34.807426   236.451675  -34.950787
-41.359707   242.728500  -35.260201
-53.184822   252.760925  -34.440704
-59.519470   256.979889  -33.735096
-66.610825   261.532135  -32.667656
-74.687996   265.088623  -32.016891
-89.147865   268.747192  -30.715002
-94.342712   269.185852  -30.156120
-113.052475   268.986877  -25.717436
-117.215591   268.359955  -24.632704
-122.734634   266.865112  -23.587862
-128.244781   265.529205  -22.297293
-136.533539   261.667023  -21.179216
-142.744568   255.003540  -19.534521
-143.813095   247.100769  -16.157322
-143.791763   242.535828  -14.679948
-143.855194   237.255157  -13.095855
-143.091400   231.765884  -11.187147
-139.730637   221.237839  -9.462394
-137.844177   218.079056  -8.850806
-133.923325   212.946854  -7.357751
-126.772858   203.265442  -6.619050
-122.693581   199.212845  -6.159706
-116.601295   194.991760  -6.712154
-104.725471   187.268814  -8.696619
-98.441765   183.825562  -9.723255
-91.094574   180.223190  -10.441922
-82.858452   177.073792  -11.079967
-67.980637   171.972458  -11.202771
-61.732857   170.315186  -10.209898
-53.600922   169.448853  -8.336246
-39.494278   168.330048  -6.577658
-32.404709   168.494995  -6.245067
-24.877312   169.717270  -6.087424
-16.830343   171.301819  -6.224142
-2.991193   175.368500  -6.543532
1.863869   177.609604  -6.276365
7.076713   181.289108  -6.416673
15.467623   186.895645  -6.992599
18.618999   190.092987  -7.651100
22.078850   194.668930  -8.781946
24.706287   200.264053  -10.932133
27.659744   209.056229  -12.801477
27.959339   212.084320  -13.039212
28.193237   216.790787  -13.247046
27.403643   224.278198  -14.088107
26.406313   227.771576  -14.414024
24.316854   232.262878  -14.615490
19.898413   238.478287  -14.885065
17.550264   241.051834  -15.110571
13.851406   244.096039  -15.206599
9.264495   246.820541  -15.390819
1.451987   249.480804  -15.384824
-2.014483   249.971344  -15.421554
-7.242538   249.743118  -15.439512
-15.273058   248.699310  -15.816496
-19.170094   247.828888  -15.269172
-23.921051   245.741913  -14.678943
-28.894714   243.715439  -14.099522
-36.340736   239.248810  -11.744691
-39.169483   236.491913  -10.976871
-43.150478   232.898636  -9.890827
-48.558762   226.020691  -8.237647
-50.846691   222.148193  -7.279583
-60.284851   199.576828  -2.187574
-61.120747   196.150894  -1.239114
-61.793648   190.448044  0.569602
-61.896988   181.436707  4.332151
-61.158581   176.930283  5.786611
-59.636177   171.339996  7.403992
-55.583351   162.674469  9.813825
-52.459015   158.589798  11.052771
-48.192764   154.523117  11.931963
-42.718620   150.763275  12.468906
-31.925478   145.324600  12.891790
-26.875385   144.451920  12.511484
-20.351938   143.602905  11.669831
-8.480685   143.159134  9.747529
-2.365728   143.911530  8.603960
4.327033   145.796082  7.234563
11.827333   148.089828  5.325337
24.398708   154.647552  0.368192
29.405951   157.776642  -1.000807
35.333862   162.196609  -2.555567
45.263855   170.811981  -4.999024
49.229153   176.145386  -6.595681
53.541046   182.020859  -8.072850
57.985691   189.528778  -9.494190
65.275841   203.385849  -11.835616
66.627594   210.381241  -12.890096
67.337730   217.860489  -13.625600
67.722588   229.939606  -14.372456
66.778442   235.098770  -14.670887
65.559891   241.400360  -15.461324
61.648434   250.796082  -17.385399
59.521694   254.862778  -18.283365
56.338207   258.520477  -19.269764
52.267765   261.900909  -20.050283
45.217697   266.759064  -21.314096
41.595856   268.414276  -21.381470
36.725414   270.066742  -21.666929
28.719515   271.789825  -22.178642
24.529352   272.547852  -22.970552
19.150461   272.659058  -22.661772
13.508046   271.350891  -22.181774
5.269220   269.390686  -20.492685
1.862028   267.648743  -19.632765
-2.585499   264.531097  -17.804413
-8.121148   259.730621  -15.124401
-10.850062   256.534332  -14.033849
-13.440741   252.467834  -13.203034
-15.982250   247.555679  -11.538888
-18.989920   239.074280  -8.447497
-19.795237   234.672302  -7.010902
-20.306753   229.275238  -5.964348
-20.335579   220.946823  -4.557752
-19.412779   215.718170  -2.950190
-17.837780   209.429047  -0.883674
-14.391527   199.109848  2.225562
-12.335912   194.504547  3.488859
-9.426571   189.273575  5.112747
-5.760626   183.511902  5.801696
1.895117   173.457382  8.130984
5.228858   170.237976  9.004623
9.968346   166.207062  8.865991
18.289923   160.008224  9.033814
22.945948   156.821701  9.391139
28.493551   154.734665  9.332808
34.752144   152.634613  9.029902
46.761581   150.592834  8.264639
51.526073   150.577682  8.045630
57.529675   151.324722  7.687371
67.985245   153.306335  6.535490
72.536774   154.416641  6.414530
78.282478   157.138382  5.994056
86.922485   162.210144  5.357740
91.730896   166.146362  4.668460
96.198257   170.739151  3.800899
100.373322   175.531052  3.025583
108.035927   187.030319  0.361743
110.434349   192.049133  -0.247082
113.231010   197.911423  -1.184369
117.933289   209.231995  -3.351376
119.234100   213.217834  -3.712988
120.134361   217.478592  -3.723639
120.605598   222.446350  -3.648433
121.109482   232.121735  -3.381903
121.456825   236.631714  -3.128895
121.814011   242.794174  -3.960030
121.214775   249.468201  -4.890266
120.805199   251.625549  -5.140517
120.382309   254.292343  -5.341582
119.482620   257.070068  -5.454540
117.949135   260.859283  -5.320567
117.604622   261.653290  -5.270908
117.192673   262.349518  -5.232398
116.526939   262.646088  -5.173678
116.193565   262.618561  -5.305815
115.456100   261.511017  -5.644324
113.031578   256.791199  -6.803334
111.958282   252.257355  -7.087577
110.584389   244.747330  -7.291986
109.526642   236.545807  -6.964798
108.414719   221.751831  -5.147422
107.927780   215.628250  -4.209812
107.694977   207.158020  -2.218543
107.590034   192.643265  2.574977
107.463310   184.986786  5.553463
107.544220   175.920822  9.577547
107.636826   165.931152  14.461366
107.456741   147.701096  22.055422
107.144234   141.190613  25.564648
106.514786   132.709702  30.146627
105.984238   120.619576  36.591747
105.403130   115.085594  38.803612
104.987320   109.250191  41.285362
103.786598   103.683983  43.946682
102.764168   97.755760  46.681168
102.270531   96.786346  47.307259
101.535149   96.555687  47.608349
101.091606   97.432312  47.240482
100.609360   99.594032  46.410431
99.518250   105.883446  43.238731
97.233124   116.792953  37.237392
96.282097   123.281525  33.909718
95.254562   131.994446  30.103201
93.963005   141.526016  25.381510
92.849113   159.528458  17.984850
92.300591   167.759354  15.194147
92.486206   209.687897  7.470184
93.419296   215.988312  6.031951
94.767250   224.903397  3.155285
98.062851   242.591675  -1.144240
99.346581   248.174774  -2.164513
101.834457   255.164185  -3.107813
107.378250   267.343414  -5.219591
109.703674   271.657684  -5.173518
113.133942   277.184998  -5.579998
116.424026   280.868011  -5.469799
123.118279   287.979462  -4.834689
126.384323   290.673553  -4.911899
130.148865   291.983856  -4.491790
137.127441   295.206757  -2.818609
140.198486   295.580658  -1.586058
144.646591   295.199493  -0.543763
149.422195   292.129822  0.082553
151.427780   289.530090  0.837351
153.605270   286.463806  1.633115
155.409393   281.170532  2.536586
156.413147   272.120972  5.125278
155.855164   267.655121  5.613301
154.362259   261.755493  6.101332
149.742477   252.462280  5.010993
146.369522   247.194946  4.689920
141.608459   241.536850  4.453135
135.665466   235.438171  4.319937
123.791061   224.943298  2.068536
118.758224   221.018814  0.817820
112.046471   216.372437  -0.845723
100.309990   209.480331  -3.190701
94.799324   206.376251  -3.920735
88.412598   203.803452  -4.797889
82.048996   202.102173  -5.488889
72.235359   200.154816  -6.703668
68.852463   200.804871  -7.164092
65.275360   201.910156  -7.499198
58.930084   207.906586  -6.888905
57.503143   209.301910  -6.552770
56.013161   214.274948  -5.453972
55.547478   217.573196  -4.442716
54.449959   222.311768  -1.631908
53.507107   227.338211  2.140835
53.427368   231.502594  6.249600
52.717194   232.876846  10.362837
51.557560   233.938385  14.824264
48.323265   233.224335  25.589401
45.554379   232.182236  28.161263
41.735214   231.660904  29.877764
16.421217   194.790222  56.939011
-12.268778   185.248306  73.675095
