-143.983917   260.916626  -100.223068
-146.531052   262.418335  -100.430862
-147.842072   262.912018  -100.185898
-148.553665   263.286438  -99.815369
-149.251297   263.699219  -99.680908
-150.902328   264.848846  -99.400505
-152.511169   265.628113  -98.950386
-153.750763   265.980621  -98.659286
-154.993378   266.351471  -98.185936
-156.340149   266.568695  -97.370415
-156.749741   266.669037  -97.170509
-157.161880   266.875519  -96.930275
-157.504318   266.934021  -96.679665
-157.844650   267.073975  -96.429085
-158.093964   267.510101  -96.201347
-158.275009   267.849030  -96.023766
-158.410156   267.936066  -95.875557
-158.504532   267.971588  -95.768356
-158.537277   267.780945  -95.734970
-158.565094   267.796692  -95.684799
-158.347595   267.731140  -95.933289
-158.176590   267.742828  -96.111610
-157.548431   267.859772  -97.425308
-157.148895   267.955322  -98.397797
-156.846054   268.193268  -98.982452
-156.536102   268.366577  -99.491661
-156.237686   268.337311  -99.815636
-155.977158   268.589203  -100.041061
-155.741608   268.859863  -100.096626
-155.364212   269.126709  -100.249428
-154.891006   269.665497  -100.373581
-154.320862   269.668640  -100.455009
-153.655731   269.831482  -100.493782
-153.010010   270.370575  -100.350632
-152.634109   271.160919  -100.123650
-152.238281   271.952087  -99.895508
-151.788162   272.837311  -99.617470
-151.115829   273.830475  -99.779564
-150.497131   274.708954  -99.785446
-149.896042   275.680573  -99.733803
-149.433365   276.607574  -99.630119
-148.816086   277.588440  -99.512199
-148.076050   278.628845  -99.371979
-147.219162   280.034668  -99.209122
-146.513855   281.045135  -99.105667
-146.041672   281.715179  -99.035072
-145.713470   282.190033  -98.981987
-145.420013   282.574738  -98.927414
-144.861328   282.914490  -98.946289
-144.054428   283.057617  -98.860977
-143.180435   283.132935  -98.623238
-142.273010   283.478821  -98.276253
-141.012085   283.175262  -98.431511
-140.270370   282.308533  -98.387756
-139.869751   280.792633  -98.567116
-139.770554   279.400360  -98.841339
-139.501877   275.484863  -99.534462
-139.503281   270.364502  -100.174797
-139.666397   266.862946  -100.369591
-139.611557   261.411163  -100.218147
-139.843903   257.095612  -99.866760
-139.878326   252.705017  -100.468002
-139.689240   248.211990  -101.174156
-139.068207   240.436798  -101.383018
-140.503540   231.745529  -97.896461
-140.892685   223.126358  -95.973289
-141.651428   215.132004  -94.158600
-141.587158   206.843735  -92.698318
-141.693710   197.049713  -87.813805
-141.837112   188.260239  -83.339798
-141.967255   179.873520  -80.344559
-141.000626   170.251389  -77.448448
-140.141113   161.013382  -72.181625
-139.062805   153.016159  -68.019783
-137.700439   145.052551  -65.037285
-135.757843   137.643143  -61.684498
-134.053329   131.883499  -59.663883
-133.087051   127.987946  -58.256756
-132.518784   125.596748  -57.336491
-132.149185   124.734634  -57.042454
-131.510391   124.979553  -57.549057
-130.929947   126.698196  -59.170425
-130.089600   130.335495  -62.418022
-129.530762   136.489182  -66.662468
-130.413544   144.893585  -70.815186
-131.816086   153.915558  -74.452019
-132.372711   162.771454  -77.554527
-131.975555   171.328995  -81.893784
-131.369751   180.323334  -85.834236
-130.145645   189.239609  -89.079704
-128.546295   197.210922  -91.583237
-126.747414   203.542892  -93.273430
-125.360588   209.992065  -96.953415
-123.379005   214.422714  -100.347740
-121.726852   218.765671  -102.891495
-120.572678   221.174622  -104.223831
-117.653725   220.586838  -105.761406
-116.796593   219.549225  -106.069420
-115.053520   216.028290  -106.420059
-113.247078   209.862289  -106.522934
-112.589821   203.812988  -105.539680
-111.258591   195.777817  -104.881439
-110.330925   187.561249  -103.245064
-108.910622   178.264206  -100.890358
-106.823799   168.209106  -97.803314
-104.834610   159.244537  -94.816795
-102.468040   150.198624  -91.598007
-99.039955   141.220306  -88.607880
-95.379852   133.256607  -85.825401
-91.283005   126.164253  -83.181885
-86.233871   118.588226  -81.612061
-81.100357   112.244728  -79.361259
-75.975716   107.543114  -78.020447
-70.431473   104.595009  -77.520218
-64.777206   102.213211  -78.097885
-59.671715   101.531105  -79.756279
-55.206150   102.364250  -81.478882
-50.845589   105.378281  -85.165451
-46.714550   108.397934  -88.223351
-43.043186   113.581230  -92.974854
-40.398701   120.290565  -97.941338
-37.150066   125.584343  -102.166763
-35.852863   133.545639  -106.997391
-35.099297   142.444672  -111.053566
-34.754768   150.828690  -114.971184
-36.196442   160.771790  -118.951340
-37.200439   169.845383  -122.544029
-39.636948   181.838104  -125.825195
-42.252125   192.134033  -128.660477
-44.524860   203.737610  -131.715485
-47.344410   214.424362  -134.359711
-51.239918   224.888504  -136.125015
-54.879322   235.417969  -137.759064
-59.056091   245.534088  -138.249527
-64.516319   254.948318  -137.677963
-71.394211   264.920441  -135.396469
-77.927811   273.328644  -133.609009
-84.033188   279.737885  -131.476456
-92.341240   286.672394  -128.314758
-100.130013   291.942627  -124.741402
-109.242424   294.927521  -121.049400
-115.468628   294.725311  -119.120659
-123.844299   294.701843  -115.354980
-130.694870   294.517883  -112.037346
-138.213562   292.998047  -108.514961
-144.131927   289.448761  -104.909775
-149.780930   283.804108  -102.233391
-153.762543   278.231812  -100.508125
-156.764145   270.818512  -98.955338
-158.044403   261.706421  -97.840775
-158.254669   251.485184  -95.306221
-157.783325   239.094162  -92.861275
-156.088806   227.708267  -89.266037
-153.819519   217.146790  -85.432121
-150.837555   206.298584  -82.480339
-146.354370   196.182922  -80.457863
-142.223053   189.469009  -79.193771
-137.420395   183.887054  -78.646408
-132.570129   180.329300  -79.561775
-128.038422   178.588409  -81.609573
-123.310722   178.507721  -84.760033
-118.374771   180.338745  -88.607506
-114.313446   184.737793  -92.809906
-110.959808   191.363235  -97.708046
-108.118919   199.424561  -102.152702
-105.045959   209.016830  -105.984848
-102.467552   218.234589  -109.775223
-99.973984   228.910583  -112.815849
-97.890511   239.250549  -114.553352
-95.425087   247.292603  -115.583832
-93.428307   255.672379  -116.337433
-91.751991   261.156860  -116.759254
-90.327499   264.512024  -117.055489
-89.388504   266.251099  -117.387817
-88.719162   265.811157  -117.637985
-88.222443   264.564911  -117.943947
-87.329460   261.239685  -118.394287
-86.308807   254.612717  -118.515030
-84.912766   246.332642  -118.348511
-82.683182   235.200500  -116.708870
-80.300507   224.749191  -114.424011
-77.380669   214.507523  -112.029373
-74.331314   204.854279  -109.740372
-71.505798   197.195358  -107.142448
-69.011879   190.941879  -104.529625
-66.954185   186.100601  -102.686195
-64.940170   182.425385  -101.238930
-63.403225   180.071472  -100.245255
-62.211872   178.645721  -99.321686
-61.233643   178.103912  -98.804153
-60.607765   178.317413  -98.996979
-60.369869   181.382004  -100.718628
-59.677750   185.148254  -102.952003
-60.125374   191.761826  -106.269058
-61.748260   199.643311  -109.272949
-62.560040   206.143372  -111.413383
-63.155476   211.800644  -112.846115
-64.178452   221.631699  -115.085594
-64.356766   229.517654  -116.364754
-63.554863   236.506287  -118.524826
-62.645172   242.646210  -120.080475
-61.024441   246.602463  -121.205757
-59.080334   250.205841  -122.700272
-57.080185   256.637360  -123.830353
-55.175694   261.020874  -124.621864
-52.963451   263.620270  -125.267395
-50.825554   264.734009  -125.896942
-48.432400   264.913422  -126.357307
-46.013107   263.884094  -126.811821
-43.129913   261.343994  -127.077087
-40.514008   257.041687  -126.961449
-38.366329   252.139359  -126.745636
-36.050365   245.002609  -126.003342
-34.220348   236.931885  -124.534286
-32.545193   228.476166  -122.748886
-31.147062   221.344345  -120.222221
-29.952795   214.092102  -118.415031
-28.806879   208.526978  -116.282013
-27.160658   202.880051  -113.992294
-24.719301   197.633255  -112.246078
-22.002541   192.352509  -109.688515
-7.882754   179.297318  -107.377487
-4.523767   176.835342  -106.323105
-0.180498   174.142593  -104.616798
7.980345   171.302307  -103.577515
12.075603   172.916031  -105.131828
15.336596   176.473389  -108.123535
20.243849   189.656723  -116.180824
22.190266   196.027863  -118.989708
21.713356   204.064911  -121.805786
20.545475   210.403137  -123.529060
17.835995   216.152054  -125.039139
14.920278   220.236618  -125.628593
12.064013   223.298782  -125.820618
9.379876   225.556122  -125.699409
6.128219   227.089142  -125.094543
2.289221   228.480652  -124.243439
-1.156325   228.336487  -122.763222
-4.197189   227.191086  -120.941971
-6.822078   224.927643  -119.026367
-7.581536   217.652466  -115.966492
-6.509935   213.333084  -114.264816
-3.889599   207.135620  -112.193031
0.695945   199.725967  -109.669464
6.349084   192.889221  -107.238281
18.272388   181.237244  -101.070396
22.810144   177.029572  -98.497177
26.784441   172.627670  -95.280045
30.386703   168.075714  -92.709297
32.723732   164.494720  -89.943001
34.340240   161.694458  -87.312233
35.067928   159.534836  -84.964775
35.137295   158.112717  -83.132759
34.445286   157.182281  -82.452675
33.032276   156.908691  -83.185638
30.688398   157.473404  -84.977646
25.444672   158.542770  -90.477463
21.330681   161.865570  -95.231308
18.650303   167.664703  -101.047066
18.260059   175.286148  -107.565460
18.385286   182.378738  -112.487251
19.935921   191.394424  -116.838203
21.261333   197.472534  -119.168617
21.692879   202.138306  -120.230064
21.458218   206.127167  -121.000793
21.387007   208.709366  -121.463135
21.156151   211.029694  -121.908020
20.966114   212.670471  -122.162621
20.896423   213.582870  -122.247650
20.716377   213.757584  -122.107170
20.872379   211.185333  -121.425354
21.117792   204.392181  -119.527306
21.682945   195.970749  -116.130272
22.295429   187.683334  -112.184418
22.934736   180.291916  -108.097664
23.657700   173.812714  -103.779060
24.443928   168.079895  -99.469566
25.289419   162.476364  -96.257706
26.660574   157.300247  -92.557846
28.598873   152.296616  -87.651833
31.013807   148.008148  -82.731079
33.297436   144.723114  -77.848366
35.269073   142.508942  -74.017914
37.298630   141.239899  -70.929703
39.537132   141.163391  -68.549080
41.811970   141.282913  -67.147079
44.420406   141.901520  -66.391609
46.527508   142.932480  -66.662132
48.395485   144.454391  -68.027992
50.522453   146.944092  -71.081390
52.006474   149.757111  -75.079704
53.325253   153.797241  -81.248108
54.951401   160.116791  -88.470528
56.981564   168.292877  -95.388634
58.532169   177.148804  -101.065575
59.281494   186.932907  -106.327209
60.130840   196.989151  -110.302422
60.672184   206.340210  -113.202179
61.203003   216.279404  -115.164124
61.082977   224.481918  -115.698700
60.597160   231.860062  -116.355423
59.476048   239.597748  -117.104027
58.638268   246.522461  -116.643494
58.038097   253.628540  -116.380089
58.602692   264.140900  -115.849403
59.103870   274.456665  -117.866440
58.886162   279.046509  -118.647713
58.761768   283.465851  -118.674881
59.133072   285.302765  -119.177223
59.435108   285.277710  -119.723495
60.030380   282.972321  -120.750076
61.363186   277.955078  -121.600456
62.824093   270.197998  -122.110947
64.967712   262.643982  -122.758438
67.224960   254.806534  -122.474930
69.233376   248.554260  -121.628754
71.151970   244.980438  -120.705582
73.542320   244.001740  -119.882782
76.168198   245.268097  -118.695808
79.845802   247.881668  -117.779152
84.701233   250.680618  -117.134186
91.222687   253.444244  -116.645340
98.280083   253.540756  -115.724434
104.076744   251.508026  -114.494423
109.390190   246.000153  -113.965469
114.348106   236.722198  -113.024452
115.859612   224.819077  -109.888939
116.257217   210.608841  -105.198303
114.748009   197.216766  -98.360756
113.298370   184.202362  -91.049736
112.343857   172.270432  -82.925163
112.750183   161.175751  -74.581261
114.388840   150.434402  -66.611633
115.700851   138.407440  -58.499786
116.475594   127.182076  -50.223507
117.103432   117.062225  -43.126347
116.677681   106.636200  -36.393257
116.343155   97.894173  -30.383163
115.308182   89.855736  -24.186993
114.632217   84.349823  -19.286024
113.271751   80.297729  -14.117773
112.344437   76.617607  -12.377798
115.915146   66.705017  -6.379179
115.606964   64.337936  -6.752637
116.873100   62.192192  -7.369180
117.976723   60.303448  -7.955742
119.683823   58.588272  -8.246126
120.501297   57.764851  -8.347410
122.201889   57.561039  -10.235457
121.827377   58.368591  -12.436170
121.688980   58.825291  -13.989095
121.744446   59.232899  -15.650798
123.132111   59.742065  -17.781378
124.221550   60.059013  -19.322315
128.665863   61.121075  -23.687092
131.128540   62.188847  -26.282007
133.453476   62.815384  -28.124744
138.860596   63.542362  -31.464554
140.575668   63.562340  -32.602585
140.900055   63.759373  -33.116661
141.615875   64.237389  -34.262638
142.278580   64.820969  -35.456718
141.317642   66.460289  -36.109982
141.046021   67.521034  -37.030308
140.552124   68.284546  -37.841324
140.363907   68.972839  -38.570438
140.222687   69.659515  -39.236095
140.452911   70.223953  -39.952641
140.549927   70.679466  -40.388397
140.656769   70.984238  -40.871456
141.003387   71.292099  -41.579411
141.283707   71.530602  -42.149136
141.516449   71.703720  -42.572735
141.821350   71.961807  -43.042271
142.280289   72.615723  -43.565037
142.635559   73.083725  -43.967571
142.470474   73.302299  -43.889347
142.591461   73.667000  -43.919456
142.356827   73.764648  -43.978382
