-78.757462  270.985565  118.175980
-79.069267  271.076202  117.964012
-79.171982  271.137726  117.933395
-79.279572  271.229645  117.941002
-79.392845  271.313141  117.942642
-79.501755  271.403137  117.950836
-79.598328  271.472137  117.954918
-79.815056  271.865662  118.333321
-79.987526  272.200958  118.611526
-80.110840  272.450653  118.781372
-80.184219  272.777924  118.986282
-80.260674  273.182709  119.212715
-80.333839  273.608459  119.520248
-80.403275  273.917206  119.741974
-80.456627  273.992859  119.532364
-80.522606  274.212524  119.603470
-80.643517  274.295013  119.428757
-80.752922  274.376343  119.300606
-80.866470  274.482880  119.249657
-80.987213  274.572235  119.232529
-81.082436  274.650116  119.269836
-81.156708  274.703308  119.301834
-81.237389  274.725739  119.246727
-81.339554  274.734985  119.147888
-81.474075  274.747101  118.992699
-81.582558  274.754364  118.859947
-81.653549  274.745148  118.755280
-81.709732  274.730774  118.665535
-81.736748  274.706940  118.588768
-81.755249  274.687317  118.525352
-81.777161  274.659058  118.466064
-81.793312  274.633453  118.388695
-81.807709  274.604370  118.313782
-81.804443  274.585266  118.254288
-81.794479  274.566101  118.195023
-81.789963  274.546509  118.141396
-81.787506  274.523071  118.096207
-81.801056  274.490143  118.057404
-81.801964  274.462982  118.015701
-81.786049  274.423584  117.967674
-81.771553  274.379761  117.923386
-81.762871  274.309021  117.842438
-81.763054  274.239685  117.766174
-81.760773  274.182861  117.701920
-81.756042  274.136566  117.646988
-81.754501  274.104767  117.604233
-81.750702  274.077484  117.566010
-81.738785  274.056946  117.529152
-81.726425  274.047668  117.499374
-81.713715  274.049377  117.479042
-81.704460  274.069702  117.480377
-81.708595  274.057861  117.424736
-81.714218  274.048035  117.376938
-81.684433  274.044159  117.394722
-81.665421  274.050049  117.407745
-81.646797  274.052979  117.408798
-81.627068  274.044800  117.389778
-81.593513  274.083923  117.444786
-81.558540  274.090027  117.457298
-81.527412  274.112671  117.493271
-81.503410  274.138977  117.533142
-81.484787  274.129913  117.503670
-81.369652  274.011292  117.388786
-81.281937  273.909576  117.291954
-81.217087  273.832550  117.217926
-81.097198  273.657928  117.217445
-80.990982  273.485748  117.203659
-81.068726  272.834778  116.082779
-80.986877  272.811218  115.969864
-80.926376  272.735626  115.813423
-80.859894  272.782593  115.758072
-80.791489  272.858612  115.730713
-80.782578  272.474945  115.088829
-80.789001  271.849854  114.466560
-80.868011  271.975525  114.918175
-81.059555  271.756195  115.002335
-81.230370  271.423248  114.857048
-81.359917  271.161743  114.735588
-81.206314  270.131683  114.660095
-81.226593  269.206207  114.630142
-80.998795  267.859863  114.772346
-80.920502  266.486053  114.296707
-80.898415  265.651337  114.262009
-80.942589  264.889160  114.134949
-80.813454  263.096252  113.804604
-80.687729  262.574799  114.212242
-80.312965  259.506897  113.508568
-80.511368  257.859802  113.423103
-80.493309  256.551819  113.290092
-80.237274  254.481445  113.459724
-80.121361  252.195801  113.462341
-80.260941  250.479004  113.755768
-80.309685  248.689438  114.233055
-80.428490  247.506073  114.549706
-80.559341  245.960449  114.501450
-80.927483  244.468475  114.565109
-81.157997  243.303909  114.380470
-81.286552  241.626572  114.451813
-81.728157  241.116989  113.393494
-82.010353  240.276978  112.910744
-82.356628  238.696320  111.995903
-82.983109  236.411072  110.369530
-83.342842  234.580460  110.932335
-84.006157  232.202362  109.607063
-84.528870  230.882080  108.899879
-84.724152  229.855301  108.889206
-84.873352  228.225189  108.660133
-86.005219  223.989243  105.214432
-86.403534  223.910797  107.805435
-86.777290  223.851196  109.338676
-87.416542  223.065552  110.860374
-87.509148  223.076340  111.119675
-87.583961  223.065399  111.294846
-87.652679  223.096802  111.465187
-87.679550  223.203491  111.697685
-87.702377  223.291092  111.855400
-87.739845  223.402435  112.000160
-87.802643  223.545105  112.087395
-87.887474  223.690735  112.102997
-88.118324  224.318115  112.237122
-88.163757  224.737579  112.324051
-88.137177  225.011642  112.410202
-88.245125  225.712677  112.589737
-87.752960  227.315216  112.271065
-87.587753  228.071091  112.095886
-86.932449  229.104279  112.151230
-86.762276  229.550873  112.014534
-86.627190  230.033951  111.868546
-86.359528  230.926315  112.076080
-86.353477  232.051712  112.082939
-87.270515  232.631882  110.070473
-88.181259  230.919464  107.133461
-89.243851  231.458130  107.111412
-89.544388  231.038605  106.938499
-89.374580  231.728043  107.052444
-89.122704  232.463974  106.645363
-88.910988  233.119461  106.040825
-88.953766  233.492584  105.358009
-89.031334  233.894165  105.319923
-90.615936  237.834503  106.496727
-90.491714  240.525299  107.543427
-90.114456  241.661316  108.806084
-89.624352  242.415329  109.318626
-88.142189  245.953262  106.353577
-87.737366  249.296829  107.719795
-87.617874  250.808716  108.302666
-87.409332  251.712601  108.453453
-87.246109  252.809769  108.578331
-86.888618  254.453568  108.358635
-86.272331  255.954590  108.178841
-85.681999  257.253387  108.133980
-85.305145  259.658630  107.683891
-84.776733  261.036102  107.639305
-84.518265  262.317749  107.405289
-84.278946  263.329742  107.351753
-83.927612  264.332428  107.410683
-83.634941  265.208618  107.418663
-83.380707  265.943634  107.417450
-83.246239  266.658661  107.407562
-83.059616  268.287933  108.671349
-82.842346  268.928345  108.755943
-82.723328  269.819061  108.452133
-82.761742  270.852356  108.303932
-82.762794  271.484619  108.091209
-82.653831  271.920074  107.965569
-82.492691  272.149689  107.701584
-82.362709  272.465210  107.495613
-82.223579  272.762604  107.442230
-82.078239  272.999878  107.501701
-81.916931  273.244019  107.547577
-81.709274  273.425079  107.565872
-81.546730  273.598724  107.564407
-81.317223  273.775513  107.485413
-81.110268  273.714386  106.794830
-80.890900  273.445435  105.585152
-80.598679  273.168457  104.877724
-80.504929  272.768311  104.186371
-80.474403  272.827728  104.345322
-80.452858  272.923340  104.542709
-80.420418  273.009003  104.693558
-80.352776  273.076355  104.824860
-80.233192  273.172791  105.162086
-79.995186  273.156189  105.487000
-79.807236  273.106110  105.597656
-79.697548  273.067871  105.671265
-79.489166  272.971954  105.809601
-79.223106  272.753204  105.834602
-79.021599  272.534637  105.823212
-78.719521  272.165863  105.563736
-78.412888  271.763092  105.254074
-77.721466  269.837006  103.828224
-77.112518  268.004517  102.752312
-76.280800  266.174042  101.594650
-75.650017  264.975372  100.766792
-74.783295  263.652405  100.359192
-74.438187  262.645966  99.763733
-73.634453  261.018860  98.995995
-72.989883  259.793671  98.340393
-72.437660  258.504181  97.624222
-72.170029  257.769745  97.253227
-71.833961  257.085815  97.090492
-71.400360  255.951523  96.616753
-70.989555  254.901779  96.262917
-70.866905  254.539383  96.377037
-70.662354  254.195709  96.253090
-70.422783  253.629761  96.142654
-69.759033  251.911865  96.669121
-69.657379  251.163254  97.122108
-69.332375  250.256531  97.370888
-69.140038  249.860947  97.868889
-69.078018  249.551605  97.672195
-68.792816  248.823654  97.593834
-68.654778  248.525192  97.727264
-68.522545  248.506714  98.022919
-68.358040  248.042252  97.619766
-68.238136  247.736862  97.346085
-68.147942  247.659744  97.228447
-68.055275  247.589523  97.106247
-67.971428  247.542633  97.017250
-67.884308  247.494446  96.960320
-67.757851  247.463394  97.128311
-67.628067  247.497116  97.305786
-67.413490  247.633392  97.595146
-67.133865  247.291718  97.480812
-66.922050  247.236465  97.540993
-66.633446  247.755905  98.293289
-66.393616  248.125366  98.798500
-66.143425  248.442459  99.219582
-65.856628  248.841476  99.641380
-65.548599  249.046646  99.744217
-65.229050  249.298798  99.777885
-64.895470  249.759048  99.799377
-64.507034  250.115448  99.605217
-64.103210  250.462616  99.282753
-63.743126  250.730103  98.840286
-62.948822  251.529282  98.398560
-62.656742  251.925186  98.022461
-62.228073  252.471649  97.630531
-61.915058  253.044098  97.452293
-61.734001  254.037933  97.301308
-61.412354  254.987106  97.272682
-61.153515  255.770859  97.299690
-60.801311  256.545624  97.504944
-60.512897  257.350494  97.965630
-60.197277  258.033447  98.321976
-59.713329  258.961182  98.776199
-59.397385  259.672821  99.153938
-59.110058  260.373535  99.306000
-58.875717  261.099823  99.499229
-58.663620  261.735107  99.741791
-58.499241  262.757507  99.801422
-58.259518  263.985596  99.702621
-58.191833  265.528961  99.547859
-57.985065  266.144531  99.544136
-57.818577  266.538147  99.585556
-57.679169  266.784729  99.677551
-57.366322  267.644745  100.022209
-57.100651  268.269928  100.211296
-56.841618  268.779297  100.359421
-56.600262  269.121460  100.432007
-56.427151  269.382629  100.499222
-56.208515  269.949951  100.671387
-56.046467  270.373260  100.905441
-55.929359  270.674988  101.072800
-55.850479  270.877075  101.185333
-55.685467  271.081787  101.231850
-55.561409  271.237549  101.268219
-55.470566  271.355042  101.297539
-55.402325  271.442078  101.319054
-55.340935  271.522644  101.341759
-55.291252  271.587830  101.360802
-55.238392  271.659943  101.387512
-55.195980  271.712036  101.404091
-55.158852  271.752716  101.416023
-55.114605  271.789612  101.426163
-55.063152  271.814575  101.427887
-55.005875  271.818970  101.416466
-54.945114  271.790802  101.398521
-54.756683  271.414948  101.522881
-54.407047  270.755341  101.683311
-54.105858  270.235504  101.830406
-53.976585  269.825134  101.926605
-53.744370  269.385925  101.858047
-53.425301  268.682861  101.684586
-53.080688  267.700592  101.629616
-52.653564  266.318848  101.482368
-52.297459  264.966766  101.420815
-52.168098  263.761047  101.683929
-52.116428  262.629395  101.526276
-52.085232  261.917358  101.274483
-51.911530  260.652649  101.130997
-51.846046  259.553650  101.048149
-51.813694  258.797333  100.958267
-51.839520  257.699738  100.740875
-51.876892  256.253723  100.401688
-51.916294  255.185211  100.151817
-51.944260  253.829849  99.965225
-51.954903  252.337387  99.494720
-51.942272  251.108109  99.068832
-52.127888  250.008835  98.800278
-52.156361  248.972885  98.377510
-52.256027  248.173798  98.098091
-52.208199  246.796783  98.033577
-51.912315  245.649078  98.464249
-51.904957  244.951599  98.166252
-51.744862  244.373077  98.391525
-51.644028  243.216370  98.221169
-51.487373  242.026932  98.532486
-51.428822  240.474518  98.264008
-51.369312  238.831223  97.219490
-51.328045  237.612030  96.965225
-50.995090  236.429581  97.386604
-50.815529  235.286530  97.582893
-50.675850  234.464325  97.492401
-50.434105  233.627365  98.041855
-50.348869  233.076035  98.374069
-50.214905  232.621902  98.623993
-50.160507  231.743134  98.171722
-50.015747  230.865387  98.285965
-49.960728  230.342834  97.820602
-49.621124  229.706757  98.183388
-49.544933  229.054260  98.622269
-49.299580  228.910156  99.552452
-49.142727  228.901489  100.080055
-49.025425  228.899307  100.343529
-48.961113  228.852234  100.476479
-48.837425  228.848145  100.640785
-48.448219  228.538589  100.867317
-48.150394  228.295273  101.066223
-47.715759  228.141342  101.378609
-47.438263  228.000687  101.590187
-47.188725  227.927170  101.772301
-46.803318  227.995270  102.168808
-46.531429  228.038361  102.464813
-46.338242  228.058609  102.675064
-46.161057  228.072083  102.833145
-45.624294  228.473694  103.512238
-45.501343  228.740128  103.918121
-45.178238  229.163818  104.268684
-44.832432  229.537521  104.590721
-44.514690  229.921448  104.867950
-44.114227  230.508957  103.330719
-43.729889  231.024261  102.985832
-43.516838  231.297852  102.740448
-43.365509  231.538162  102.580544
-43.214592  231.940674  102.355057
-43.056149  232.339386  102.176788
-42.974361  232.865067  101.999550
-42.695744  233.469345  101.914719
-42.480595  234.217133  101.884903
-42.241364  235.085007  102.199173
-41.937035  235.862839  102.388268
-41.567753  236.785141  102.350510
-41.164047  237.689514  102.413101
-40.702145  238.940094  102.215797
-40.265877  240.167725  101.428474
-39.949173  240.921509  100.972343
-39.718155  241.642609  100.682571
-39.423996  242.334229  100.872536
-39.002747  243.276352  101.079926
-37.911751  245.487839  100.905952
-37.546211  246.363632  100.515518
-37.047478  247.177368  99.479858
-36.728596  247.666061  98.620163
-36.449543  248.018494  98.046463
-36.315300  249.017838  97.366302
-36.055195  249.882675  97.003166
-35.792168  250.811539  96.877090
-35.575481  251.643204  96.752029
-35.330990  252.652679  96.743385
-35.150967  253.544083  96.688896
-34.988846  254.333893  96.554115
-34.643661  255.231720  96.024361
-34.400925  256.049896  95.449219
-34.147388  256.689911  94.860207
-33.883274  257.236603  94.477150
-33.536823  257.681702  93.966164
-33.408672  258.324188  93.592766
-33.254318  258.814240  93.390991
-33.277496  259.204468  93.225929
-33.114735  259.653290  93.227509
-32.989048  260.010742  93.235725
-32.862610  260.381470  93.246674
-32.679283  260.864166  93.203308
-32.555702  261.323792  93.087769
-32.472969  261.653900  93.005920
-32.382668  261.890869  92.973091
-32.314594  262.073761  92.968513
-32.278503  262.197754  92.958847
-32.267448  262.251404  92.914665
-32.274567  262.302734  92.874832
-32.342297  262.219940  92.913292
-32.409031  262.124664  92.962288
-32.512268  261.968567  93.004410
-32.685219  261.821655  93.175659
-33.006332  261.475830  93.415054
-33.397999  261.019531  93.622017
-33.711506  260.595459  93.875404
-34.061741  259.975037  93.846199
-34.469261  259.158905  93.893661
-34.816334  258.096436  94.016060
-35.318558  257.052521  94.130379
-35.705833  256.206635  94.146423
-36.034077  255.519806  94.220528
-36.355534  255.008972  94.292213
-36.654610  254.608093  94.363327
-36.952564  254.031906  94.314430
-37.312431  253.384506  94.246040
-37.767864  252.629105  94.075424
-38.095776  251.577118  93.972633
-38.225979  250.735077  94.350983
-38.513454  250.006241  94.517578
-38.751156  249.473572  94.501022
-38.935997  249.052200  94.452591
-39.084766  248.510849  94.073471
-39.260201  248.025558  93.800049
-39.400944  247.524017  93.585754
-39.391361  246.892303  93.453888
-39.324963  246.263733  93.393700
-39.161419  245.788574  93.322556
-38.735844  244.736954  93.235245
-38.355354  243.888702  93.189148
-38.059109  243.350555  93.234055
-37.745735  242.982407  93.280907
-37.425842  242.664261  93.355644
-37.073483  242.394424  93.361275
-36.797745  242.088013  93.315224
-36.314766  241.923874  93.497665
-35.899197  241.552734  93.499115
-35.398773  241.234375  93.465721
-34.527599  240.841034  93.773598
-33.613159  240.523346  93.928070
-32.774010  240.344910  94.309319
-31.554970  240.160004  95.782707
-30.487917  239.975311  96.743629
-29.253906  239.758102  98.409439
-28.392693  239.363831  99.280388
-27.861866  239.098831  99.748650
-27.246557  238.739914  100.025566
-26.843287  238.465759  100.181961
-26.218618  238.063202  100.293243
-25.542889  237.636475  100.263023
-24.809792  237.133011  100.239571
-24.149441  236.781738  100.246124
-23.537621  236.483276  100.287399
-22.771082  236.210114  100.588493
-22.133944  235.909683  100.789276
-21.431885  235.682587  101.305824
-20.492935  235.341324  102.174133
-19.835188  235.011169  102.780540
-19.394238  234.673965  103.172966
-19.134737  234.422897  103.447792
-18.910442  234.240158  103.503357
-18.682558  234.054092  103.582664
-18.526960  233.845795  103.670296
-18.344467  233.694153  103.789268
-18.188759  233.562546  103.898872
-18.044447  233.427414  104.061104
-17.916328  233.307068  104.217667
-17.823376  233.200348  104.334740
-17.713228  233.122406  104.447861
-17.616671  233.052917  104.541832
-17.549944  232.998596  104.622818
-17.476810  233.009567  104.774277
-17.406464  233.032608  104.908279
-17.321520  233.114548  104.993660
-17.249935  233.206100  105.049278
-17.235439  233.370880  105.125504
-17.211897  233.535721  105.201385
-17.190506  233.744904  105.232498
-17.348345  234.349182  105.159111
-17.547115  234.705750  104.920967
-17.812475  235.004196  104.657120
-18.102690  235.355865  103.927322
-18.289528  235.614624  103.427643
-18.474171  235.923401  102.980789
-18.613632  236.273239  102.706459
-18.670547  236.755127  102.638138
-18.717451  237.087921  102.570625
-18.733479  237.901367  102.476166
-18.093069  241.282547  103.169876
-18.220598  242.175354  102.557297
-18.334476  242.563446  101.921379
-18.205662  243.467590  101.988571
-18.071602  245.141434  101.912941
-18.828089  246.602661  99.025139
-18.704348  247.263474  99.023071
-18.789881  248.655197  98.777893
-18.806828  249.523849  98.567200
-18.699749  250.143234  98.376701
-18.540819  250.540558  98.253120
-18.409704  250.859436  98.153656
-18.212019  251.184677  97.995720
-18.009747  251.546875  97.571770
-17.793705  252.211838  96.932434
-17.669186  252.728485  96.629227
-17.946478  253.900055  96.207611
-18.485577  257.009064  97.428932
-18.261494  257.794800  96.756416
-18.094383  258.311646  96.339142
-17.883156  258.569641  95.724815
-17.570297  258.749146  94.915588
-17.283947  258.909576  94.287621
-17.089916  259.203644  94.102837
-16.622055  259.595367  93.254745
-16.312048  259.491516  92.565880
-15.961296  259.787506  92.320007
-15.550253  260.137543  92.161797
-15.102181  260.539032  92.080673
-14.664468  261.025452  92.111809
-14.246709  261.531433  92.196159
-13.490866  261.506958  91.711037
-12.851566  261.489655  91.333443
-12.311264  261.632141  91.264687
-11.551600  261.604187  90.977394
-10.797221  261.427673  90.649513
-10.143611  261.346619  90.364632
-9.241396  260.393799  90.842461
-8.390202  259.894257  91.206993
-7.556624  259.440491  91.450142
-6.813599  258.945770  91.579338
-6.119474  258.377960  91.890144
-5.645179  258.023254  92.009300
-5.244003  257.506042  91.773087
-4.882502  257.097656  91.646637
-4.484399  256.640686  91.427887
-4.088435  256.031342  91.485664
-3.784832  255.532822  91.665459
-3.505033  254.461227  91.632904
-3.367071  253.645340  91.652924
-3.433156  252.988953  91.857979
-3.575986  252.374374  92.134056
-3.703492  251.852966  92.281616
-3.872684  251.319244  92.149261
-4.237732  250.539948  91.977203
-4.487439  249.957031  91.790321
-4.992028  249.489548  91.728111
-5.357126  249.067490  91.905540
-5.804802  248.531708  91.944389
-6.249660  247.890930  92.507713
-6.598592  246.904678  92.342545
-6.922711  246.478485  92.919067
-7.234784  245.979523  93.207268
-7.540082  245.454849  93.604897
-7.783952  245.017502  93.835068
-8.009897  244.680893  94.079842
-8.181286  244.410782  94.361710
-8.345670  244.188263  94.519554
-8.482184  244.048859  94.730057
-8.569961  243.780136  94.683121
-8.639089  243.494003  94.563118
-8.679535  243.247452  94.461205
-8.657499  243.143814  94.411453
-8.586475  243.120010  94.366959
-8.472889  243.181915  94.371178
-8.322642  243.218292  94.233627
-8.219048  243.493317  93.905708
-7.998564  243.748703  93.627350
-7.788134  243.930939  93.455940
-7.581096  243.950226  92.953651
-7.289653  244.022797  92.413498
-7.039428  244.242767  92.165085
-6.682408  244.569168  92.011803
-6.327273  245.016479  91.996651
-5.981902  245.531570  92.077919
-5.646513  246.113968  91.828331
-5.051372  246.393021  91.033562
-4.518930  247.179260  90.904091
-4.008351  247.939362  91.009827
-3.424798  248.580688  90.879936
-2.821308  249.454025  91.013191
-1.950023  250.337143  91.230446
-1.239312  250.766769  91.290398
-0.450031  251.228668  91.536125
0.303162  251.553040  91.698021
1.216290  251.408890  91.073990
2.124110  251.091034  90.571495
2.959717  250.833313  90.270470
4.348086  250.669983  90.162605
5.267397  250.030563  89.733185
6.305122  249.826889  89.547523
7.424924  249.844421  89.668121
8.177698  249.704849  89.572655
8.919884  249.337204  89.225838
9.482764  248.617599  89.068069
10.130183  248.171295  89.144196
10.596799  247.905579  88.909348
10.977550  247.757675  88.800331
11.360618  247.543564  88.650574
11.607014  246.758759  87.658043
11.654850  245.697250  86.607796
12.066271  245.005890  86.075485
12.189919  244.295944  85.252022
12.577963  243.267731  84.529755
12.973116  242.497803  84.766869
12.977531  241.488831  84.013672
12.846171  240.740082  84.219948
12.832808  240.122589  85.045319
12.456631  239.662109  85.578308
12.236618  239.312424  85.741730
11.825392  238.851151  85.632874
11.667907  238.471924  88.126381
10.853821  237.942886  89.526611
10.145433  237.167648  89.362083
9.549273  236.145767  88.460022
8.925678  235.424362  87.872986
7.927155  235.355743  88.275551
7.025250  234.705887  88.169380
6.140483  233.897659  87.789688
5.027955  234.047302  89.128754
2.800510  232.386749  89.087204
2.145556  232.133118  89.235619
1.301806  231.411774  89.046509
0.415428  230.836349  88.958702
-0.487775  231.901169  90.860672
-1.442047  231.454895  91.260834
-2.114662  230.819992  91.203758
-3.032298  229.799042  90.626198
-3.539101  229.603745  90.709343
-4.216423  229.824936  91.160278
-5.300795  230.527039  92.446365
-5.918799  230.480728  93.037819
-6.380946  230.325500  93.317154
-6.801812  229.784805  93.360115
-7.096033  229.485199  93.422676
-7.309566  230.156860  94.166718
-7.541452  230.622940  94.711472
-7.820289  230.715881  94.717796
-8.111337  230.746323  94.726250
-8.356461  230.589600  94.692879
-8.498612  230.460815  94.685402
-8.620179  230.300125  94.625214
-8.689720  230.410660  94.747086
-8.770309  231.035049  95.442413
-8.747783  231.097046  95.663757
-8.428138  232.099960  96.526329
-8.417437  232.140900  96.577744
-8.236165  232.238068  96.777420
-8.078796  232.322601  96.951469
-8.004579  232.273376  97.045296
-7.808485  232.821793  97.459946
-7.713605  232.915878  97.648804
-7.636002  233.057022  97.768867
-7.361222  233.197281  97.961197
-7.216443  233.419022  98.115967
-6.985876  233.537598  98.351234
-6.766511  233.292511  98.322716
-6.637223  233.109940  98.321945
-6.536760  232.978226  98.311462
-6.469638  232.979355  98.304810
-6.393501  233.009430  98.304413
-6.316360  233.008545  98.307625
-6.223125  233.089645  98.335022
-5.737776  233.713898  98.778664
-5.685840  233.650177  98.837830
-5.375006  234.068237  99.425392
-5.276755  234.132080  99.597153
-5.206668  234.134659  99.705925
-5.119876  233.853561  99.610672
-5.037697  233.428970  99.463318
-4.943157  232.810867  99.228127
-4.905952  232.371857  99.073624
-4.908708  231.930634  98.924164
-4.958737  231.719009  99.171303
-4.990792  231.554443  99.357796
-4.974360  231.391449  99.484825
-4.976309  231.141251  99.388962
-4.982820  230.959290  99.314568
-4.980028  230.840546  99.263359
-4.990540  230.732590  99.223717
-5.011413  230.613892  99.176025
-5.028132  230.463867  99.073570
-5.146246  230.297760  99.411118
-5.241724  230.119385  99.391159
-5.052185  230.435593  99.576340
-4.390034  231.904160  99.508598
-4.471631  231.775177  99.425758
-4.450553  232.116638  99.674095
-4.627512  231.601944  99.398666
-4.947940  230.984024  98.895584
-5.189075  230.580627  98.563148
-5.351130  230.321854  98.368752
-5.790964  229.635345  97.650414
-6.199890  229.076736  97.122482
-6.578200  228.947372  97.073608
-6.784545  228.897507  97.069588
-6.939810  228.903091  97.099739
-7.024153  228.955383  97.147041
-7.055760  229.021225  97.202736
-7.099510  229.060104  97.253723
-7.119877  229.112396  97.305031
-7.143374  229.143372  97.348747
-7.170169  229.149597  97.379601
-7.190477  229.140091  97.372643
-7.208941  229.097488  97.319756
-7.201789  229.129669  97.290855
-7.175397  229.195663  97.272636
-7.116266  229.329269  97.290497
-7.035547  229.504089  97.333923
-6.959361  229.669296  97.380562
-6.883108  229.829971  97.432732
-6.816670  229.958664  97.473427
-6.742923  230.088882  97.515816
-6.704362  230.172318  97.536270
-6.668598  230.250031  97.553246
-6.633323  230.320892  97.565552
-6.609046  230.380127  97.569794
-6.822495  230.986282  97.919884
-6.775609  231.774780  98.296410
-6.759529  232.084167  98.448128
-6.784630  232.139099  98.474983
-6.838383  232.064072  98.436485
-6.885137  231.890808  98.307663
-6.925743  231.754745  98.216331
-6.986197  231.573395  98.106133
-6.957108  231.715530  98.075813
-6.976794  231.753754  98.022461
-7.014055  231.718567  97.944275
-7.024049  231.585464  97.847855
-7.037088  231.457230  97.744217
-7.066891  231.327850  97.647728
-6.814586  231.019592  97.202858
-6.661588  230.730591  96.876465
-6.595397  230.233215  96.579529
-6.615646  229.781662  96.357864
-6.622920  229.414215  96.253059
-6.636160  229.201996  96.227150
-6.632794  229.042450  96.229370
-6.655509  228.877792  96.196907
-6.657410  228.829803  96.204765
-6.634178  228.884109  96.260483
-6.602570  228.957901  96.326515
-6.571291  229.013565  96.525375
-6.548374  229.044830  96.710373
-6.539308  229.068680  96.875061
-6.510344  229.203522  97.138008
-6.511144  229.240295  97.212761
-6.502337  229.300629  97.326660
-6.481550  229.363571  97.432861
-6.474624  229.411728  97.528450
-6.457821  229.469849  97.621925
-6.439381  229.535751  97.708885
-6.436189  229.614151  97.813995
-6.432777  229.695526  97.918587
