-110.640549  285.730286  110.063515
-110.563576  285.558441  110.005211
-110.553581  285.327332  109.944374
-110.507156  285.118744  109.841347
-110.442085  284.923523  109.741295
-110.363739  284.740417  109.663208
-110.303757  284.598877  109.602386
-110.257874  284.485474  109.553101
-110.195770  284.348541  109.491554
-110.162598  284.259216  109.450996
-109.993279  284.087006  109.382607
-109.778877  283.800171  109.349709
-109.604187  283.565491  109.321022
-109.451820  283.332214  109.253098
-109.325089  283.140045  109.195885
-109.215576  282.980042  109.145401
-109.139313  282.834869  109.068909
-109.017982  282.606384  108.970467
-108.913994  282.365601  108.860428
-108.785805  282.201813  108.799370
-108.641907  282.072205  108.756813
-108.497208  281.951935  108.733429
-108.371689  281.853180  108.719193
-108.278702  281.758759  108.687950
-108.181969  281.631042  108.622543
-108.064568  281.490143  108.538857
-108.061264  281.493500  108.512665
-108.060974  281.502594  108.469002
-107.990959  281.448547  108.402313
-107.932327  281.417023  108.351089
-107.820435  281.329865  108.279495
-107.716797  281.248047  108.213638
-107.646271  281.184692  108.163254
-107.634995  281.176056  108.143860
-107.656631  281.172607  108.130165
-107.664886  281.157959  108.111855
-107.666801  281.143707  108.094360
-107.679451  281.135956  108.076378
-107.691513  281.133881  108.060760
-107.689140  281.137970  108.048332
-107.721405  281.207703  108.078934
-107.732147  281.282471  108.106644
-107.775620  281.482971  108.230804
-107.739449  281.507263  108.250221
-107.858261  281.640930  108.318077
-107.903229  281.852478  108.335213
-107.934273  282.023438  108.357849
-108.061897  282.248993  108.392677
-108.066101  282.472626  108.498779
-108.094261  282.660706  108.578987
-108.325668  283.106323  108.680313
-108.490608  283.381805  108.762245
-108.856483  283.778076  108.918434
-108.948631  284.125092  109.034721
-109.008095  284.424255  109.150055
-108.999222  284.533936  109.215347
-109.168694  284.886597  109.555695
-109.322403  285.461212  109.912560
-109.498230  285.896027  110.160988
-109.820221  286.342621  110.278404
-110.237007  286.626404  110.263504
-112.331200  287.176270  110.630447
-113.052589  287.289154  110.635063
-115.007713  287.703186  110.205223
-117.243088  287.610962  109.964165
-119.020813  287.093475  109.513229
-119.805962  285.938324  108.680855
-121.025749  285.327393  108.472824
-122.178291  284.784149  108.334251
-123.418480  284.162231  108.267067
-125.204285  283.326202  108.441925
-126.589867  282.295502  108.514763
-128.107208  280.838928  108.422737
-129.549622  279.316650  108.011528
-130.875580  278.081177  107.612396
-132.258255  276.835846  107.409439
-133.439392  275.274017  107.062340
-135.213547  272.999817  105.973480
-136.288498  271.159302  105.928009
-137.958633  269.010223  105.791359
-139.325851  267.194641  105.607353
-140.598541  264.883911  104.980858
-142.724762  263.858246  106.686363
-142.643539  261.661407  108.881195
-142.685318  259.925812  111.361908
-142.885834  258.233093  112.392395
-142.858398  256.347015  112.456909
-143.336060  254.158905  112.480179
-143.403732  252.512985  112.549896
-143.689728  250.496674  112.698486
-143.594116  247.713654  112.633636
-143.074509  244.748581  112.298050
-142.698975  242.952026  112.061417
-142.359695  240.052521  111.895943
-142.106003  236.862259  112.402153
-141.414764  233.945251  113.264801
-141.442566  230.802124  114.201157
-140.599014  227.880157  114.805786
-139.690582  224.979263  115.674301
-138.624527  223.800659  118.424744
-137.515945  222.595551  120.380066
-136.556961  222.110550  121.593262
-135.359390  221.153381  121.641335
-134.179779  219.499283  121.370621
-132.654800  218.083618  120.832367
-131.720734  217.163635  120.549240
-130.641663  216.088623  120.148010
-128.782761  215.317505  121.062813
-127.066193  214.889328  121.819611
-125.183838  214.686066  123.238335
-123.553810  214.181595  123.129028
-121.861000  213.624084  123.491768
-119.948219  212.984787  123.313843
-118.034691  212.711288  123.251938
-116.196754  212.936386  122.998466
-114.516602  213.263229  122.827164
-112.735756  213.786285  122.638771
-111.099274  214.346802  122.520164
-109.576622  214.746490  122.207321
-107.798386  215.437546  121.859901
-105.937012  216.357117  121.475212
-103.735535  217.360504  121.149849
-101.673264  218.632492  121.060173
-100.092583  220.664597  121.005806
-98.399757  222.231079  120.900032
-96.337067  223.957275  120.794647
-94.345184  225.878159  120.511047
-92.593025  227.446228  120.529015
-90.870735  229.201553  120.320663
-89.045280  230.878052  119.919273
-87.443565  232.345718  119.783340
-85.862312  233.819031  119.696465
-84.562363  235.312973  119.547752
-83.179642  236.838562  119.550896
-80.606895  238.293823  118.286430
-79.257225  240.891769  117.991730
-78.505829  242.922745  117.745193
-77.927505  245.336472  117.489113
-77.220177  247.685760  117.127518
-76.260040  250.080872  116.078949
-75.922829  252.316223  115.362503
-75.697487  254.218750  115.038734
-75.748680  255.950333  115.045143
-75.475998  257.924072  114.035355
-75.662605  260.106384  113.431427
-75.684853  261.642059  112.950745
-75.789139  263.149323  112.143547
-76.180885  264.669342  111.810707
-76.661438  265.797974  111.506294
-77.168083  266.920197  111.224106
-77.578903  267.695679  111.135742
-77.811234  268.340912  111.026245
-78.379852  269.169800  110.996948
-79.119110  269.784332  110.911469
-79.823570  270.283691  110.808846
-81.127762  270.807953  109.422905
-82.067017  270.916504  107.215546
-83.402885  271.181122  106.016747
-84.387337  270.768066  104.745087
-85.156784  270.640594  103.833633
-86.045975  270.125366  103.094368
-86.572952  269.717957  102.464203
-87.392662  269.419373  102.091728
-88.065659  268.590393  101.421471
-88.616859  267.409271  100.631630
-89.273048  266.041656  99.653618
-89.996971  264.852478  98.952675
-90.507027  263.148163  98.022743
-91.089790  261.151825  97.038864
-92.179413  258.069519  96.352348
-92.644073  255.836533  95.754791
-93.044456  253.170944  95.158035
-93.557541  251.258316  94.796082
-93.998726  249.100204  94.370529
-94.111465  245.820541  93.784050
-93.610443  241.881943  92.860359
-92.803329  238.539124  92.130089
-92.948929  235.828003  93.498589
-94.193962  234.867294  95.399574
-94.370422  233.316345  97.370834
-94.351929  231.968460  98.581352
-93.905434  230.779297  101.238548
-93.467560  228.763168  102.406448
-93.087036  226.973724  102.878525
-92.993423  225.707016  102.995178
-92.965912  224.659317  102.931313
-93.882164  219.984680  104.105095
-93.777443  218.849655  104.410065
-93.699959  217.613358  105.156555
-93.154572  215.246933  106.356956
-92.473541  213.458878  108.112038
-92.505928  212.324310  109.192947
-92.344727  211.457336  109.408585
-92.587540  210.465729  109.729637
-92.661095  209.194565  110.422310
-92.010094  206.514465  111.223145
-91.726761  205.912125  112.764061
-91.659233  205.292526  113.684563
-91.774590  204.599411  114.314362
-91.782753  204.153809  115.871536
-91.792694  203.952484  116.930626
-91.499466  203.989670  117.553932
-91.476082  204.029037  118.013779
-91.437233  203.954315  118.282257
-91.329117  203.810333  118.298401
-91.143578  203.856812  118.241211
-90.950287  203.747894  118.204010
-90.844315  204.009308  118.298744
-90.874817  204.377960  118.482368
-91.117348  206.027496  119.195572
-91.253418  206.980164  119.599770
-91.392677  207.753586  119.836731
-92.825638  210.057449  120.240868
-92.333984  211.048294  120.522552
-91.872887  211.807205  121.221756
-91.205437  212.758133  121.424118
-90.457024  214.422546  121.028450
-90.363144  215.274246  121.290001
-90.112267  216.269608  121.539948
-89.702690  217.697037  121.564484
-89.366508  220.707809  121.008698
-88.872261  222.772507  120.492279
-88.317619  224.385651  120.199471
-87.782372  225.692810  120.003433
-87.140434  227.095657  119.617233
-86.315857  228.536407  119.182533
-85.599518  229.757431  118.857208
-85.575653  232.205460  119.372925
-83.791092  232.315781  118.771416
-82.668633  232.881363  118.902969
-82.042793  233.323181  118.986237
-80.889458  233.719421  118.839012
-79.937141  234.402374  118.797340
-79.172913  235.001205  118.812698
-78.219566  235.669464  118.820427
-77.155586  236.531326  118.892120
-76.330544  237.257538  119.033348
-75.439117  237.751541  119.300339
-74.515137  238.237595  119.635040
-73.530228  238.643921  119.826866
-72.627281  239.029556  119.977791
-71.676506  239.250122  120.063065
-71.051430  239.381332  120.112198
-70.114960  239.682968  120.397934
-69.058403  238.712265  120.282265
-68.253250  238.146530  120.255524
-66.917427  237.105103  120.349907
-65.757729  236.478607  120.396202
-65.088432  235.774261  120.088745
-64.039703  234.467758  119.865845
-63.052288  232.955215  120.302658
-62.211838  231.712433  120.968712
-61.436363  230.732849  121.396538
-60.750446  229.905685  121.680420
-60.245579  228.981796  121.685951
-59.735390  228.145798  121.326752
-59.287876  226.176865  121.980812
-58.330936  225.027069  122.342751
-57.790264  223.737869  122.653275
-57.099384  222.682953  122.356071
-56.350018  221.840897  122.142494
-55.889420  220.905624  121.904243
-55.514988  220.173737  121.722298
-54.658794  218.604736  121.793190
-53.598801  217.383575  121.884491
-52.928505  216.768906  121.830605
-52.255356  216.275635  121.810272
-51.636925  215.858337  121.731728
-50.459015  214.312851  122.004387
-49.302551  212.219864  123.393188
-48.758362  211.188416  124.195114
-48.124844  211.237534  124.479195
-47.406830  211.512894  124.759148
-45.977982  213.524109  124.656830
-45.596653  213.689102  124.608795
-44.957481  214.496384  124.662079
-44.468616  215.301193  124.538559
-43.923553  216.078278  124.153374
-43.187023  217.033600  123.630592
-42.596367  217.889420  123.741180
-41.971714  218.717346  123.701996
-41.214226  219.727097  123.410736
-40.075562  220.502121  122.103966
-38.806889  221.797058  121.077057
-37.966068  223.216217  120.086174
-36.804916  224.844360  119.071892
-35.881687  226.337265  118.232124
-34.788155  227.517288  117.168732
-33.770210  228.669083  116.512016
-33.014957  229.841721  116.205818
-32.033047  231.195282  115.686462
-30.978907  232.726013  115.096825
-30.032766  233.944565  114.663979
-29.297073  235.223404  114.240387
-28.371729  236.728683  113.714195
-27.676359  238.172043  113.266037
-26.776443  239.535156  112.945274
-25.539946  240.455429  112.502335
-24.766985  240.882736  112.801422
-24.010620  241.426163  112.973381
-23.402569  241.975021  113.246269
-22.536852  242.359848  113.793526
-21.792418  242.687805  114.190720
-21.248451  242.899628  114.408928
-20.853878  242.959396  114.542114
-20.501450  243.018524  114.616356
-19.952345  243.005432  114.760941
-19.347116  242.724976  114.771797
-18.703720  242.433243  114.794556
-17.951729  242.209885  114.789246
-17.177849  241.483307  114.707779
-15.687050  238.837616  114.575150
-15.343021  238.357758  114.563583
-15.049657  237.975128  114.575783
-14.698274  237.622299  114.609413
-14.411856  237.380783  114.629662
-14.387484  237.268234  114.619499
-14.486713  237.126480  114.581558
-14.566410  237.015167  114.491165
-14.690465  236.751190  114.246437
-14.864444  236.609344  114.063980
-15.181702  236.536087  113.817253
-15.612013  236.615158  113.599663
-16.212709  236.664642  113.167976
-16.961597  236.704208  112.786201
-17.870840  236.881760  112.437828
-18.909321  237.118973  112.183876
-19.921358  237.418015  111.965973
-20.974377  237.673645  111.820930
-22.018183  237.746552  111.590683
-23.074919  237.880249  111.378059
-24.073475  237.959274  111.194450
-25.119244  238.043457  111.008270
-26.112900  237.803360  110.734917
-26.961580  237.285431  110.471977
-27.718304  236.649872  110.302254
-28.543648  235.699493  110.185020
-29.473587  235.054367  110.237259
-30.177704  233.419373  110.467613
-30.960403  232.119064  110.741096
-31.790136  231.274246  111.052094
-32.842918  230.564117  111.267021
-33.803734  230.148865  111.622505
-34.268894  229.283783  111.712807
-34.675659  228.323685  111.723045
-34.982727  227.519150  111.783455
-35.289284  226.734192  111.869553
-35.329956  226.097214  111.949356
-35.264519  225.057251  112.082169
-35.296631  223.905579  112.358513
-35.052097  222.707855  112.593719
-34.633636  221.222931  112.873413
-34.072002  220.315613  113.070847
-33.818001  219.486649  113.162674
-33.331554  218.720245  113.177925
-32.520065  217.469131  113.583656
-31.539078  216.814529  113.854172
-30.691566  216.286804  114.128693
-29.674894  215.918900  114.347435
-28.576181  215.377228  114.719788
-27.346203  215.246582  114.834572
-26.236547  215.210236  114.972420
-25.162151  215.315628  115.187256
-24.153393  215.469986  115.360023
-22.938557  216.020508  115.555405
-21.725002  216.383789  115.585472
-20.403370  217.227814  115.624466
-19.093475  218.120331  115.606781
-18.227341  218.958496  115.675301
-17.329834  219.805725  115.683060
-16.571032  220.781570  115.739662
-15.780715  221.627823  115.835884
-14.988096  222.805634  115.812248
-14.132981  223.700821  115.722496
-13.498431  224.649719  116.305290
-12.849010  226.013184  116.386925
-12.433510  227.127777  116.482147
-11.971765  228.281586  116.340202
-11.742105  229.141495  116.223351
-11.690048  230.060684  116.092514
-11.590905  230.981140  116.111412
-11.343845  231.645767  116.058899
-10.971509  232.234573  115.848961
-10.733037  232.825607  115.578598
-10.665847  233.385010  115.388077
-10.696862  234.450989  114.775681
-10.671527  234.801407  114.343437
-10.778749  235.216736  114.082169
-10.868782  235.547256  113.988533
-11.077225  235.659698  113.838539
-11.309421  235.693100  113.701736
-11.482926  235.728912  113.616890
-11.681559  235.831589  113.529770
-11.985839  235.776794  113.314445
-12.413763  235.658569  112.949432
-12.843315  235.636597  112.585541
-13.294571  235.635712  112.256294
-13.674522  235.568817  111.955940
-14.181624  235.515976  111.721062
-15.143890  235.422760  111.449219
-15.892791  235.200150  111.159843
-16.395187  235.004364  110.859161
-16.744150  234.523529  110.558502
-17.236263  233.773178  110.339523
-17.517479  232.902344  110.200386
-17.750515  232.226486  110.059883
-17.843500  231.277725  109.890175
-17.864841  230.396317  109.650963
-18.254250  228.679382  109.579071
-18.459728  227.613403  109.519081
-18.552225  226.397064  109.727066
-18.708700  225.696716  109.867088
-18.608345  224.388046  110.393509
-18.439753  223.459915  110.740387
-18.284435  222.539169  110.824623
-18.064920  221.280045  111.118378
-17.918980  219.762039  111.668816
-17.912828  218.838272  112.021965
-17.983347  218.070984  112.367226
-17.677280  217.020920  112.263336
-17.194328  216.162430  112.553917
-16.301176  215.150574  113.122398
-15.641348  214.375305  113.515350
-15.030662  213.728348  113.887413
-14.132742  212.616501  114.452682
-13.239904  211.789246  114.940163
-12.227021  210.966034  115.421997
-11.169360  209.937714  116.055244
-10.041925  209.142136  116.650284
-8.917495  208.560974  117.093628
-8.030507  208.135788  117.368294
-6.945541  207.966202  117.860779
-5.632631  207.961548  118.141411
-4.508282  208.052063  118.361168
-3.470805  208.273560  118.596474
-1.746576  208.266937  118.779579
2.242312  210.272400  120.097328
3.207638  211.116241  120.393295
4.369739  212.313721  120.824417
5.612769  213.602631  121.305588
7.125284  215.083771  121.611336
8.122150  216.498596  122.624359
9.292764  218.108002  123.263298
9.758696  219.609970  123.946892
10.344603  220.863434  124.080162
10.623451  221.494766  124.364365
11.026834  222.585739  124.478752
11.406835  223.447922  124.925446
11.617951  225.220291  123.915390
11.679974  226.521057  123.398880
11.615693  227.899490  123.238037
11.546051  228.922836  123.193024
11.396218  230.163467  122.842079
10.918333  231.564926  122.363441
10.380488  232.997604  121.724747
9.427564  234.074448  120.724258
8.732286  234.785751  119.674980
7.967092  235.227646  118.746025
7.099617  236.117371  117.877731
6.499156  236.751038  117.380074
5.688215  237.299255  116.824905
4.919344  237.400864  116.162285
4.259027  237.485992  115.485153
3.689041  237.493759  114.931557
3.225225  237.438477  114.548210
2.856277  237.410065  114.265556
2.328838  237.358185  113.928368
1.996325  237.025574  113.576385
1.881982  236.538437  113.383110
1.661274  235.724991  113.192215
1.148659  234.160019  113.550278
0.895908  233.014786  113.882088
1.479196  232.246826  114.097969
1.846362  231.464249  114.294670
2.121086  231.002304  114.304153
2.517013  230.375992  114.305931
3.878977  228.406158  115.586426
4.716846  227.367569  117.393341
5.624605  226.070419  118.433861
6.816848  225.210251  119.637840
7.848592  225.000046  120.571136
8.696077  224.451782  121.219994
9.641436  224.307495  121.533936
10.706701  223.783386  122.166100
11.983866  223.612259  122.862434
13.154515  223.601028  123.384598
14.077353  223.549500  123.571419
15.628607  223.718994  124.276505
17.154091  223.897858  124.844429
18.503550  224.180267  125.237175
19.927151  224.540436  125.719788
21.259111  224.872665  126.087067
22.123745  224.990036  126.078636
22.866014  224.999191  126.059654
23.992214  225.151947  126.000580
24.906363  225.469742  125.972343
25.938425  225.996338  125.881859
26.684612  226.420456  125.775795
27.403658  226.865265  125.643196
27.811432  227.321365  125.618736
28.043751  227.695053  125.613419
28.176043  228.063538  125.789803
28.211851  228.460876  125.989594
28.319672  228.715836  125.982079
28.354088  228.947601  126.176376
28.363216  229.234344  126.326996
28.315306  229.472748  126.385086
28.262922  229.664627  126.382210
27.965601  229.842987  126.237694
27.679474  229.988708  125.945198
27.578987  230.004105  125.997536
27.317474  229.939667  126.097382
27.037844  229.906250  126.138824
26.499660  229.586197  126.379730
25.999054  229.031479  126.583412
25.604578  228.433975  126.640381
25.337856  227.940018  126.546478
25.084921  227.276642  126.247833
24.911535  226.787598  126.022018
24.589855  226.287964  125.911026
24.319033  225.473511  125.774391
24.088285  224.665344  125.790062
23.794037  223.652634  125.745796
23.683460  222.697006  125.774040
23.623844  221.870178  125.726219
23.526184  220.666214  125.891190
23.657146  219.144348  126.296448
23.789387  217.637512  126.692955
24.066530  216.469101  127.066406
24.545748  215.934799  127.476242
24.618734  215.308273  128.216354
24.696117  215.057343  128.894302
25.011312  214.555466  129.045776
25.282116  214.290710  129.086670
25.584795  213.711411  129.229233
25.862293  213.319138  129.397461
26.485470  212.188370  129.266052
26.804714  210.139206  129.337936
27.131533  210.176529  129.825348
27.959349  210.661560  131.222168
28.388227  210.886246  132.349319
29.212694  211.152039  132.427368
29.765938  211.315231  132.545746
30.291071  211.525757  132.627823
30.640579  211.613144  132.584610
31.150911  211.737442  132.555573
31.639954  211.895950  132.501068
32.295738  212.076523  132.457077
33.255440  212.395157  132.310806
34.034657  212.752502  132.241913
35.219910  213.658447  131.555923
36.291626  215.077515  131.611816
37.094154  216.278275  131.476089
37.612415  218.007324  130.936264
38.601402  219.755203  130.198364
39.114182  220.730896  129.902557
39.626556  221.801697  129.636597
40.114204  223.151794  129.789368
40.703278  225.035614  129.434219
41.397858  226.247055  129.036743
41.958992  227.296417  129.209991
43.559490  228.866180  129.528442
44.161152  229.375534  129.586868
45.130630  229.935760  130.346863
46.025997  230.345047  130.839233
46.629227  230.479553  131.243713
47.075855  230.519089  131.413986
47.578026  230.524109  131.585342
48.103607  230.516785  131.715469
48.846363  230.167999  131.797760
49.559345  229.802444  131.902390
50.380264  229.074432  132.032593
51.026623  228.473831  132.028229
51.604950  227.974014  132.076248
52.438484  227.116486  132.208374
52.988689  226.544205  132.280319
53.664677  225.640427  132.404617
54.220013  224.878998  132.517700
54.787640  224.016663  132.618805
55.405727  222.982193  132.748962
55.912033  221.898132  132.990372
56.352772  220.921173  133.225784
56.771328  220.099899  133.366211
57.066853  219.382050  133.243652
57.350765  218.749878  133.144257
57.722462  217.834290  133.006149
58.180698  217.410599  132.749969
58.265980  216.924454  132.361816
58.358913  216.589996  132.246964
58.405441  216.424988  132.193359
58.515869  216.229599  132.117096
58.615654  216.097427  132.060150
58.664398  216.030899  132.019104
58.695744  216.028320  131.985352
58.724415  216.186478  131.852478
58.696320  216.436752  131.720520
58.576904  216.778503  131.778946
58.281860  217.154587  131.898712
57.893349  218.050842  132.017563
57.528599  218.596954  132.043762
56.899757  219.889999  131.914917
56.038963  220.681686  131.787949
55.317047  221.499832  131.199524
54.534344  222.320251  130.698624
53.709690  222.967712  130.326538
52.777908  223.558243  129.996246
51.706207  224.039886  129.831497
50.386402  224.803986  129.815033
49.190636  225.230804  129.729568
48.218311  225.427261  129.586960
47.402504  225.615829  129.464081
46.400219  225.532135  129.289673
45.280506  225.581406  129.117035
44.115692  224.934158  128.920654
42.643867  224.853714  128.666855
41.560593  224.546814  128.405807
40.672112  224.089752  128.210007
39.922058  223.507523  127.942894
39.326050  222.344925  127.807495
38.865520  221.385086  127.822807
38.461792  220.302612  127.752075
38.241455  219.130692  127.637222
38.126549  217.921143  127.518990
37.879562  216.456924  127.585014
37.812462  215.008453  127.643173
37.818939  213.412827  127.704353
37.910896  212.352325  127.660347
38.002247  211.549240  127.728722
38.406193  207.290329  127.496582
38.863766  206.555328  127.941612
39.901596  205.352249  128.445633
40.802273  204.609161  128.772705
41.411320  204.170654  128.910538
41.416508  204.250473  130.278549
41.928238  204.465866  130.476212
42.508102  204.640213  130.628540
42.922497  204.714371  130.737152
43.699173  205.032257  130.883896
44.482956  205.317596  130.952148
45.590019  205.922440  131.040359
46.065918  206.028503  131.183792
46.751907  206.478577  131.433380
47.838947  207.549210  131.447968
48.715565  208.537598  131.302521
49.568516  210.050461  131.054031
50.022945  211.047638  130.963135
50.658203  211.708084  130.922943
51.166279  212.294922  130.969666
51.726379  213.053070  131.248322
52.168781  213.720840  131.389679
52.431278  214.171890  131.501129
52.679981  214.514191  131.588791
53.015923  214.899429  131.442505
53.563423  215.247971  131.262177
53.820778  215.435730  131.144623
53.956127  215.573975  131.073425
54.149006  215.702057  131.020996
54.288631  215.823563  131.048325
54.408566  215.919800  131.035797
54.497215  216.074814  131.005630
54.566025  216.182846  130.982193
54.591396  216.189392  130.987411
54.691525  216.153763  131.020889
54.718281  216.118515  131.005920
54.728695  216.063553  130.980591
54.763241  215.956696  130.945496
54.661198  215.480377  130.988312
54.584106  214.947266  130.947891
54.529793  214.560760  130.920486
54.450592  213.761810  130.958527
54.309238  212.955109  130.957169
54.125969  212.090988  131.110779
54.195530  210.794159  131.512527
54.349083  209.707535  131.894104
54.442421  208.674133  132.189407
54.659580  207.834015  132.594528
54.493176  207.008820  132.949997
54.660942  206.475464  133.293640
54.815647  205.913712  133.542938
54.907230  205.267685  133.869598
55.201748  204.735458  134.131134
55.373734  204.191330  134.323700
55.630074  203.696716  134.375046
55.970863  202.982086  134.602020
56.321106  202.309387  134.778000
56.692703  201.859741  135.015961
58.335796  201.570999  135.029343
58.617382  201.499176  135.125809
59.485535  201.501236  135.321350
60.132252  201.780212  135.351349
62.639072  203.216644  134.621277
63.120506  203.436035  134.435028
63.659969  204.301086  134.571198
64.202316  205.205154  134.598740
64.996483  206.370407  134.477478
66.139671  207.701019  134.006119
67.041443  208.761917  133.581451
68.021629  210.315247  133.389252
69.054291  211.540314  133.151840
69.893478  212.312271  133.175583
70.708984  213.353897  133.431976
71.750877  214.447372  133.704193
73.427177  216.266235  133.009583
74.624443  217.590714  132.756317
75.497154  218.271698  132.839462
76.458771  218.879486  132.833405
77.258919  219.366226  132.752991
78.665291  220.286713  132.572021
80.261299  221.206940  132.421249
81.383125  221.636597  132.394287
82.468025  222.122955  132.400040
83.186157  222.323288  132.591019
83.894669  222.880676  132.662018
84.628616  223.248093  132.733322
85.619598  223.506393  132.826584
86.240471  223.537567  132.945816
86.931511  223.508423  132.989578
87.659050  223.466614  133.023041
88.277557  223.297607  133.002853
88.740723  223.034653  133.021927
89.101624  222.522751  133.014801
89.498833  221.886887  133.046600
89.965477  221.173004  133.054504
90.298996  220.536896  133.163483
90.448524  219.796829  133.214554
90.482872  218.281921  133.389908
90.473793  216.578232  133.872086
90.614914  215.434601  134.299637
90.750114  214.504868  134.427902
90.847878  213.408981  134.580963
90.948959  212.365372  134.370621
91.232224  211.326935  134.277390
91.355011  210.402100  134.071854
91.480103  209.682617  133.912094
91.914879  208.513962  133.661774
91.924774  207.699615  133.344330
91.974861  206.714325  133.043503
91.984077  205.850403  132.843246
91.974571  205.140076  132.781677
91.803978  204.402374  132.778870
91.716759  203.860809  132.691711
91.691040  203.448959  132.668671
91.739563  203.153641  132.657578
91.830528  202.961365  132.666504
91.856102  203.132553  132.631302
92.359192  203.535889  132.479645
92.551765  203.779633  132.200043
92.740593  204.117096  131.940140
92.932770  204.468140  131.670135
93.182076  204.882797  131.395905
93.601799  205.551529  131.154007
94.239723  206.856583  130.636368
94.787895  207.985519  130.439575
95.324226  209.111099  129.892578
95.591415  210.385452  129.921387
95.866669  211.198990  130.123978
96.312325  212.911575  130.451019
96.773529  214.176666  130.782410
97.047447  215.794006  130.993118
97.463615  218.337875  130.802353
97.798660  219.969376  130.741257
98.308502  220.920990  130.818253
98.758446  222.107422  131.047684
99.609154  223.470764  131.375687
100.376991  224.469604  131.872421
101.309608  225.811935  132.488800
102.213966  226.957993  133.010345
103.009293  227.643112  133.293869
104.333595  228.306808  133.354889
105.494652  228.858215  133.594452
106.910057  229.298492  133.866592
108.122833  229.614685  134.210052
109.204559  230.223740  134.675552
110.237854  230.483505  135.271591
111.557533  230.485336  135.609909
112.981239  230.256851  135.893509
114.233856  229.828110  136.136658
115.067986  229.427475  136.411179
115.946487  228.989502  136.692459
117.105789  228.529373  137.022934
117.936256  227.624863  137.445801
118.774529  226.730682  137.693497
119.748718  226.285507  138.009674
120.107460  225.652710  138.270035
120.619949  224.786987  138.723007
120.858444  223.660385  139.027908
121.220100  222.643997  139.157532
121.405708  221.639481  138.945404
121.412033  220.064697  138.822083
121.641342  218.558777  138.982788
121.689758  216.985458  138.881989
121.912636  215.331863  138.904495
122.160194  214.044830  138.883804
122.407959  212.282227  138.682953
122.716805  210.436050  138.552643
122.795609  208.344910  138.332977
123.117043  206.701691  138.172577
123.634598  205.075836  138.093277
123.708565  204.148544  137.967285
123.753876  203.602097  137.889832
123.773216  202.371445  137.940125
123.955223  201.582413  137.975662
124.035446  200.639679  138.169037
124.114708  199.893707  137.968750
124.176704  199.276917  137.803299
124.358315  198.793518  137.588226
124.515953  198.458878  137.313843
124.689476  198.207230  137.100281
124.785522  198.034698  136.933670
124.849007  197.909073  136.816833
124.890724  197.828293  136.724731
124.889679  197.838760  136.550964
124.861153  197.785843  136.561890
124.771294  197.994217  136.458862
124.773628  198.197723  136.239395
125.069466  198.473663  135.955292
125.222473  198.807114  135.667572
125.269112  199.147995  135.517181
125.273308  199.527771  135.223145
125.339272  199.963867  135.110092
125.209373  200.272934  135.075455
125.156334  200.491714  135.059143
125.099373  200.629684  135.038071
124.975632  200.782776  135.040207
124.891457  200.885880  135.035065
124.636818  201.168900  135.042496
