-116.540321   157.793091  75.626961
-116.710526   158.101761  75.517235
-116.761360   158.170242  75.440483
-116.757401   158.248932  75.386917
-116.753830   158.272644  75.375191
-116.736382   158.335114  75.345825
-116.729538   158.364807  75.331970
-116.717552   158.420807  75.322243
-116.729622   158.484833  75.301903
-116.717339   158.509460  75.288345
-116.700294   158.558548  75.267990
-116.614189   158.626343  75.208900
-116.584312   158.624207  75.175423
-116.572418   158.623367  75.161995
-116.552742   158.619537  75.141777
-116.530663   158.621002  75.119003
-116.499428   158.618820  75.086739
-116.480721   158.580887  75.047508
-116.460228   158.554230  75.020439
-116.458908   158.531708  75.003395
-116.459908   158.479614  74.971581
-116.453194   158.448868  74.930145
-116.462036   158.406555  74.854836
-116.462433   158.389679  74.824142
-116.482162   158.331558  74.756348
-116.519089   158.257980  74.691925
-116.555557   158.126709  74.608910
-116.570374   158.082932  74.591888
-116.595825   158.048782  74.584824
-116.612961   157.947083  74.550697
-116.624596   157.901138  74.540115
-116.637505   157.872742  74.518539
-116.641830   157.862625  74.512817
-116.658546   157.836380  74.504303
-116.727104   157.712433  74.494873
-116.755165   157.663376  74.491119
-116.787483   157.619781  74.490799
-116.806664   157.592834  74.488876
-116.833420   157.549408  74.484207
-116.859390   157.505249  74.482239
-116.941742   157.399048  74.475937
-116.991905   157.330078  74.463959
-117.051804   157.265823  74.459961
-117.101730   157.208191  74.464195
-117.138344   157.160904  74.470108
-117.212662   157.077820  74.479553
-117.267502   157.037003  74.487167
-117.320564   156.971634  74.486206
-117.348785   156.934113  74.489037
-117.380562   156.909012  74.510124
-117.407722   156.876984  74.521538
-117.418564   156.861954  74.525894
-117.429970   156.849960  74.530144
-117.465881   156.826080  74.562996
-117.513176   156.783676  74.615768
-117.598885   156.730896  74.734215
-117.638412   156.701935  74.792282
-117.670662   156.686172  74.841309
-117.681274   156.669662  74.880806
-117.760300   156.682205  75.094994
-117.831749   156.707916  75.297249
-117.759064   156.898392  75.478447
-117.740639   157.076889  75.675415
-117.734558   157.336243  75.896538
-117.833229   157.690552  76.041908
-117.936653   158.027679  76.211723
-118.076309   158.510803  76.403404
-118.822205   160.399490  77.299591
-119.213203   161.460632  77.741325
-119.818443   162.907333  78.256485
-120.554832   164.664032  78.817940
-121.158607   166.228271  79.289780
-121.750282   167.924606  79.642281
-123.183327   172.488770  80.013496
-124.015633   174.514435  80.340019
-124.755127   176.482666  80.974747
-125.475060   178.825516  81.452332
-126.338684   181.286087  82.325401
-126.991676   183.710464  83.118584
-127.529373   186.009979  83.877502
-128.177826   188.040176  84.696548
-128.583313   189.980896  85.465324
-129.297714   191.813644  86.199760
-129.618652   193.439758  86.750374
-130.266586   195.533966  87.349403
-130.561401   196.290359  87.448807
-130.944962   196.904510  87.445610
-131.124069   197.173065  87.055679
-131.402100   197.067261  86.675148
-131.495361   196.854218  86.422714
-131.577362   196.568161  86.186630
-131.690125   195.367508  85.384537
-131.777023   192.795746  84.136749
-131.691650   189.613464  82.624130
-131.293777   185.389587  81.021622
-130.554504   180.314758  78.868279
-129.750000   174.865997  76.530594
-128.667831   169.739594  74.639603
-126.201248   157.152451  70.243698
-125.123985   151.330215  68.625244
-121.146141   134.983047  63.690792
-119.402328   129.371948  61.861725
-117.424263   122.087334  60.528465
-112.381279   105.415619  58.798748
-110.452255   100.021156  58.321064
-108.663963   93.545540  57.892105
-105.898331   86.817589  58.169811
-103.967216   81.928589  58.653374
-102.666504   78.861229  59.190666
-99.141922   69.898125  58.969296
-98.070480   67.039070  58.708321
-96.835526   64.571205  59.027115
-96.151016   63.379906  59.248066
-95.581970   62.880619  59.158943
-95.345032   62.324203  59.480835
-95.165100   62.176083  59.949398
-95.174614   62.256382  60.180599
-95.284111   62.908989  60.571175
-95.912918   64.632858  61.264320
-96.229256   66.376701  61.295589
-97.023621   68.850929  61.637444
-98.035805   72.182465  62.246864
-100.037300   76.386780  63.574818
-100.561813   79.907188  63.485195
-102.153358   84.176064  64.604393
-103.660980   89.428413  64.849983
-112.029762   109.447464  65.148186
-114.007957   114.059265  65.778275
-115.816658   118.803810  66.630630
-117.854843   124.419548  67.950905
-120.511345   131.679947  69.443932
-122.157089   137.927551  71.042725
-123.659508   144.494186  72.577278
-125.023552   150.957535  74.464272
-127.817551   163.749054  79.106720
-128.668808   168.882156  80.623604
-129.458817   173.984802  81.848999
-129.908401   179.363693  83.326843
-129.687515   191.095062  86.187912
-128.852112   195.584610  87.221527
-127.688156   200.020752  88.304108
-126.568077   204.314072  89.244896
-124.979187   208.398529  90.058937
-123.142326   212.175919  90.686317
-121.069977   215.234833  91.056412
-118.984894   218.288422  91.483185
-116.844437   220.691101  91.595871
-114.136040   222.559464  91.520638
-108.322281   225.107697  90.808136
-105.856934   225.834106  90.177559
-103.075569   226.136353  89.100471
-100.118431   225.735672  87.797073
-97.095306   225.065582  86.890121
-94.209885   223.527954  85.452850
-89.569420   218.284927  81.784401
-87.996185   216.265457  80.663994
-85.885475   213.776459  79.415688
-83.491432   209.813171  77.607567
-82.316277   205.280457  75.754219
-81.580757   201.233688  74.697929
-81.544426   197.502487  73.733078
-82.191566   193.716873  73.237946
-83.013229   190.043671  72.612755
-86.416855   181.838058  71.849281
-88.270744   178.590378  71.880302
-90.729317   174.744232  72.028900
-93.536827   171.050034  72.443581
-96.607681   168.039597  73.032822
-99.930656   165.244736  73.773369
-103.312279   162.824600  74.954674
-106.745987   160.758621  76.391380
-109.894379   159.570023  77.733788
-115.799538   155.866211  79.506187
-118.815903   154.977631  80.353401
-121.829018   154.571243  81.297173
-124.474785   154.245239  82.248260
-127.251495   152.894211  82.891273
-129.289841   152.420776  83.620041
-130.935791   152.207565  84.573555
-132.143021   152.237183  85.286766
-132.672424   152.145401  85.636353
-132.933472   152.000229  85.816589
-132.997650   151.884995  85.987488
-132.816315   151.466522  86.111176
-132.028610   151.213547  85.937355
-130.751160   150.742172  85.552834
-129.807053   149.899185  85.304260
-128.069931   148.783096  85.174492
-125.628181   147.416122  84.976479
-122.295609   145.933197  85.433029
-119.066475   144.138184  85.405128
-116.005173   142.169891  84.989670
-112.767677   139.787140  84.318642
-105.518166   133.149292  82.157898
-102.625526   129.799530  81.168701
-98.991753   126.141754  80.224167
-95.447289   122.167061  79.474831
-92.454254   118.483322  78.218437
-89.181694   114.491325  77.209358
-86.091721   110.945580  76.255661
-82.857315   107.616798  75.638481
-78.927444   104.029114  75.282211
-76.165779   101.565208  74.833221
-74.472015   99.785004  74.397362
-72.289223   97.931458  74.299057
-69.660744   96.066170  73.623123
-67.712570   94.826012  73.281258
-65.958771   94.069801  73.020699
-64.147881   92.944641  71.777557
-62.805607   92.683807  71.016907
-61.485031   92.815155  70.835114
-60.625095   93.532906  70.821365
-60.066902   94.352432  70.780869
-59.815037   95.530907  70.785416
-59.440002   97.075272  70.809135
-59.310589   99.751251  71.150955
-59.635880   102.378983  71.380486
-60.114536   105.380859  71.850189
-60.634140   108.733932  72.532249
-61.369740   112.096428  72.822456
-61.868149   116.561844  73.345078
-63.320026   121.027527  73.610359
-64.500771   125.738625  73.708488
-65.756210   130.060699  74.055580
-66.660072   134.140030  74.460983
-67.817062   138.572372  75.211403
-68.783951   142.795059  75.829292
-69.681511   146.479340  76.221397
-70.545578   150.380569  76.676895
-71.581238   154.325638  77.237602
-72.705963   158.697952  77.919327
-73.457466   162.027893  78.497452
-74.157188   165.140945  78.960838
-74.796745   167.694733  79.412056
-75.530930   170.390381  79.957718
-76.370056   173.178757  80.382484
-76.829643   175.144760  80.740868
-77.079887   176.257355  80.952507
-77.225601   176.826294  81.058990
-77.411095   177.474228  81.240829
-77.477127   177.712082  81.329018
-77.539764   177.822205  81.424850
-77.595932   177.695724  81.464188
-77.306206   172.123184  81.594406
-76.931412   169.607239  81.506432
-76.050064   165.071640  81.396469
-74.361687   159.888275  81.644836
-73.250992   154.578232  81.081352
-72.579826   151.001007  80.600014
-71.276672   146.543396  79.996002
-69.476883   141.328049  80.120171
-68.301079   137.328552  80.491585
-66.449600   132.177048  80.772346
-65.065178   128.057709  80.688492
-61.422504   120.709114  80.419800
-60.124557   118.356277  80.467781
-58.181870   115.881142  80.780090
-56.215023   113.913628  81.000023
-54.543087   112.827759  80.949814
-52.911377   112.015518  80.808899
-51.669689   111.923714  80.748085
-50.355225   112.339500  80.457321
-49.063591   113.001022  80.014465
-47.650227   114.038055  79.300514
-46.412582   115.808311  78.686829
-44.970097   118.364708  78.311005
-44.074322   121.404755  78.121033
-42.550407   129.023056  77.346039
-42.089279   132.837631  77.157600
-41.687595   143.234940  76.282761
-41.874546   147.654648  76.159584
-42.287369   152.034988  76.050873
-42.786980   156.729538  76.093590
-43.175831   160.162735  76.352867
-43.643993   163.685730  76.536987
-44.315647   170.203659  77.117584
-44.740540   172.744568  77.369057
-45.954044   178.181915  77.887138
-46.552647   180.242798  77.968658
-47.285442   182.249207  78.157188
-47.824764   183.682663  78.218185
-48.293755   184.724701  78.187187
-48.923176   185.315063  77.864540
-49.661209   185.540955  77.345360
-49.910915   185.376877  77.037582
-49.897816   185.422226  76.995796
-49.886822   185.252609  76.942253
-49.882542   184.288345  76.654243
-49.660042   182.776535  76.458435
-48.970306   180.301056  76.203102
-48.305149   177.562408  75.999374
-47.074879   173.757141  75.661285
-45.894417   169.373718  75.306839
-44.938389   165.774719  75.151627
-42.741898   161.213120  76.289841
-40.955978   157.493729  76.416512
-39.654408   153.606918  76.392410
-38.205051   149.922073  76.712227
-36.627201   146.168701  76.890129
-35.035824   142.640198  77.159386
-33.172623   139.291077  77.094955
-31.623705   136.114212  77.245995
-30.199594   133.401901  77.264801
-26.841675   128.954926  76.830101
-25.681820   127.523384  76.729340
-24.485325   126.156738  76.660942
-23.261938   125.025856  76.525055
-22.243883   124.355942  76.214813
-21.292339   123.776978  75.645546
-20.360790   123.356750  74.922310
-19.271833   123.503296  74.031593
-18.073631   124.427910  73.095757
-17.201033   125.723122  72.508858
-16.183353   128.147690  72.129982
-15.138288   130.860779  71.472321
-14.270681   135.108292  70.406189
-13.161586   144.197342  69.746536
-12.994023   148.716629  70.258827
-12.501679   153.153458  70.821762
-12.170543   157.871826  71.498322
-11.642224   162.699432  71.930557
-11.169428   167.684036  72.433266
-10.749112   172.023285  72.613091
-10.238491   176.037125  72.820694
-8.328622   182.613663  73.463875
-7.559398   185.446198  73.720612
-6.409781   188.340088  73.663361
-5.242138   191.025040  73.495270
-3.929692   193.459320  73.290665
-2.559843   195.257843  72.923752
-0.086318   197.885361  72.360176
0.830404   198.613998  72.267204
1.743298   199.209457  72.195740
2.859761   199.615311  72.088470
3.884936   199.817261  71.935341
4.943030   199.574310  71.805038
5.937757   199.301575  71.653641
7.000460   198.958908  71.509796
8.125980   198.269241  71.342506
9.128800   197.597809  71.053162
9.979418   196.928391  70.746429
10.866440   196.049423  70.493988
11.585749   195.253937  70.362267
12.099991   194.666473  70.229546
12.429772   194.191132  70.102081
12.581295   193.741364  70.018959
12.514323   193.379776  69.993515
12.257908   193.145248  69.870209
11.865413   193.075104  69.866577
11.299706   193.120560  69.891525
10.336547   193.248474  69.992783
9.089227   193.510986  70.187630
7.692611   193.721939  70.435066
5.980907   193.942719  70.783073
4.006659   194.218735  71.251030
1.847140   194.385529  71.941589
-0.684734   194.415771  72.593430
-2.913033   194.191925  73.190506
-5.431333   193.670471  73.991379
-12.842948   190.215454  76.178528
-14.691232   188.813553  76.725067
-16.641115   186.885086  77.295464
-18.541479   183.903229  78.363297
-19.771254   181.124695  79.041725
-20.643127   177.839447  79.495766
-20.947680   174.826096  79.779579
-21.083052   170.921707  80.155106
-20.597326   167.564926  80.341156
-20.119856   163.803314  80.680473
-18.744879   159.597565  80.961464
-17.526495   155.874725  80.962280
-16.421909   150.785873  80.240158
-15.122633   146.302261  79.688835
-13.584168   141.877716  79.177155
-8.816786   132.187698  76.858604
-7.041213   129.432281  76.316071
-4.881043   126.126450  75.058922
-2.552548   123.475838  74.348778
-0.279876   121.538864  73.932861
2.056829   120.159454  73.244949
4.595842   119.232491  72.638176
6.690122   118.826439  71.947937
9.129354   118.715660  71.078369
11.642855   118.889854  69.880524
19.824522   126.119278  65.635361
23.216608   134.005280  63.969780
24.517931   138.053009  63.130085
25.451797   142.047897  62.576416
26.245308   147.928513  62.346371
26.563128   152.758301  62.158852
27.073441   159.251572  62.254059
27.374344   165.582947  62.442509
27.927513   172.455444  62.647614
27.936758   178.954407  63.040791
28.160227   185.711365  64.191025
28.464449   192.865036  65.620453
28.561962   199.442032  66.757385
28.325920   206.061417  67.358429
27.875187   211.714096  67.308342
26.895374   217.331375  67.989212
25.859301   222.075089  69.108101
24.972610   228.095367  69.983047
23.975340   233.070328  70.597878
23.218861   238.311646  70.903915
22.547863   243.857071  71.719009
21.443659   248.257309  72.597519
20.757010   253.152634  72.907486
19.897678   257.373566  73.475952
19.099800   261.279327  74.283844
18.404846   263.794128  74.896744
18.014132   267.216217  75.442604
17.481901   269.906464  75.914207
17.049488   272.146820  76.303123
16.663214   273.805908  76.632767
16.180767   275.279907  76.840675
15.856553   276.329620  77.027481
15.664804   276.933807  77.133003
15.497781   277.408264  77.255363
15.333430   277.723083  77.320305
15.128977   277.680634  77.257965
14.899220   277.341156  77.045853
14.683996   276.752533  76.835655
14.523272   275.483887  76.646774
14.260794   272.352264  76.065315
14.230824   268.432465  75.524231
14.293405   263.870117  74.659569
14.416472   258.514221  73.703697
14.453137   252.246292  72.934380
15.021314   246.577194  71.392418
15.824074   241.283966  70.168755
16.290577   234.897461  68.714798
17.211966   228.451721  67.564575
18.100603   222.035278  66.751266
19.439924   215.604095  65.928505
20.545544   209.471558  65.313156
21.909552   203.339127  64.913948
23.256367   197.243500  64.339836
24.338297   191.254440  63.860134
25.687853   185.649490  63.506557
26.942053   179.617950  63.559048
28.054409   173.967026  63.519253
29.136415   168.142914  63.742344
30.562231   162.712082  63.478230
31.776754   157.269135  63.177776
33.314060   152.872116  63.005978
34.357174   148.514603  63.220837
35.389687   144.949585  63.008465
36.066208   141.119324  63.207726
36.668209   137.928329  63.330917
37.269020   135.351822  63.644146
37.619678   133.183868  63.561016
37.979965   130.728210  63.899452
38.523159   128.859238  63.832485
38.751987   127.124077  63.682549
38.922958   126.086014  63.607018
38.931549   125.392769  63.608521
38.807503   125.081528  63.588699
38.704060   125.046608  63.533989
38.469662   125.484772  63.347683
38.044621   126.800705  62.905830
37.477371   129.040253  62.446980
36.868862   132.370163  61.842152
36.025066   136.191269  61.578171
35.358166   140.811371  61.374378
34.726940   145.428177  61.656044
34.005093   149.856964  61.941879
33.523678   154.279373  62.381695
33.049591   157.801895  62.630035
32.902737   161.351868  62.745174
33.049625   165.258011  62.786469
33.212269   169.159744  63.032356
33.324192   172.844559  63.510296
33.732979   176.494766  63.808517
34.311577   179.880661  64.139046
34.718571   182.550308  64.360847
35.553726   185.838989  64.733627
36.456470   188.591019  65.317528
37.321735   191.183548  66.146713
38.150230   193.055923  66.750267
40.379318   195.106842  67.307129
41.022949   195.521820  67.478928
41.872002   195.933914  67.643585
42.846497   196.246124  67.824623
43.970032   196.432526  68.014275
45.389172   196.328156  68.463234
46.938198   195.918274  68.912041
48.502254   195.256363  69.522697
50.032101   194.301514  70.115814
51.308441   193.178574  70.543869
52.402199   191.421204  70.863739
53.344215   189.852325  71.113625
54.327614   187.336853  71.269676
55.083698   184.672287  71.287651
55.925880   181.865982  71.223640
56.873486   179.023254  71.419937
57.947762   175.751236  71.789757
58.933514   172.773773  71.900726
59.757774   169.516357  72.128288
60.478069   166.502884  72.260017
61.313900   163.394409  71.926239
62.179874   160.341263  71.783806
63.191982   157.128036  72.071350
64.292038   154.541901  72.293694
65.180641   151.897888  72.559784
66.185890   149.447800  72.788498
67.073639   147.306122  73.160927
68.074417   145.217789  73.578880
69.106636   143.401505  73.940582
70.366844   141.906281  74.143044
71.406128   140.619324  74.337433
72.309517   139.491180  74.681793
73.133179   138.656052  74.949059
73.924858   138.178452  75.061127
74.623528   138.052826  74.910103
75.259193   138.155609  74.746796
75.830063   138.510452  74.649307
76.343315   139.200409  74.603569
76.907616   140.243393  74.368202
77.484367   141.791687  73.930626
77.765030   143.169907  73.629906
78.143158   145.370285  72.953957
78.354599   148.491135  72.309311
78.535667   151.572754  71.953903
78.612099   154.730865  71.672020
78.471909   157.762878  71.711922
78.168068   161.434158  71.960342
77.745453   164.746262  72.178886
77.349564   168.242477  72.418411
76.801041   171.332916  72.622818
76.271385   174.320358  72.637527
75.716087   177.134369  72.456169
75.249977   179.965027  71.805855
74.661209   182.165207  71.409691
74.047592   184.058167  71.220177
73.364258   186.182724  71.325562
72.689949   188.120758  71.484901
72.173477   189.599991  71.534454
71.512947   190.640930  71.562164
71.054382   191.639877  71.354088
70.660179   192.236725  71.286797
70.376869   192.500671  71.272736
70.260101   192.639984  71.287140
70.219940   192.648987  71.281967
69.998474   192.129639  71.115639
69.653175   191.146530  71.047310
69.327019   189.329727  70.936119
68.852943   186.565094  70.769157
68.780579   183.218399  70.601929
68.952278   179.561417  70.329216
69.179001   175.382370  70.193039
69.881691   170.989944  69.841309
70.562248   166.498398  69.950920
71.678070   162.295731  70.209160
72.761063   158.621902  70.212402
73.666908   154.708572  70.178574
74.874771   150.865936  70.572586
76.113602   146.909866  70.819588
77.566536   143.094452  70.968796
78.761353   139.578323  71.508934
79.939644   136.670761  72.091316
81.079567   134.253082  72.421204
82.211571   132.017990  72.837715
83.405746   129.676651  72.685677
84.279388   127.863930  72.605774
85.173157   126.507065  72.605804
86.044655   125.770859  72.658028
86.902229   125.447998  72.702904
87.698479   125.532982  72.506027
88.461365   126.090660  72.329727
89.041084   126.777039  72.126228
89.892021   128.131042  71.830322
90.961739   130.445969  71.406288
92.198746   133.604324  70.924866
93.737770   137.887039  70.269814
95.026604   142.789551  69.802528
96.240807   148.158600  69.318748
96.991745   153.972000  69.199203
97.560127   159.655685  68.937866
97.677620   164.935638  68.915550
97.456657   171.210236  69.107819
96.734383   176.698181  69.268288
95.991478   182.696274  69.647682
94.842285   188.225235  70.051201
93.077042   193.922333  70.758301
91.108467   199.079910  71.684540
88.691360   203.571747  72.420326
86.153038   208.046295  72.987236
83.441559   212.581161  73.789536
80.213051   216.573807  74.616310
76.775673   220.490540  75.747032
72.737175   223.546753  76.523735
68.822853   226.060501  77.090248
64.593132   228.075424  77.480751
59.548481   229.510849  78.058403
55.358841   229.813431  78.010414
49.711639   229.453094  78.467682
44.072266   228.585815  78.513718
38.166885   226.674850  78.565620
32.855431   224.493851  78.516624
27.304771   221.291748  78.481430
22.061939   217.659912  78.327019
17.313873   213.171326  78.739159
13.252036   208.376556  78.877045
9.983876   202.998230  78.796829
5.488147   186.796707  79.287575
5.388923   183.502045  79.717957
6.377475   180.011505  80.463707
8.665773   176.967529  80.814690
12.403977   174.316025  80.915596
17.158648   172.693512  80.638062
23.090376   171.061386  80.469582
29.992176   169.525269  80.147018
37.153385   168.366013  79.792946
44.890720   167.271255  79.490341
53.034832   166.466492  79.109726
60.521210   165.484741  79.030647
67.887726   164.160629  78.896347
74.862083   162.618561  79.150558
81.039131   160.892563  79.322067
86.624588   159.193054  79.327354
91.387871   157.330627  79.254128
94.787651   155.804031  79.406700
97.149170   154.033768  79.488388
98.575966   152.542007  79.527786
99.269371   151.019653  79.588966
99.202347   149.488373  79.601707
97.848747   147.353607  79.813881
95.310616   145.067276  80.140800
91.668648   142.734695  80.673019
86.691727   140.709473  82.036453
81.540184   138.674088  82.781898
75.603348   136.420441  84.070847
69.510841   134.011765  85.496376
62.715240   130.915588  86.557762
55.999935   127.350616  87.867310
50.344971   123.853310  88.956367
45.026276   120.546509  90.379013
40.743160   117.365166  91.979027
37.899429   114.561386  93.296989
36.011238   112.703568  93.442947
35.611275   110.764610  94.724686
35.560917   109.283188  95.078796
36.098923   107.663513  95.454872
37.055027   106.346687  95.290329
38.996807   104.946449  94.850525
42.141457   103.492271  94.164413
46.094517   102.487427  93.345993
51.255905   102.140167  92.133667
56.342697   101.261246  90.738762
62.099041   100.440102  89.195152
68.560944   100.482407  88.237244
74.551620   101.223381  87.626060
80.072983   101.481995  86.597260
85.810738   101.998497  85.847275
91.024223   102.234596  85.091568
95.244881   101.931892  84.734474
99.493477   102.292717  84.203735
103.553543   102.545044  83.598358
106.461617   102.528954  83.580101
108.823624   102.386658  83.639206
111.057800   102.266861  83.226692
113.284050   102.087769  82.680435
115.209122   101.807442  82.233528
116.958191   101.120773  81.309570
118.243889   100.535515  80.513138
118.915794   100.198021  80.109764
119.203247   99.976372  79.951340
119.258415   99.703804  79.666481
119.127869   99.505547  79.403564
118.896469   99.403580  79.298698
118.364090   99.446938  79.138161
117.211823   99.853455  79.228149
115.684425   100.664467  79.450279
114.361191   101.542160  79.582314
112.457306   102.858093  80.126831
110.436562   104.667915  81.017197
108.377541   106.817566  81.679108
106.484283   108.771774  81.741371
104.753517   111.128212  82.771278
103.082039   113.778854  83.459145
101.492058   116.592461  84.332901
99.449608   119.680016  85.467667
97.146591   122.898964  86.155739
95.359093   126.445007  86.905960
93.609833   129.711349  87.284767
92.032806   133.340942  87.706100
90.596977   137.171707  88.454491
89.249771   141.191772  89.788811
87.878418   144.716171  90.731865
86.608559   148.258347  91.773079
85.268967   151.463516  92.249916
83.752640   154.456024  92.792976
82.917664   157.759155  93.191574
81.928238   160.490967  93.535431
81.067764   163.167557  93.870583
80.282089   166.057892  93.953583
79.666122   168.551407  93.947525
79.178543   171.482681  93.707962
78.932854   174.354568  93.329552
78.520538   176.855377  92.709297
77.994034   179.133942  91.647644
77.579674   181.201096  90.205917
77.117432   182.585098  89.336792
76.567490   183.798645  88.584152
76.269753   185.369293  87.012779
76.020088   186.432877  85.646667
75.716919   187.185928  84.344414
75.542732   187.675247  83.395958
75.701797   188.387619  81.202873
75.702660   188.572281  79.323723
75.735863   188.608490  78.127983
75.960503   188.187698  75.254234
76.147255   187.389816  72.269508
76.130798   186.300797  69.374809
75.954178   185.020233  66.916527
76.005066   183.736664  64.538086
75.998688   182.302414  61.614067
75.981148   181.202927  59.519543
75.890800   180.042282  57.286057
76.046425   179.358826  55.743546
76.153992   178.593124  54.222260
76.305534   178.097458  53.115181
76.517632   177.505585  52.007988
76.726059   177.101410  50.814461
76.836235   176.688629  49.638935
76.831268   176.436646  48.857113
76.800362   176.180038  48.092667
76.707283   176.008423  47.509304
76.454155   175.666595  46.318272
76.091217   175.439377  45.237572
76.005325   175.410553  45.041199
75.887604   175.414139  44.832668
75.728043   175.420914  44.647251
75.603233   175.424484  44.503681
75.413597   175.453796  44.379681
75.222260   175.460312  44.262825
75.057777   175.473373  44.188213
74.807220   175.486496  44.104691
74.517677   175.482529  44.067730
74.218086   175.475189  44.057632
74.014732   175.473312  44.061497
73.640739   175.473511  44.080299
73.458855   175.466995  44.103931
73.208702   175.458130  44.171947
72.919678   175.437714  44.355316
72.718452   175.412537  44.514336
72.569344   175.373398  44.656330
72.458931   175.348419  44.759785
72.377983   175.326736  44.843945
72.319321   175.307816  44.913345
72.262741   175.284515  44.984089
72.209930   175.265564  45.057178
72.171204   175.244522  45.125385
72.138985   175.226318  45.183369
72.126167   175.218491  45.241928
72.092712   175.193558  45.287235
72.081078   175.165054  45.343048
72.062294   175.156204  45.408516
72.046829   175.155258  45.462574
72.029282   175.176346  45.514061
72.019966   175.187637  45.570507
72.018631   175.173004  45.639072
72.011040   175.150986  45.704868
72.004807   175.127457  45.762085
71.996719   175.103546  45.821617
72.003784   175.077896  45.882427
72.012756   175.053345  45.940262
72.006691   175.032837  46.000126
72.024582   174.990433  46.082825
72.011459   174.907425  46.173767
72.003571   174.822418  46.275372
72.028671   174.727951  46.372719
72.040108   174.632782  46.456139
72.049164   174.555527  46.521984
72.064423   174.459229  46.588989
