-34.431149  68.185158  17.799965
-34.417900  68.448021  17.648453
-34.404625  68.567474  17.583597
-34.389927  68.654755  17.540144
-34.242439  69.544792  17.312670
-34.141708  70.276703  17.146259
-34.125866  70.624298  17.006546
-34.210827  71.641350  16.755102
-34.180584  72.159706  16.649933
-34.149490  72.884773  16.569359
-34.115093  73.445305  16.492468
-33.964344  74.346283  16.494337
-33.815845  76.481216  17.087662
-33.718349  76.890244  16.941227
-33.526497  77.653175  16.707245
-33.520706  78.037521  16.653658
-33.248692  78.054298  16.267006
-33.175369  78.569481  16.049580
-33.321434  79.505493  16.024300
-33.473263  80.886627  16.042624
-33.545910  81.388229  16.035198
-33.669544  82.502296  16.186003
-33.784378  83.271873  16.230705
-33.876549  83.882439  16.184252
-33.849625  84.365707  16.050703
-33.951031  84.871803  15.989909
-33.858753  85.235428  15.830694
-33.513905  84.449097  15.704103
-33.673927  85.102745  15.640606
-33.730385  85.957550  15.641469
-33.612919  87.192078  15.711239
-33.700180  87.303307  16.086178
-33.833942  87.527534  16.391867
-32.308411  85.784599  16.276140
-31.341488  85.472122  16.096657
-30.266567  87.032806  17.201584
-29.952768  88.313255  17.385180
-29.665071  87.864632  17.196827
-29.764664  88.577293  17.585276
-30.251850  88.995995  17.193697
-30.275080  89.358154  16.894800
-29.613930  88.658409  16.370735
-29.827164  89.102936  16.211531
-29.876368  89.451431  16.017826
-29.805073  89.662315  16.434093
-29.781046  89.950958  16.741663
-29.708475  90.242157  16.791965
-29.700275  90.461563  16.588903
-29.510908  90.331482  16.471048
-29.547565  90.627869  16.348959
-29.596453  90.815758  16.462032
-29.710470  90.910217  16.446257
-29.898846  91.217537  16.303646
-30.142771  91.592941  16.148321
-30.294489  91.755814  15.954893
-30.412933  91.788818  15.800760
-30.400026  92.157066  15.793054
-30.401049  92.450294  16.446281
-30.668491  92.697044  17.172859
-30.662760  93.398499  18.255707
-30.969992  93.861267  18.443895
-30.990522  94.326370  18.856241
-30.890789  94.606247  19.351957
-30.898003  94.757828  19.293804
-31.217890  94.985321  19.396837
-31.353474  95.222763  19.412546
-31.333452  95.677055  19.693098
-31.310116  96.059662  19.909483
-31.373674  96.236404  20.114416
-31.500690  96.333916  20.253588
-31.841360  96.430115  20.827112
-32.149376  96.611763  21.296740
-32.356033  96.760643  21.552383
-32.453720  96.780724  21.570902
-32.430477  96.348602  21.763475
-32.491104  96.203712  22.031824
-32.729927  96.391716  22.182489
-32.940289  96.431808  22.255110
-33.052834  96.431305  22.330080
-33.088562  96.336189  22.373657
-33.382957  95.713371  22.116802
-33.829224  95.397583  21.820551
-34.054531  95.532745  21.799026
-34.187336  95.612961  21.764669
-34.319466  95.625427  21.763298
-34.519794  95.607780  21.866245
-34.627869  95.575836  21.862747
-34.731342  95.480034  21.738604
-35.011475  95.207756  21.607059
-35.164192  95.211731  21.459133
-35.227016  95.246323  21.355627
-35.306458  95.219315  21.122326
-35.393452  95.188728  20.913256
-35.488678  95.134438  20.787926
-35.403736  94.870255  20.692028
-35.474194  94.616173  20.756899
-35.665489  94.943466  20.927555
-35.721733  95.074615  20.943161
-35.790276  95.160622  20.929773
-35.930500  95.242790  20.959299
-36.043758  95.319817  20.979252
-36.091633  95.364601  20.936918
-36.193081  95.381340  21.001167
-36.217930  95.317284  20.966667
-36.366562  95.356850  21.097511
-36.495316  95.344231  21.034527
-36.524323  95.258240  20.945257
-36.564991  95.232903  20.898073
-36.606087  95.222336  20.832449
-36.626144  95.232552  20.759987
-36.628994  95.244888  20.692806
-36.656399  95.202202  20.593521
-36.661285  95.208076  20.557470
-36.684319  95.201347  20.460604
-36.747929  95.357811  20.668556
-36.813690  95.444427  20.882570
-36.915821  95.537140  20.991564
-36.989609  95.590614  21.074543
-37.012852  95.635017  21.108215
-37.006359  95.853020  21.318941
-37.087700  96.101761  21.507324
-37.153599  96.285103  21.631540
-37.170753  96.479599  21.669016
-36.938526  96.803665  21.399178
-36.944988  96.853577  21.399521
-37.063999  96.827293  21.497875
-37.226295  96.808891  21.589449
-37.247143  96.790787  21.470751
-37.348328  96.695724  21.456287
-37.537037  96.463196  21.491943
-37.687019  96.252548  21.368952
-37.733444  96.203545  21.294682
-37.718479  96.166718  21.233795
-37.796886  96.075310  21.182734
-37.853996  96.017677  21.133163
-37.819321  95.607529  20.146805
-38.039124  95.249863  19.823298
-38.256927  95.031479  19.698412
-38.357689  94.942696  19.646147
-38.533180  94.901733  19.450634
-38.718243  94.785576  19.356813
-38.792870  94.776367  19.340332
-38.953831  94.756927  19.038338
-38.995361  94.757965  18.987679
-39.023655  94.744560  18.901651
-39.037411  94.733894  18.822842
-39.051422  94.646843  18.757317
-39.045101  94.471931  18.684389
-39.107193  93.845688  17.997255
-39.326920  93.005424  17.705967
-39.209274  91.937096  17.452221
-38.843590  90.983261  17.402056
-38.453178  89.968918  17.822374
-37.990276  89.181862  17.874771
-37.427826  87.124886  18.041615
-36.919750  84.783966  18.486746
-36.309212  81.218155  18.871452
-35.867542  77.571350  19.630247
-35.561039  74.157333  20.678259
-35.261238  71.374405  21.757490
-34.778343  68.998390  22.794523
-34.261059  67.224625  23.689482
-33.981693  66.140701  24.277092
-32.736557  62.804871  24.115511
-31.065632  60.922440  23.386263
-30.505608  59.763138  23.380560
-30.226421  59.067856  23.524843
-30.172832  58.175400  24.191841
-30.071381  57.567764  24.880808
-30.243372  57.414452  25.358593
-30.266500  57.068199  25.824768
-31.482918  57.202774  26.351437
-34.993275  61.048420  28.230051
-37.448036  63.571842  29.613186
-38.978687  65.347969  30.039282
-39.853241  67.285240  29.472197
-40.796490  70.448624  28.728939
-42.096611  77.439232  30.518026
-42.801830  83.082504  29.177212
-43.685169  86.487801  28.327698
-44.570698  88.372566  28.205208
-40.057858  90.500153  26.234480
-44.939941  97.699120  22.249193
-46.536583  104.188599  21.037203
-46.179047  105.741699  20.362728
-46.146095  107.225464  20.248964
-45.936909  109.728279  20.742039
-45.804787  112.768417  21.500408
-45.697086  114.300720  21.745991
-45.581566  116.130417  22.173452
-45.426537  117.893059  22.400434
-45.252182  119.444061  22.620392
-45.117714  120.574654  22.768604
-45.000851  121.383621  22.852354
-44.694408  122.470497  23.389517
-44.423183  122.716438  23.556051
-44.165966  122.636208  23.497435
-43.920532  122.498787  23.484671
-43.658520  122.191818  23.379839
-43.394756  121.715561  23.219616
-43.134949  121.323799  23.046741
-43.008373  117.482231  21.994583
-42.857670  116.794380  22.054041
-42.933952  114.727661  21.318325
-43.102478  112.282135  20.725124
-42.974606  110.433426  20.479052
-42.809563  107.181854  20.690435
-42.880676  102.247459  21.544603
-42.766975  98.104340  22.105385
-42.540333  95.149315  22.620216
-42.489235  91.756569  23.167246
-42.000149  87.916313  24.246338
-41.536621  83.542641  25.672995
-41.025398  80.036987  26.571266
-40.418259  76.586060  27.301325
-39.583839  74.345619  27.664351
-38.720013  73.227150  27.589058
-38.023750  72.884117  27.574907
-37.141121  73.282478  27.160772
-36.621479  74.110580  26.760967
-36.095638  74.750519  26.404083
-35.542885  76.422432  25.811163
-35.020203  79.372650  25.581707
-34.398148  81.415169  25.042543
-33.806347  83.176468  24.412210
-33.430412  85.651169  24.321545
-33.221905  86.725151  24.114159
-32.911209  87.709351  24.049171
-32.502625  88.490547  24.015591
-31.916035  89.485405  24.752689
-31.133738  90.099602  25.095709
-30.556017  90.003326  25.070166
-30.010530  89.312073  25.160166
-29.387346  88.300728  25.233208
-28.737480  86.708885  25.403772
-27.175268  82.342369  25.943369
-26.665974  81.492813  26.425306
-25.584423  80.938744  27.270411
-24.810083  80.749489  27.498621
-24.500193  81.259422  28.070702
-24.241781  81.717766  28.578051
-23.966022  82.238655  28.701748
-23.882362  82.650833  28.647663
-23.828907  83.802284  28.024910
-23.799103  85.095406  27.484285
-23.771486  85.493996  27.431591
-23.457743  85.526802  27.359638
-23.245996  85.400352  26.759596
-22.921036  84.963875  26.475950
-22.316767  84.521980  26.294056
-21.570557  84.111794  26.149822
-20.876131  83.726257  26.048920
-20.000586  83.224083  25.916004
-19.578562  83.029495  25.875059
-18.992666  82.843903  25.793953
-18.533400  82.865479  25.894693
-18.116455  82.895355  25.960976
-17.758978  82.712929  25.991707
-17.209736  82.258987  26.026625
-16.706730  81.573746  25.835705
-16.088436  80.868088  25.707069
-15.373498  79.723312  25.370874
-14.768807  78.628716  25.492422
-14.000656  77.574699  25.667532
-13.047640  76.386543  25.619400
-12.074547  75.061569  25.779722
-10.986880  73.845337  25.970785
-9.906252  72.706078  26.137356
-8.901066  71.995583  26.150227
-7.873536  71.739906  25.901518
-6.797924  71.847458  25.435474
-5.815495  72.611740  24.486004
-5.165106  73.379845  23.675432
-4.416757  74.921188  22.915937
-3.674592  76.773407  22.079058
-2.881895  79.107445  21.160398
-2.045155  81.170769  20.281870
-1.359798  83.314873  19.494057
-0.513425  86.513802  18.438337
-0.007431  89.032494  17.693426
0.897873  93.562157  16.550817
1.753789  97.771355  15.404871
2.341500  101.535004  14.605634
2.811797  105.240288  13.775710
3.031604  107.573792  13.307817
2.993950  108.871147  13.031847
3.161146  111.569611  12.324496
3.178905  113.754684  11.529589
3.057327  115.138710  11.021453
2.945362  116.202652  10.402023
2.829426  117.005447  9.637542
2.722688  117.515823  9.171235
2.655056  117.784149  8.890565
2.665102  117.297745  8.519094
2.668015  116.916397  8.392957
2.643611  116.593567  8.378099
2.485461  113.706558  8.702948
2.290998  109.363571  9.435709
2.227037  104.372368  10.465759
2.169494  98.954048  12.132931
2.704159  93.998222  13.462767
2.683829  87.344727  16.051756
3.120888  82.075272  18.536684
2.072726  73.788544  22.551180
0.439507  67.046951  26.870148
0.677979  63.829105  29.245110
1.282102  62.300968  30.424461
1.537625  61.349030  31.188948
1.362590  60.676495  31.748001
1.488218  60.705029  31.763712
1.494218  60.966324  31.613785
1.799146  63.039135  30.571253
2.277762  68.941986  27.037754
2.455215  79.399826  23.610071
2.515555  82.710289  22.854065
2.954838  86.584419  21.947218
3.253790  89.120773  21.383535
3.661068  90.755844  20.905205
4.029587  91.906876  20.582624
4.334827  92.714088  20.264360
4.667743  93.684631  19.939444
5.074215  94.718201  19.696899
5.401411  95.202011  19.577963
5.719540  95.672073  19.504961
5.938573  96.029510  19.440042
6.026267  96.351326  19.371178
5.877618  96.178711  19.516226
5.204187  94.904198  20.193630
4.405538  93.771339  21.043194
3.277346  91.061249  22.988813
1.864298  87.146042  25.816168
0.650010  84.418480  27.559683
0.276093  82.583801  28.686108
-0.153453  81.579353  29.231668
-0.500159  80.923874  29.553204
-1.132503  80.207214  29.961300
-1.517143  79.732231  30.221645
-1.751325  79.636993  30.062372
-1.760614  80.133369  29.305723
-1.297509  81.082993  28.192177
-0.547897  82.096405  27.283926
0.020253  83.040337  26.748493
0.685920  84.297379  25.985054
1.210850  85.229286  25.428722
1.714808  87.278069  24.379650
2.474802  88.834602  23.569107
3.117568  89.708588  23.057384
3.441459  90.302750  22.745642
3.690495  90.857841  22.548264
4.284442  91.345284  22.413063
4.980971  91.837936  22.483147
5.683772  92.038925  22.535236
6.174853  91.715385  22.599073
6.527465  90.590599  22.815054
6.559402  88.648796  23.456020
6.650258  86.830559  23.980282
6.326500  84.418488  24.872690
5.588530  81.322510  26.164669
4.293708  78.856689  27.724133
3.874636  78.242409  28.190477
2.841254  76.934280  29.330715
1.827030  75.989014  30.268696
5.836761  82.189484  31.906780
4.489483  80.995064  33.181438
3.122543  79.404114  34.494099
2.695215  78.669434  35.051140
1.673354  77.291855  36.373905
0.611235  76.007027  37.768429
-0.946724  74.473534  39.704277
-1.755311  73.361206  40.762081
-2.870922  71.982666  42.054905
-4.353215  70.893959  43.673965
-5.633509  70.581123  45.359150
-6.220801  69.680779  45.459465
-6.253123  69.592796  45.983402
-6.459136  68.600914  45.253033
-6.350967  68.724640  45.173309
-4.803688  67.501678  44.526699
-2.986245  67.210197  43.105209
-1.219135  67.339706  41.743641
0.455741  67.823006  40.274555
3.166064  68.827888  37.792408
4.898295  71.013847  35.799641
-2.023803  68.156502  33.186718
9.096719  73.794586  25.624313
12.260733  74.613014  23.249454
15.253863  75.622063  20.900436
18.172417  76.891380  19.031828
20.174212  77.422852  17.741442
22.063385  78.219482  16.882593
24.083490  78.869331  15.680079
25.883127  79.292442  14.602089
26.853384  79.660461  14.205667
27.629995  79.988602  13.788741
28.391527  80.370232  13.437834
28.980705  80.640594  13.107443
29.860756  80.974930  12.419974
30.506199  80.950760  11.875084
31.025541  80.750214  11.593166
31.225542  80.506134  11.503995
31.372156  80.337250  11.452271
31.507578  80.209328  11.419989
31.114542  81.323547  10.806458
31.158735  82.311867  10.609705
31.307438  82.713402  10.512568
31.275375  83.366089  10.598908
31.414497  84.082062  10.335868
31.526737  84.604958  10.184453
31.667580  85.006546  10.083867
31.985294  85.809341  10.051879
32.290466  86.354568  10.044526
32.550270  86.689201  10.053066
32.761330  86.870613  10.073541
32.989315  86.901756  10.123500
33.180626  86.886673  10.172685
33.345158  86.876167  10.212934
33.472187  86.874054  10.244005
33.584629  86.873749  10.270945
33.725117  86.963799  10.273032
34.066883  87.249077  10.300162
34.357510  87.478661  10.318605
34.599579  87.627487  10.343053
34.713661  87.547829  10.367705
35.004826  87.693764  10.069944
34.857918  87.620773  10.385532
34.677040  87.646233  10.802012
34.507614  87.665977  11.210986
34.405853  87.658119  11.552016
34.309978  87.613884  11.846918
34.147900  87.489944  12.081592
33.877537  87.273567  12.350650
