62.582108  225.033356  77.124084
62.577885  225.391556  77.057297
62.599987  225.768204  77.020805
62.597233  226.103607  76.991341
62.618744  226.395035  76.950180
62.617317  226.671204  76.980614
62.630749  226.927170  76.970085
62.619991  227.159180  76.964027
62.636173  227.387543  76.875549
62.638454  227.631348  76.803696
62.583065  227.822983  76.748695
62.536598  227.979446  76.701378
62.535858  228.057755  76.729637
62.526070  228.131210  76.755440
62.520832  228.190170  76.779327
62.516094  228.235870  76.801033
62.510952  228.283646  76.826553
62.508991  228.338318  76.853706
62.509113  228.391769  76.878502
62.512531  228.450119  76.907341
62.508827  228.484100  76.926323
62.507019  228.510498  76.940193
62.500923  228.533310  76.948708
62.479866  228.548935  76.944298
62.471405  228.570694  76.947212
62.476723  228.587936  76.956390
62.458698  228.589432  76.958199
62.442070  228.585098  76.967072
62.431038  228.585541  76.977707
62.416752  228.581100  76.987923
62.412498  228.575195  76.994896
62.410847  228.557037  76.996979
62.397240  228.525192  76.998962
62.385590  228.493103  77.001915
62.364292  228.435196  77.025269
62.340580  228.339539  77.068932
62.321831  228.240479  77.123619
62.304298  228.155746  77.178307
62.257259  227.981552  77.305809
62.226963  227.809662  77.400627
62.213715  227.693527  77.462685
62.174370  227.576981  77.510277
62.150055  227.481522  77.537102
62.150349  227.403839  77.530838
62.145786  227.339859  77.530144
62.139194  227.293747  77.525467
62.145924  227.249954  77.519554
62.153194  227.211304  77.521454
62.167698  227.177383  77.524376
62.178074  227.139023  77.523781
62.183884  227.099533  77.513985
62.200062  227.075531  77.510895
62.210499  227.035934  77.499016
62.230053  226.996674  77.497612
62.251778  226.945648  77.494087
62.234585  226.844452  77.486801
62.202602  226.721542  77.487549
62.164772  226.626556  77.486275
62.138432  226.536057  77.479851
62.118816  226.476181  77.483429
62.122265  226.440979  77.489166
62.134548  226.418625  77.490379
62.133102  226.406387  77.495659
62.125511  226.392792  77.499123
62.114372  226.380066  77.500908
62.108547  226.363052  77.495575
62.116959  226.326126  77.455284
62.110661  226.304550  77.425781
62.101318  226.274994  77.427536
62.057217  226.234512  77.424980
61.998089  226.192337  77.423096
61.947334  226.155121  77.441025
61.908443  226.131393  77.461227
61.884125  226.116135  77.396225
61.869328  226.120743  77.310722
61.854122  226.146240  77.220161
61.828480  226.172104  77.135078
61.807343  226.200241  77.097366
61.802132  226.233871  77.055481
61.787617  226.288177  77.192024
61.873974  226.444687  77.948517
61.878803  226.484879  78.139969
61.858982  226.484146  78.286476
61.848408  226.483429  78.399452
61.833679  226.493835  78.488937
61.817669  226.503113  78.554100
61.800358  226.510147  78.602455
61.792423  226.515488  78.651855
61.782825  226.511856  78.689270
61.778988  226.501907  78.720848
61.785011  226.489792  78.745560
61.785698  226.452332  78.659912
61.791588  226.399780  78.569855
61.812168  226.332199  78.468971
61.822903  226.242188  78.359291
61.817623  226.096756  78.209755
61.841217  225.840454  78.174957
61.877132  225.472305  78.109344
61.812466  225.042282  78.000206
61.803410  224.552185  77.833923
61.821384  223.949112  77.646805
61.862774  223.091232  77.590164
61.852745  222.276749  77.442612
61.828194  221.019302  77.321190
61.845612  219.480911  77.537598
61.755547  218.320313  77.618736
61.766838  217.291275  77.571938
61.740540  216.145035  77.506805
61.699097  215.080292  77.441055
61.724960  214.248123  77.318504
61.956841  212.992432  77.343727
62.214352  211.613419  77.164856
62.260384  210.546005  76.977333
62.304619  209.208984  77.139771
63.858524  210.011658  78.713005
63.631306  207.877365  79.181831
63.719986  206.863159  79.138435
63.746437  205.973877  78.954353
63.827358  205.220535  78.812286
63.888409  204.488663  78.596344
63.912960  203.766830  78.472130
63.824814  202.906601  78.386940
63.704021  202.162018  78.323410
63.513710  201.251053  78.227539
63.417557  200.695129  77.993317
63.382107  200.365540  77.835869
63.298832  199.911835  77.601692
63.144325  199.347748  77.360123
62.859180  198.529465  77.057465
62.439049  197.597214  76.784752
62.050282  196.787109  76.542923
61.691792  196.098999  76.347351
61.330574  195.491776  76.224648
60.934914  194.862625  76.125862
60.522896  194.230148  76.000549
59.974422  193.519470  76.162849
59.407398  193.010544  76.255699
58.981247  192.678360  76.302032
58.632404  192.466232  76.309052
58.155098  192.157913  76.359604
57.696358  191.902069  76.415131
57.103291  191.677109  76.505531
56.627525  191.546860  76.585686
56.045933  191.484726  76.679108
55.408630  191.425964  76.749832
54.941841  191.387604  76.806297
54.504948  191.384079  76.873589
53.984303  191.403503  76.887978
53.453613  191.454391  76.953644
52.907776  191.605057  77.031845
52.326153  191.889008  77.100998
51.792328  192.191010  77.171318
51.302399  192.652756  77.229538
50.796204  193.140274  77.299294
50.185246  193.743942  77.251328
49.554287  194.450958  77.027542
48.832466  195.015198  76.655067
48.340729  195.771469  76.396713
47.930462  196.383575  76.347710
47.637413  196.969955  76.391533
47.257191  197.638626  76.353317
46.989162  198.268280  76.358917
46.715816  199.230606  76.175705
46.335796  200.401459  75.686226
45.919117  201.656113  75.121712
45.650764  202.593338  74.936127
45.651886  203.303497  74.991936
45.625614  203.967911  74.989685
45.614540  204.912491  74.948883
45.606525  205.971710  74.830452
45.518513  207.037781  74.596596
45.506096  208.009216  74.406952
45.562630  208.772949  74.301208
45.681755  209.589493  74.275215
45.796875  210.457962  74.305496
45.979645  211.475479  74.167953
46.177551  212.417496  74.111397
46.324963  213.188400  74.101006
46.447723  213.822540  74.131844
46.667427  215.072647  74.047714
47.089970  216.412735  73.658134
47.369308  217.316071  73.363815
47.663544  217.999252  73.152145
47.936378  218.659180  73.046516
48.382706  219.389069  72.893806
48.790192  220.427002  72.421051
49.261730  221.306442  71.606483
49.566628  222.027512  71.287346
49.760750  222.573883  71.172142
50.100594  223.105881  71.121460
50.463223  223.802017  71.045982
50.773518  224.369141  71.005455
51.115372  224.960388  70.934814
51.492672  225.509064  70.915291
51.886127  226.125839  70.882813
52.403450  227.020004  70.867432
52.864845  227.747375  70.907860
53.238026  228.280212  70.945534
53.759678  229.058609  71.034668
54.160465  229.646179  71.114235
54.555454  230.181915  71.264717
55.084763  230.631577  71.533760
55.536758  231.316071  71.675560
55.888302  231.765274  71.760078
56.277420  232.377899  71.860489
57.166363  233.475632  72.072403
57.899906  234.264221  72.870514
58.837029  235.140015  74.215652
59.181778  235.680786  74.372948
59.577377  236.395554  74.490112
60.361767  237.733521  74.375038
61.149944  239.299179  74.146111
61.686325  240.322937  73.995956
61.967636  240.550095  74.305092
62.258659  240.810104  74.628143
62.488117  241.001587  74.874008
62.707180  241.167038  75.045616
62.961388  241.339111  75.212112
63.491596  241.681900  75.377823
64.008453  242.030731  75.503075
64.585823  242.528214  75.628838
65.195709  243.102203  75.623924
65.688339  243.507370  75.532188
66.088692  243.786362  75.409119
66.419395  243.990707  75.311691
66.835587  244.211029  75.247139
67.224472  244.417236  75.206894
67.659416  244.665710  75.169327
68.076668  244.967499  75.084488
68.745071  245.492767  74.587700
69.297623  245.946167  74.327682
69.694794  246.162292  74.104721
70.042145  246.287033  73.895439
70.491241  246.645706  73.727379
70.933487  246.934402  73.599388
71.402946  247.176941  73.474243
71.835403  247.324600  73.400787
72.268776  247.422256  73.321877
72.659843  247.497574  73.215424
73.137543  247.551895  73.035706
73.591110  247.598892  72.892876
74.182686  247.754227  72.906128
74.677200  247.829315  72.895004
75.198067  247.814804  72.838425
75.733444  247.804932  72.838867
76.216927  247.792084  72.894226
76.762642  247.614777  73.001534
77.279602  247.448380  73.139999
77.723572  247.286804  73.190727
78.172745  247.136322  73.178825
78.622986  246.982620  73.150902
79.017487  246.806778  73.120186
79.420090  246.596527  73.080551
79.931404  246.135178  73.359291
80.411934  245.718048  73.536057
81.081619  245.126236  74.084198
81.604141  244.657211  74.915993
81.996819  244.268448  75.359451
82.222771  243.768799  75.404396
82.464478  243.303085  75.402107
82.646339  242.845932  75.378708
82.788971  242.376007  75.227547
82.938866  241.847595  75.104980
83.158264  241.322952  75.100525
83.270409  240.480988  75.047844
83.291176  239.737152  74.976768
83.383873  238.972153  74.874016
83.469002  238.382034  74.810707
83.542946  237.911652  74.702393
83.566475  237.437698  74.586700
83.538620  236.751740  74.400650
83.510162  236.127350  74.224831
83.477745  235.542206  74.060135
83.478073  234.871506  73.889389
83.397285  234.207947  73.722572
83.326302  233.520096  73.501266
83.234154  232.636642  73.276436
83.074509  231.816086  73.033226
82.954811  230.912079  72.782867
82.818092  230.003510  72.485886
82.515221  228.926117  72.348686
82.162209  227.938980  72.235771
81.757530  227.079285  72.211250
81.362541  226.374817  72.213837
80.953308  225.411789  72.152496
80.524422  224.563934  72.063782
80.079826  223.863495  72.106216
79.544891  223.062347  72.223595
79.072601  222.410461  72.118721
78.589973  221.749313  71.948074
78.086655  221.124664  71.870247
77.535736  220.449265  71.837128
77.026390  219.878891  71.857147
76.407379  219.401947  72.119392
75.782906  218.810913  72.161743
75.142151  218.355972  72.329727
74.671326  217.963974  72.540680
74.000534  217.491669  72.976753
73.538628  217.145142  73.331261
73.134644  216.808365  73.631943
72.751152  216.566467  73.867592
72.192177  216.101776  74.482002
71.529778  215.691299  74.987175
71.095985  215.370941  75.274208
70.711891  215.004044  75.485786
70.260323  214.646255  75.680840
69.857880  214.411118  76.260513
69.317337  213.826401  76.664948
69.044731  213.506592  77.126907
68.834450  213.184998  77.327461
68.705231  212.954697  77.426491
68.588379  212.635406  77.544693
68.502838  212.376129  77.627075
68.460510  212.167938  77.701782
68.442421  211.976456  77.748856
68.472275  211.797943  77.748253
68.514290  211.606323  77.762932
68.608253  211.374512  77.792061
68.725212  211.161072  77.802063
68.900856  211.002121  77.799011
69.072433  210.943802  77.790184
69.346527  210.883606  77.760612
69.744980  210.830902  77.785812
70.317856  210.908585  77.950371
70.803497  210.965286  78.047760
71.300331  211.074188  78.126862
71.797974  211.136749  78.217064
72.316536  211.198898  78.296822
72.787857  211.270538  78.378326
73.270691  211.335510  78.442535
74.728340  211.791992  78.867081
75.106628  211.952164  78.964157
75.814537  212.272079  79.115562
76.502563  212.554489  79.212700
77.119034  212.768219  79.281296
77.701645  212.914200  79.296745
78.290146  213.120773  79.293587
78.914085  213.222031  79.257164
79.560608  213.346313  79.240036
80.207901  213.442001  79.234421
80.899529  213.556183  79.176170
81.614693  213.572037  79.143349
82.312065  213.612732  79.134331
82.952469  213.637894  79.090790
83.723518  213.705750  79.054863
84.503586  213.771515  79.034531
85.340904  213.904480  79.032127
86.063980  213.956558  79.057304
86.825066  213.694275  79.095367
87.484787  213.333664  79.285698
88.053932  213.227356  79.364960
88.690315  213.048599  79.450325
89.374413  212.613083  79.532555
89.912285  211.938141  79.654991
90.493645  211.461136  79.716324
91.039040  211.040039  79.829422
91.460358  210.442368  79.925125
91.913185  209.850372  79.972496
92.253418  209.151352  80.145226
92.484428  208.666168  80.044220
92.792778  208.204651  79.975227
93.143166  207.778076  79.955116
93.479279  207.344666  79.843079
93.821793  206.948822  79.761909
94.252815  206.555359  79.682007
94.613297  206.299469  79.605934
94.994041  206.105942  79.558952
95.407974  205.927856  79.531113
95.850037  205.783218  79.549911
96.289627  205.603149  79.587326
96.703682  205.405563  79.640083
97.492264  205.754364  80.205910
98.409798  206.263458  81.102020
99.070091  206.502472  81.639374
99.424934  206.647568  82.029030
99.717201  206.734161  82.418640
99.967392  206.782425  82.797134
100.173050  206.828094  83.089287
100.375381  206.849777  83.253555
100.585640  206.941483  83.404648
100.797783  207.068069  83.536530
101.050751  207.201904  83.666275
101.323868  207.377975  83.782043
101.689034  207.756378  83.859512
102.079437  208.164505  83.905182
102.509392  208.665298  83.875687
103.098198  209.476929  83.971916
103.584145  210.167450  84.098068
104.290054  211.204269  84.159203
104.879936  212.228821  84.172356
105.350304  213.200607  84.111984
105.855965  214.148849  84.006622
106.390869  215.086716  83.993454
106.805473  215.884583  83.985229
107.099594  216.484482  83.954636
107.455788  217.119736  83.931877
107.972649  218.084457  83.948715
108.309677  218.802353  83.929169
109.102531  220.633560  83.838097
109.597046  222.109100  83.604980
109.857414  223.049988  83.446899
110.014221  223.649872  83.296646
110.162155  224.104263  83.121246
110.560204  224.543732  82.754204
111.139191  225.862350  82.629608
111.384117  226.663681  82.581604
111.453514  227.277557  82.544167
111.559937  227.796387  82.394844
111.651222  228.233337  82.220497
111.706940  228.589798  82.104759
111.710587  228.880295  82.010689
111.725906  229.141068  81.946945
111.712128  229.373337  81.903709
111.718109  230.238480  81.922211
111.670570  230.747299  81.801483
111.680855  230.999069  81.720253
111.664474  231.158005  81.622269
111.633766  231.274536  81.555168
111.585320  231.358902  81.484154
111.505341  231.424896  81.379395
111.474274  231.330750  81.338959
111.441597  231.220062  81.292412
111.413582  231.074783  81.229607
111.377403  230.876160  81.140732
111.364159  230.610718  81.021263
111.316559  230.308655  80.890549
111.107521  229.701859  80.864113
110.832329  229.076645  80.834373
110.442360  228.040588  80.902000
110.216782  227.187744  81.181168
110.139000  226.387833  81.219215
109.894485  225.323486  81.379784
109.841408  224.330261  81.381271
109.746918  223.255707  81.126556
109.772629  222.355103  80.842415
109.552208  221.238586  80.593422
109.651520  220.023727  80.859390
109.608643  218.600571  80.699997
109.409096  217.044357  80.756088
109.645821  216.223846  81.377792
109.628815  214.954880  81.493881
109.415520  213.612244  81.801765
109.294678  212.516846  82.267189
108.975800  210.988098  82.555870
108.896538  209.916687  82.725830
108.855537  209.099518  82.720390
108.762108  208.349030  82.728737
108.580910  207.549484  82.606476
108.327209  206.493408  82.521141
108.210350  205.237396  82.929642
108.182388  204.304977  83.464920
108.091408  203.436035  83.991028
107.982323  202.564117  84.852371
107.763000  201.488678  85.677834
107.571114  200.434875  86.135323
106.610222  197.804550  87.332329
106.382599  197.275177  87.681160
106.205276  196.558578  87.946983
105.905617  195.942429  87.979446
105.657570  195.391663  87.961563
105.191101  194.608398  88.004875
104.671303  193.617416  87.912231
103.938065  192.241501  87.796028
103.160522  190.977676  87.861778
102.499367  189.908539  88.126884
101.935417  189.100037  88.446487
101.354782  188.252350  88.796478
100.883797  187.756516  88.976204
100.187065  187.130020  89.934982
99.637299  186.862671  90.659904
99.177742  186.630676  91.065636
99.935928  188.313461  92.816719
99.650955  189.362457  94.161377
99.114120  189.658356  95.047371
98.686279  190.347336  95.996582
97.750740  190.086884  95.903824
97.523567  190.393890  96.117493
97.210564  190.561493  96.181793
96.788216  190.972885  96.262291
96.256447  191.416977  96.299820
95.668213  192.016556  96.370483
96.148293  193.984146  97.269791
95.812347  194.361771  97.174416
95.345749  194.933807  97.082977
94.771812  195.572388  96.888588
94.555908  196.122910  96.853905
94.338417  196.580139  96.765831
94.189163  197.022171  96.525368
94.086418  197.296463  96.353096
94.025352  197.658615  96.098602
94.016907  197.975739  95.904610
94.140129  198.419052  95.614952
94.273651  198.967941  95.317352
94.508942  199.694397  94.826340
94.738022  200.338669  94.480072
95.132835  201.109055  94.205513
95.665497  201.978516  93.860619
96.475746  202.903046  93.576523
97.085960  203.719742  93.292213
97.868347  204.520203  93.023636
98.634430  205.261932  92.733551
99.282082  205.944748  92.435181
100.392258  207.096634  92.037971
101.451180  208.378143  91.129822
102.125458  208.837051  90.783684
102.630608  209.199005  90.511795
103.553177  210.084473  89.721100
104.318924  210.607025  89.326004
104.991119  210.998734  89.067078
105.789505  211.485657  88.656395
106.798241  212.176773  88.232674
107.567558  212.671158  87.939796
108.356026  213.122818  87.613647
109.235016  213.535324  87.444183
110.135979  214.058807  87.404999
110.976463  214.528427  87.369545
112.202797  215.356506  87.004395
113.340256  215.896622  86.665154
114.247108  216.494614  86.328819
115.692719  217.848480  86.195679
116.661972  218.747925  86.109001
117.563950  219.138565  86.037010
118.325569  219.461945  85.988319
118.971947  219.612793  85.939743
119.449554  219.730118  85.909409
119.891029  219.858322  85.867317
120.320114  219.973373  85.871559
120.827873  220.351486  85.809471
121.350616  220.654663  85.641525
121.906792  220.933380  85.512108
122.381004  221.244476  85.453819
122.755180  221.496231  85.403473
123.138435  221.773605  85.261429
123.504425  222.032639  85.217506
123.758591  222.236115  85.196594
123.940514  222.384689  85.183556
124.077652  222.500702  85.176613
124.213974  222.609558  85.182602
124.311493  222.734253  85.161827
124.512131  222.836899  85.072624
124.710724  222.929672  84.981323
124.950050  222.987381  84.832802
125.290504  223.427612  85.266724
125.445381  223.703461  85.582527
125.633888  223.845917  85.675301
125.704262  223.952499  85.754974
125.721107  224.064835  85.880096
125.738342  224.184540  85.979355
125.758408  224.247849  86.033386
125.733322  224.314484  86.048485
125.722237  224.356384  86.058289
125.686790  224.394791  86.028946
125.633255  224.421829  85.984711
125.590439  224.446060  85.950043
125.550667  224.473419  85.928307
125.557266  224.529114  85.992577
125.669357  225.049774  86.237061
125.698189  225.138000  86.377342
125.589592  225.356552  86.699471
125.490303  225.507263  87.001091
125.436188  225.552017  87.055656
125.313248  225.525482  87.159546
125.187256  225.523041  87.267159
125.091644  225.521591  87.292747
125.011208  225.520172  87.315971
124.897179  225.523117  87.340591
124.757332  225.510727  87.386475
124.628571  225.513626  87.431488
124.537895  225.525558  87.473137
124.448311  225.546204  87.496315
124.382828  225.567032  87.487762
124.236130  225.565704  87.543350
124.074020  225.516830  87.696053
123.937004  225.453094  87.849144
123.840706  225.421661  87.926064
123.761375  225.401672  87.988441
123.693184  225.392197  88.043831
123.647255  225.394302  88.069748
123.611977  225.413574  88.096428
123.586037  225.444870  88.103951
123.545174  225.478180  88.115318
123.520073  225.494354  88.113327
123.485489  225.513504  88.095032
123.449409  225.525940  88.071838
123.430603  225.525497  88.072487
123.251984  225.340881  88.165810
123.122009  225.182831  88.243935
123.043182  225.098679  88.291664
122.980499  225.044708  88.306740
122.895912  224.922226  88.377159
122.784492  224.843033  88.487114
122.724457  224.798599  88.541817
122.660248  224.786026  88.600334
122.594360  224.788132  88.670609
122.567123  224.784805  88.739311
122.540421  224.818115  88.809715
122.520706  224.850739  88.857452
122.554649  224.922668  88.861877
122.577957  224.991119  88.861870
122.603165  225.058075  88.877762
122.635460  225.111526  88.882607
122.684074  225.148926  88.842804
122.714928  225.208679  88.812828
122.720261  225.268784  88.832787
122.727478  225.342072  88.867905
122.736618  225.405441  88.898354
122.782585  225.507187  89.007370
122.808800  225.594315  89.133812
122.793892  225.702484  89.259987
122.785469  225.789017  89.354660
122.810875  225.857025  89.392418
