-103.887543   264.810425  -38.018570
-103.839752   264.943939  -38.040245
-103.814041   265.019226  -38.052170
-103.788490   265.090118  -38.064381
-103.768562   265.152039  -38.074913
-103.747955   265.218231  -38.086349
-103.731476   265.271851  -38.095497
-103.719376   265.316162  -38.102669
-103.701660   265.353027  -38.111328
-103.694054   265.363678  -38.116535
-103.688644   265.409668  -38.126411
-103.691483   265.399445  -38.132885
-103.694374   265.313110  -38.136967
-103.706482   265.200165  -38.141258
-103.714401   265.070923  -38.140839
-103.729790   264.966705  -38.136360
-103.757164   264.901398  -38.129562
-103.776161   264.829681  -38.122158
-103.825462   264.705994  -38.091682
-103.848846   264.601349  -38.067589
-103.880867   264.502045  -38.034924
-103.902527   264.422485  -38.007660
-103.922951   264.368805  -37.985958
-103.941734   264.292480  -37.961441
-103.966866   264.207275  -37.933018
-104.014893   264.117188  -37.904602
-104.037621   264.075714  -37.887005
-104.058922   264.048950  -37.871582
-104.080170   264.028778  -37.855442
-104.119484   263.995941  -37.823669
-104.141014   264.005768  -37.802582
-104.126236   264.038910  -37.783684
-104.120125   264.054932  -37.749035
-104.109535   264.072174  -37.712402
-104.109802   264.096130  -37.686577
-104.091995   264.183136  -37.689888
-104.077370   264.255402  -37.689201
-104.078545   264.272034  -37.670830
-104.099785   264.230560  -37.641186
-104.130074   264.171234  -37.613483
-104.147285   264.151276  -37.592934
-104.149971   264.166992  -37.581722
-104.155708   264.166626  -37.568890
-104.157211   264.182739  -37.565498
-104.144600   264.237885  -37.569832
-104.133514   264.302979  -37.575413
-104.124504   264.363037  -37.579578
-104.106125   264.430328  -37.587112
-104.091026   264.478821  -37.590916
-104.083595   264.514465  -37.591122
-104.081139   264.540100  -37.589523
-104.078613   264.545898  -37.583694
-104.074471   264.564789  -37.578381
-104.069199   264.597900  -37.574223
-104.067474   264.618011  -37.568283
-104.066879   264.639801  -37.562794
-104.062943   264.633240  -37.552639
-104.056969   264.601624  -37.535927
-104.051865   264.571075  -37.524509
-104.043358   264.570557  -37.517544
-104.038368   264.563904  -37.509998
-104.032990   264.572205  -37.506123
-104.020187   264.595123  -37.500389
-104.003624   264.602631  -37.491364
-103.987442   264.598358  -37.481297
-103.972008   264.587463  -37.471252
-103.965286   264.601105  -37.466919
-103.953278   264.606781  -37.462700
-103.937553   264.622070  -37.462566
-103.922356   264.630768  -37.462147
-103.900612   264.667542  -37.466633
-103.880821   264.677704  -37.479397
-103.865189   264.684479  -37.492729
-103.836884   264.673553  -37.518494
-103.790337   264.709808  -37.557320
-103.755997   264.802551  -37.582634
-103.725403   264.891296  -37.606701
-103.681351   264.977844  -37.637859
-103.630791   265.036896  -37.660404
-103.579117   265.104370  -37.684498
-103.532700   265.179047  -37.708527
-103.478493   265.224609  -37.741184
-103.422668   265.211609  -37.756935
-103.355728   265.184052  -37.768459
-103.272270   265.173615  -37.785412
-103.210518   265.181274  -37.795071
-103.158241   265.193115  -37.803967
-103.085716   265.168793  -37.819618
-103.030937   265.143188  -37.824039
-102.977722   265.143982  -37.831284
-102.907585   265.165131  -37.843319
-102.843430   265.166809  -37.849018
-102.796799   265.183807  -37.849987
-102.742561   265.179871  -37.844994
-102.664597   265.115845  -37.839222
-102.598778   265.062103  -37.833660
-102.539764   265.030914  -37.830742
-102.470695   264.962982  -37.824455
-102.403816   264.917664  -37.822617
-102.346420   264.826477  -37.816132
-102.280159   264.727051  -37.812298
-102.220573   264.654022  -37.810814
-102.178001   264.616974  -37.808270
-102.140930   264.582947  -37.803497
-102.079697   264.449829  -37.788490
-102.005653   264.236481  -37.749859
-101.967171   263.919586  -37.692299
-101.939835   263.733093  -37.582203
-101.927841   263.451263  -37.460777
-101.899529   262.903564  -37.285412
-101.891891   262.211639  -37.102642
-101.969261   261.505127  -36.860451
-102.013313   260.714294  -36.652851
-102.086243   259.947266  -36.417740
-102.123322   259.046448  -36.196346
-102.178589   258.173584  -35.964584
-102.229385   257.124756  -35.614979
-102.334282   256.104279  -35.270756
-102.432564   255.033371  -34.857178
-102.561005   253.930878  -34.373413
-102.775078   252.901794  -34.132145
-103.214859   249.361740  -32.893166
-103.309425   248.380630  -32.552246
-103.557487   246.690598  -31.820518
-103.684845   244.836517  -30.890207
-103.799141   243.042343  -30.167473
-104.006187   241.611115  -29.654882
-104.072685   239.933685  -28.854315
-104.169937   238.417770  -28.132404
-104.409256   236.682785  -27.192738
-104.423332   234.616989  -26.163637
-104.548988   232.788406  -25.385580
-104.652252   230.906662  -24.239717
-104.780777   229.148575  -23.237288
-104.720520   227.672348  -22.019562
-104.705849   225.771759  -20.813261
-104.799927   223.576294  -20.026558
-105.041641   221.690781  -19.056795
-105.296654   219.785873  -18.462433
-105.442009   217.864365  -17.621780
-105.481384   215.565338  -16.291126
-105.557190   213.536499  -15.163076
-105.710846   211.526886  -14.372112
-105.857826   209.509445  -13.079160
-105.928856   207.353531  -11.464030
-106.164497   205.307129  -10.260629
-106.276566   203.201706  -9.171853
-106.525276   201.298370  -8.185730
-106.642403   199.342712  -7.021863
-106.760132   197.406097  -5.916452
-106.631599   194.942810  -4.565136
-106.655075   192.703934  -3.725293
-106.721748   190.830505  -3.095363
-106.810822   188.254929  -1.912931
-106.923370   185.781784  -0.598577
-106.588196   183.154984  0.774108
-106.600403   180.722351  2.166362
-106.627571   178.853973  3.351152
-106.725845   176.942993  4.342578
-106.395775   174.699310  5.410930
-106.336960   172.694305  6.394309
-106.257759   170.998337  7.226604
-106.290474   169.243134  8.028779
-106.160019   167.610718  8.885049
-105.926422   166.001434  9.409575
-105.664032   164.477814  9.989872
-105.573151   163.339005  10.661039
-105.552498   162.234680  10.833227
-105.473412   161.230026  11.051886
-105.216850   160.086807  11.404318
-105.020180   159.236053  11.733216
-104.814690   158.723785  12.065017
-104.692947   158.325226  12.298861
-104.651321   158.082397  12.425959
-104.541519   157.765198  12.452634
-104.385559   157.481781  12.387379
-104.216385   157.200241  12.233644
-104.001930   156.913483  11.917467
-103.873627   157.040970  11.832532
-103.770302   157.229797  11.713101
-103.735207   157.544052  11.150621
-103.657082   158.073410  10.370088
-103.559296   158.952881  9.529331
-103.588669   159.981537  8.601960
-103.520180   161.587097  7.145149
-103.493134   162.777740  6.263329
-103.436409   164.119980  5.467830
-103.336426   165.651642  4.916533
-103.343643   166.973541  4.190965
-103.414413   168.638885  3.575318
-103.492874   170.228119  2.663266
-103.720688   172.082993  1.606859
-103.683548   173.541946  0.744122
-104.110008   176.051697  0.047244
-104.555466   178.809021  -1.063657
-104.546791   180.586868  -1.917349
-104.468468   182.081940  -3.328841
-104.566765   183.381760  -4.927115
-104.394379   185.412125  -6.678352
-104.116714   186.784164  -7.759124
-104.175262   188.757111  -7.938932
-104.204559   190.778046  -8.406521
-104.132210   192.695816  -9.042708
-104.046097   194.379425  -9.507838
-104.026726   196.788284  -10.133335
-103.813034   198.707977  -10.702420
-103.652565   200.459183  -11.650788
-103.218216   202.291397  -12.333927
-102.871590   203.769943  -13.190191
-102.481285   204.854370  -13.825331
-102.210785   206.389755  -14.457449
-101.943733   207.782120  -15.079693
-101.567070   209.073715  -15.589210
-101.162079   210.710739  -16.287447
-100.428436   212.248962  -16.790888
-99.478203   213.762131  -17.051989
-98.786415   214.781769  -17.428143
-98.261284   215.735580  -17.905457
-97.822327   216.406189  -18.367620
-97.357201   217.331528  -18.945984
-96.858650   218.160751  -19.432364
-96.332359   218.665848  -19.839384
-95.853394   219.104813  -20.268448
-95.340340   219.501785  -20.667269
-94.676102   219.852524  -21.001257
-94.061836   220.095917  -21.248619
-93.337494   220.517593  -21.357943
-92.639938   220.828323  -21.462652
-91.833618   220.899460  -21.655605
-90.835709   220.999893  -21.470613
-90.022720   221.160629  -21.403498
-89.304199   221.166290  -21.346193
-88.604141   221.101990  -21.283670
-87.808502   220.862473  -21.094913
-87.105110   220.674210  -20.996706
-86.246147   220.046570  -20.828665
-85.545090   219.492554  -20.654806
-85.033478   219.071564  -20.505753
-84.233131   218.648956  -20.129021
-83.682632   218.350662  -19.838842
-83.138748   218.089462  -19.359365
-82.601852   217.508499  -18.989626
-82.107498   216.828659  -18.623449
-81.657173   215.852661  -18.250198
-81.154839   214.720840  -17.726767
-80.875183   213.780701  -17.381220
-80.413651   210.454620  -15.292765
-80.263023   209.678482  -14.789662
-80.223953   208.588684  -14.058078
-80.125526   207.474915  -13.442273
-80.041733   206.315460  -12.634132
-79.967735   205.190048  -11.760234
-79.966202   203.986816  -10.853293
-80.035233   203.151215  -10.237211
-80.165970   202.153854  -9.680469
-80.278061   201.128189  -8.852963
-80.403152   200.170868  -8.236554
-80.544609   199.278046  -7.690250
-80.584152   198.542755  -7.102546
-80.633713   197.189850  -6.346136
-80.679802   196.008972  -5.734451
-80.718819   194.760330  -5.061191
-80.700340   193.534195  -4.418844
-80.791481   192.381729  -3.875565
-80.838020   191.096115  -3.232698
-80.959816   189.922638  -2.599618
-81.032074   188.484955  -1.889847
-81.044235   187.142319  -1.221667
-81.044800   185.995422  -0.645617
-81.090805   184.796783  0.101462
-80.937561   183.525635  0.840572
-80.790085   182.223846  1.554124
-80.601776   180.860840  2.344491
-80.381721   179.604752  3.051271
-80.145210   178.572159  3.581730
-79.906013   177.558594  4.034065
-79.606308   176.547424  4.483979
-79.292587   175.722382  4.846174
-78.946678   175.000427  5.141000
-78.374138   174.161926  5.484543
-77.837395   173.561050  5.650350
-77.122475   172.952042  5.789239
-76.395790   172.446426  5.836380
-75.600517   172.026428  5.824376
-74.757484   171.660599  5.883034
-73.407585   172.621887  6.087889
-72.462273   172.691528  5.870686
-71.870773   172.670593  5.743688
-71.155724   172.549271  5.294999
-70.265785   172.499374  4.766966
-69.119873   174.430298  4.734416
-68.413681   174.513367  4.131576
-67.448891   174.789017  3.271660
-66.485352   175.011200  2.322187
-65.657684   175.277481  1.458782
-64.914764   175.569626  0.694432
-64.194778   176.096252  -0.194050
-63.624039   176.465424  -0.808437
-63.041435   177.059174  -1.589796
-62.571747   177.676163  -2.266936
-62.070194   178.589600  -3.064198
-61.567963   180.768616  -3.638538
-61.113400   182.389618  -4.249447
-60.686840   183.631042  -5.123287
-60.402897   184.939087  -5.902284
-60.101574   186.234070  -6.584499
-60.068081   187.849014  -7.505417
-60.031525   189.160019  -8.245435
-59.761772   190.697784  -9.455441
-59.476803   192.181396  -10.485186
-59.260429   194.252167  -11.501144
-58.978054   196.082153  -12.383637
-58.816818   197.720520  -13.072546
-58.571175   199.547775  -14.002348
-58.367146   201.325607  -14.751072
-58.047428   202.936081  -15.362436
-57.944801   204.686234  -15.865213
-57.837685   206.057098  -16.343731
-57.654079   207.332413  -16.870039
-57.388416   208.947235  -17.308174
-57.151684   210.198608  -17.680178
-57.025192   211.240448  -18.010302
-56.975292   212.369537  -18.491497
-56.918064   213.387054  -18.900585
-56.816959   214.376434  -19.306879
-56.720467   215.204468  -19.548342
-56.645439   215.884918  -19.786596
-56.557758   216.524521  -20.046492
-56.499424   217.169235  -20.313738
-56.488300   217.667160  -20.526787
-56.472111   218.072205  -20.699711
-56.443092   218.468552  -20.843590
-56.417072   218.805466  -20.946072
-56.378483   219.081543  -20.984993
-56.352066   219.269104  -20.999126
-56.353310   219.407745  -20.988869
-56.378708   219.546844  -20.921545
-56.428787   219.641937  -20.843546
-56.507004   219.731171  -20.650242
-56.582203   219.731445  -20.466658
-56.697411   219.586731  -20.201685
-56.715809   219.322266  -19.664427
-56.881332   218.908936  -19.122593
-57.068565   218.480804  -18.678131
-57.212002   217.823837  -18.135885
-57.425735   216.963882  -17.356726
-57.641068   216.084274  -16.697710
-57.806454   215.163452  -16.088562
-58.031029   213.953354  -15.210096
-58.208149   212.940109  -14.538426
-58.548996   211.611649  -13.592489
-58.776463   209.831100  -12.418638
-59.035717   208.178253  -11.601300
-59.242386   206.413605  -10.793787
-59.512356   204.845398  -10.028055
-59.745602   203.264954  -9.116420
-59.898808   201.590805  -8.166945
-60.133774   200.056107  -7.387526
-60.364735   198.578720  -6.346596
-60.496525   197.069260  -5.539372
-60.694672   195.249634  -4.547830
-60.719349   193.481461  -3.543251
-60.804348   191.757858  -2.534649
-60.882698   190.059357  -1.681656
-60.914455   188.374359  -0.742919
-60.971149   186.634140  0.113771
-60.910706   184.472031  1.175758
-60.953911   182.745422  1.944519
-60.875145   181.139084  2.923724
-60.765400   179.693436  3.493412
-60.728615   178.375381  4.072674
-60.413216   175.176987  5.560095
-60.241264   174.292267  5.958352
-59.965351   173.066940  6.742276
-59.718475   171.921829  7.396466
-59.257656   170.588104  8.180112
-58.940987   169.499023  8.787989
-58.609638   168.547699  9.357511
-58.301071   167.738541  9.820446
-57.969242   166.948532  10.264268
-57.523182   166.291275  10.643769
-57.120007   165.804688  10.845280
-56.656277   165.274460  10.890728
-56.171692   164.972595  10.941054
-55.501293   164.836838  10.869567
-54.598835   164.693283  10.681575
-53.681801   164.771698  10.390843
-52.628616   164.876053  9.963545
-51.387936   165.157913  9.467729
-49.893860   165.818817  8.869338
-48.598515   166.583496  8.194014
-47.504269   167.323425  7.513072
-46.209957   169.707474  6.694793
-45.055420   171.398224  5.781071
-43.935162   173.513504  4.545681
-42.203796   175.832657  3.205317
-41.214157   177.354019  2.068405
-40.402809   179.060272  0.824950
-39.537651   180.616150  -0.435853
-38.667561   182.787399  -1.541760
-37.984291   184.804947  -2.618145
-37.241997   186.393127  -3.763383
-36.493744   187.767639  -4.851602
-35.556450   190.999130  -6.485351
-34.442921   193.404938  -8.081918
-33.604019   195.142960  -9.168008
-32.773193   196.968674  -10.305429
-31.891331   199.243576  -11.879469
-30.945580   201.715408  -13.091125
-30.045874   204.160507  -14.269241
-29.227556   206.626694  -15.648254
-28.365536   209.829666  -16.860443
-27.563982   212.001358  -17.715170
-26.880426   214.115829  -18.771009
-26.142246   216.292480  -19.905170
-25.202141   218.643219  -21.121159
-24.526278   221.335663  -22.516771
-23.855387   223.317947  -23.543861
-23.254366   225.191589  -24.581696
-22.691628   227.033569  -25.621218
-22.028725   228.549973  -26.266058
-21.318558   230.578430  -27.000174
-20.701582   232.640274  -27.813892
-20.021675   234.816864  -28.277348
-19.568897   236.540680  -28.688126
-19.138752   238.181824  -29.153122
-18.589035   239.826508  -29.868248
-18.169689   241.032913  -30.406881
-17.870525   241.964890  -30.789234
-17.596405   243.026688  -31.203432
-17.372181   244.034470  -31.601757
-17.252079   245.078506  -31.990240
-17.074251   246.042816  -32.303719
-16.923134   246.850647  -32.557201
-16.882307   247.564011  -32.779633
-16.795675   248.191711  -32.972675
-16.738110   248.760757  -33.126789
-16.688692   249.217361  -33.245384
-16.644886   249.653000  -33.344730
-16.602383   249.870026  -33.355492
-16.605843   250.178452  -33.397099
-16.651350   250.342667  -33.411186
-16.724644   250.451538  -33.411167
-16.852814   250.448822  -33.415714
-17.044655   250.361298  -33.410149
-17.397997   249.974411  -33.067341
-17.796831   249.548767  -32.768944
-18.125656   248.977097  -32.492413
-18.520405   248.428589  -32.184311
-19.033468   247.397476  -31.584339
-19.592779   245.726303  -30.529432
-20.155931   244.289398  -29.669270
-20.771914   242.783997  -28.983194
-21.302788   241.629135  -28.558195
-21.962845   240.138367  -28.009119
-22.618313   238.459274  -27.462128
-23.265900   236.665237  -26.718206
-23.840565   234.562241  -25.553265
-24.488115   232.866501  -24.504456
-25.082539   230.874908  -23.207550
-25.703697   228.761703  -21.833740
-26.180172   226.633743  -21.016127
-26.783789   224.334900  -19.933790
-27.390293   221.877640  -18.834108
-27.996981   219.265930  -17.632145
-28.529232   217.444809  -16.911119
-29.054111   215.159729  -15.756649
-29.843845   212.799088  -15.112444
-30.488197   210.739334  -14.131261
-30.961533   208.611572  -13.101766
-31.482336   206.487228  -12.224401
-31.938961   204.983017  -11.470098
-32.515041   202.856857  -10.532201
-32.924625   201.018417  -9.710678
-33.403519   198.894455  -8.781614
-33.669628   197.108124  -7.511673
-34.021660   195.262955  -6.271054
-34.205849   193.683884  -5.181865
-34.579998   192.028458  -3.677015
-34.799072   190.450165  -2.852012
-35.311508   188.648605  -2.078345
-35.849220   187.423264  -0.793648
-36.078060   185.834839  0.459539
-36.511452   184.060379  1.270954
-36.747112   182.645218  2.068671
-37.186947   181.025040  2.602573
-37.371799   179.518768  3.444909
-37.622971   178.166046  4.139382
-37.861698   176.525528  5.095416
-38.100906   175.131714  5.949925
-38.251522   174.196335  6.518576
-38.257057   173.246216  7.048956
-38.092831   171.853455  7.792283
-38.014317   171.076782  8.085979
-37.774830   169.676071  9.059243
-37.651340   168.271927  9.656175
-36.431305   165.286575  10.946371
-36.012398   164.458099  11.417690
-35.375950   163.308517  12.115859
-34.884483   162.562668  12.640663
-33.878166   161.476440  13.304427
-33.012901   160.711166  13.856766
-32.245415   160.183212  14.247519
-31.545090   159.715485  14.498695
-30.718386   159.244141  14.733118
-29.907963   158.872086  14.860583
-29.052782   158.577423  14.908685
-28.096010   158.497589  14.872915
-26.997671   158.419998  14.766371
-25.932320   158.369202  14.618801
-24.837214   158.464233  14.430757
-23.614138   158.632919  14.143682
-22.437765   158.775726  13.766955
-21.320837   159.159576  13.283801
-20.331347   159.799698  12.880033
-19.270388   160.508881  12.282973
-18.103416   161.194443  11.476383
-17.015972   161.926971  10.756576
-15.830460   162.489197  9.908717
-14.561425   163.210175  8.905725
-12.969584   164.628937  7.730196
-11.798754   165.833923  6.473144
-10.816018   166.674484  5.637409
-9.645405   167.777451  4.702217
-8.845966   168.662201  3.812058
-8.151103   170.761810  3.122495
-7.715876   171.918137  2.716480
-7.332079   172.948212  2.232719
-6.895527   174.695450  1.622339
-6.413798   176.173676  0.934932
-6.155235   177.492401  0.192484
-5.754808   178.796783  -0.684558
-5.389585   180.562393  -1.368964
-5.184086   182.094940  -1.862626
-5.059064   183.472000  -2.517442
-5.019338   184.877502  -3.392804
-5.035306   186.179062  -4.253529
-5.027915   187.818130  -5.273692
-5.058888   189.160507  -6.126634
-5.040690   190.402802  -6.957673
-5.109185   191.864914  -7.867903
-5.318520   193.413010  -8.746182
-5.685635   195.048615  -9.851021
-6.145417   196.749725  -10.866121
-6.493270   198.093597  -11.675705
-6.757942   199.088715  -12.223248
-7.343258   199.990936  -12.665223
-7.864922   201.100311  -13.050622
-8.677121   201.943375  -13.377998
-9.195425   202.551208  -13.616852
-9.922443   203.114105  -13.818635
-10.650355   203.734619  -13.942453
-11.532306   204.234665  -14.023220
-12.508964   204.663025  -14.093170
-13.488378   204.983673  -14.247070
-14.663401   205.271515  -14.325149
-15.905397   205.594040  -13.766472
-17.054018   205.799530  -13.400463
-18.146574   206.040817  -13.009184
-19.244740   206.098129  -12.158337
-20.252071   206.108429  -11.575174
-21.266312   205.867599  -10.839469
-22.111635   205.598434  -10.274638
-22.977468   205.168716  -9.739216
-23.908358   204.611755  -8.987381
-24.714964   203.893494  -8.372033
-25.390490   203.112579  -7.849586
-26.163900   202.259079  -7.340353
-26.993864   201.239243  -6.679874
-27.679661   200.007080  -5.800345
-28.322964   198.993637  -4.950295
-28.869606   197.893143  -3.882034
-29.362164   196.744827  -2.840479
-29.457657   195.394012  -1.623911
-29.816414   194.211807  -0.722125
-30.029097   193.016983  0.197382
-30.317986   191.797897  1.115734
-30.430197   190.138138  1.828613
-30.425707   188.558289  2.536832
-30.314377   186.708282  3.563521
-30.338966   185.500092  4.379399
-30.348751   184.170731  4.980115
-30.115705   182.920273  5.893217
-29.636538   181.542328  6.949230
-29.087181   179.866882  8.080716
-28.739855   178.338165  8.790209
-28.232992   176.851089  9.617886
-27.666271   175.465759  10.364765
-27.151045   174.150085  10.909780
-26.528969   172.728302  11.604699
-25.797724   170.780426  12.330877
-25.063461   168.673355  12.768867
-24.207649   167.740814  13.618593
-23.386173   166.392166  14.130527
-22.774269   165.551498  14.923527
-22.019743   164.864410  15.610320
-21.286779   164.217514  16.073370
-20.267233   163.324387  16.591934
-19.078089   161.908066  17.107580
-17.855291   160.640030  17.507982
-16.924625   159.476929  17.759089
-15.814013   158.493652  17.930946
-14.923529   157.681702  17.960688
-14.090680   157.157578  17.851542
-12.989663   156.246918  17.643047
-11.847942   155.514053  17.404043
-10.947480   154.843536  17.182240
-9.887222   154.112030  16.808893
-8.581715   154.048615  16.399416
-7.518509   154.101196  15.994618
-6.641650   154.280762  15.612597
-5.672581   154.538589  15.201745
-4.596581   154.733978  14.715030
-3.291397   155.135941  14.238086
-2.167950   155.571976  13.654888
-1.107186   156.045731  13.048429
0.011831   156.654770  12.319446
0.959251   157.332779  11.610124
2.242641   157.864105  10.919504
3.087579   158.778442  10.268127
3.751367   160.482010  9.534352
5.284002   165.563507  7.747062
5.691993   166.420929  7.198706
6.257136   166.961273  6.203806
6.848532   167.587097  5.355684
7.236388   168.844955  4.378335
7.789801   169.949722  3.428873
8.223398   171.182068  2.240726
9.018169   172.382828  0.875426
9.768749   173.700729  -0.334991
10.089980   174.675735  -1.081434
10.692872   176.279114  -1.887781
11.128278   177.709015  -2.616689
11.347305   178.677643  -3.082163
11.534421   179.914032  -3.615638
11.420040   181.216080  -4.123094
11.722949   182.917938  -4.467767
11.789446   184.546234  -4.806933
11.727346   185.370621  -5.063755
11.482042   186.512863  -5.414113
11.106780   187.939529  -5.841540
10.723002   188.965637  -6.172351
10.409264   189.648911  -6.326993
10.022539   190.392303  -6.543275
9.515266   191.031815  -6.940678
8.997498   191.714828  -7.244694
7.992535   192.242691  -7.754975
7.327643   192.666519  -8.130185
6.431206   193.335068  -8.604386
5.584821   193.800705  -8.783429
4.809634   194.250153  -8.870968
3.844268   194.536438  -8.870214
2.968863   194.734863  -8.844699
2.139610   194.863617  -8.789815
1.281213   194.916550  -8.552428
0.310583   194.827240  -8.217411
-0.568634   194.575485  -7.886881
-1.585517   194.080566  -7.246379
-2.430387   193.485489  -6.641036
-3.324458   192.919388  -5.253277
-4.092345   192.383270  -4.301755
-4.655470   191.883545  -3.675859
-4.953849   191.437027  -3.234540
-5.098979   190.966934  -2.873618
-5.183642   190.480682  -2.550236
-5.448073   189.826660  -2.031837
-5.076237   190.666580  -0.893680
-4.857296   190.643509  0.312186
-4.735830   189.781479  0.437458
-4.295078   188.477341  0.495829
-3.675368   187.305359  0.583628
-3.139791   186.626221  0.722417
-2.344407   185.787140  0.808039
-1.197666   184.583252  1.025811
-0.017272   183.191467  1.381842
2.805195   183.551224  2.816132
4.957175   183.611969  3.878557
6.568041   182.708267  4.439091
7.672923   182.054230  4.636971
8.590624   181.032974  4.782135
9.687369   179.912003  4.913188
10.899973   178.642181  5.166095
12.207806   177.460266  5.469966
13.668632   175.766617  6.175200
14.746290   174.589157  7.290676
15.344728   173.868347  7.925591
16.667772   173.126297  8.751033
17.721249   172.497894  9.497667
18.834246   171.665192  10.140057
19.792318   170.725937  10.822862
20.740206   169.747726  11.493382
21.449387   168.658615  12.184601
22.068781   167.568802  12.982080
22.702461   166.411758  13.722287
23.066893   165.088379  14.172479
23.154049   163.625076  14.720070
23.063202   162.307999  15.468642
22.927986   160.942780  16.059647
22.631002   159.631989  16.671574
21.785753   158.449478  18.028267
20.533283   157.078720  19.328329
19.073174   156.816788  20.467897
17.609760   155.799225  20.866844
16.554132   155.015991  21.174446
15.375000   154.188843  21.582954
13.980501   153.359360  22.000982
12.359159   152.500458  22.521431
10.714586   151.699432  22.954359
9.145550   151.202835  23.360415
7.592383   150.875229  23.513565
5.988554   150.680832  23.549477
4.575075   151.091934  23.664808
3.856184   148.718246  21.191767
3.206569   147.660385  19.795208
2.403136   147.475677  18.775349
1.436275   147.773270  18.360367
0.497323   148.922440  18.300720
-0.352079   150.039078  18.214708
-1.348685   151.561386  18.131037
-2.431958   152.885361  17.997869
-3.084268   154.040222  17.747459
-3.802481   155.068634  17.269148
-4.329653   155.954971  16.833189
-4.714752   156.928558  16.303417
-4.499177   158.615356  15.226245
-4.399984   159.977219  14.569104
-4.381999   160.888794  14.102818
-4.362191   161.664673  13.669478
-4.063112   162.947006  12.960485
-3.330684   163.998001  12.428264
-2.883639   166.071045  11.616370
-2.267494   167.971924  10.397038
-0.903906   169.390564  9.591747
1.574214   170.962387  8.394897
3.259672   171.919067  7.778433
4.958158   172.533981  7.481216
6.387953   174.685349  6.893184
7.927341   175.461914  6.253690
9.295609   176.534103  6.423734
10.052860   177.303833  6.344590
10.863223   177.596802  6.545607
12.504300   177.420395  5.796548
14.127098   177.443970  5.033624
15.886180   177.036148  3.967416
17.308865   176.840240  2.934005
18.740589   176.410965  2.092046
22.642878   180.046844  0.264184
23.997366   180.483734  -0.367959
25.745340   180.965179  -1.233113
27.112669   182.016983  -2.094687
27.860403   182.791260  -2.648952
28.869881   183.800247  -3.437229
29.732540   184.947128  -4.035973
30.410490   185.783508  -4.480605
31.226660   186.662811  -4.886281
31.736588   188.015732  -5.854052
32.148899   189.524185  -6.767949
32.599266   190.786758  -7.344923
33.334354   192.585922  -8.475739
34.095161   194.963181  -9.919680
34.651337   196.926117  -11.334365
35.163887   198.446274  -12.472145
35.631813   200.332626  -13.710578
35.880520   201.625290  -14.603283
36.289135   203.661041  -15.835145
36.493305   205.596542  -16.696627
36.912991   207.924591  -17.156252
37.231327   210.220093  -17.845819
37.402256   211.903732  -18.437546
37.351795   213.803055  -19.317856
37.723785   216.279053  -20.030922
38.048073   218.309784  -20.641041
38.305672   220.541870  -21.354799
38.533764   222.518021  -21.794611
38.946629   224.511047  -22.231396
39.355633   226.800232  -22.657438
39.703484   228.462112  -22.947311
40.099400   230.213058  -23.360172
40.527035   232.474197  -23.655869
40.827736   234.199234  -23.922728
41.129623   235.828278  -24.106377
41.299072   237.344498  -24.268311
41.437653   238.445007  -24.461733
41.547340   239.469452  -24.640535
41.603481   240.403656  -24.779514
41.696869   241.214050  -24.903282
41.832344   242.098450  -25.001614
41.971764   242.949203  -25.096384
42.035221   243.560486  -25.141510
42.082321   243.928513  -25.167063
42.099064   244.241409  -25.180172
42.068417   244.538010  -25.063015
42.058693   244.799042  -24.961815
42.082989   245.007278  -24.885401
42.106194   245.128891  -24.759939
42.127594   245.091888  -24.573084
42.120720   244.656113  -24.311012
42.055443   243.924713  -23.959885
41.976658   242.857468  -23.558857
41.691425   240.888321  -22.875191
41.413731   238.877029  -22.156519
41.102684   236.508469  -21.307625
40.964279   234.452896  -20.583628
40.731380   231.902679  -19.538046
40.491760   228.844208  -18.508247
40.394184   226.124573  -17.485003
40.192863   223.261734  -16.775122
39.857697   220.043976  -16.240246
39.774094   217.145111  -15.571305
39.413681   213.407028  -14.459669
39.349583   209.835571  -13.351609
39.434105   205.903717  -11.797973
39.488613   201.459717  -10.657314
39.340973   197.575912  -8.493342
39.423584   194.720978  -6.781186
39.649277   192.579590  -5.347922
39.638458   189.309311  -3.402255
39.727386   186.538940  -1.854794
40.023113   183.523026  -0.407148
40.376591   181.042084  0.777959
40.153645   177.216980  2.665888
40.026478   172.979553  4.692806
39.796814   168.435684  6.266188
39.331459   164.231110  7.884459
39.297119   159.637878  9.393362
39.382248   156.804581  10.646442
38.534332   153.135864  12.375979
38.204865   150.214996  14.353221
37.757404   147.676620  15.993289
37.145576   145.451111  17.602869
36.832813   143.070572  18.974712
36.222633   141.723572  20.617563
34.969006   139.711777  22.276993
34.472073   138.039948  22.861023
34.556435   136.823700  23.462469
34.392342   135.552719  24.358273
34.278366   134.729874  24.863970
33.955429   133.906006  25.626534
33.529655   133.236801  26.181044
33.466778   132.477020  26.535460
33.189915   131.723999  26.952698
33.019611   131.208908  27.239527
32.934978   130.702362  27.445183
32.962585   130.192490  27.614052
33.032330   129.821640  27.717005
33.056110   129.660629  27.739065
33.076748   129.629532  27.674126
32.881317   129.804764  27.621838
33.010612   129.986877  27.413090
32.988663   130.786942  27.100525
33.315109   131.161682  26.220865
33.158726   132.156418  25.494017
32.044888   133.595596  24.716379
32.614418   135.475510  23.226347
32.818920   137.046097  22.601671
33.709267   138.573288  20.923782
34.238487   139.924210  19.696449
34.824043   141.759308  18.147047
35.369411   145.052597  17.140808
36.538914   147.650009  15.569872
37.229870   149.879639  14.299355
37.541424   151.247147  13.137004
37.968349   152.245789  12.081861
39.288132   152.903839  10.498821
40.163475   154.045471  9.234744
41.434441   155.387390  7.559936
42.069847   157.029510  6.543764
42.204704   158.601593  5.722102
43.052509   160.612030  4.647752
43.154583   166.001373  4.212352
44.629955   169.548325  3.203457
47.090004   174.021149  1.157656
47.691837   174.970520  0.857011
48.159111   175.823837  0.618363
48.915726   177.267303  -0.225334
49.639973   178.464813  -0.712512
50.303448   179.370941  -1.041938
50.924828   180.150955  -1.384231
51.576405   180.951920  -1.682496
51.988701   181.527481  -1.907039
52.875355   182.212479  -2.384394
54.252602   183.391754  -2.899247
55.347778   184.137115  -3.215577
56.242191   184.832703  -3.290897
57.914333   186.622498  -2.916376
58.952160   187.435959  -2.878101
59.928524   187.846741  -2.833196
60.752464   187.988388  -2.733819
61.333878   188.064133  -2.724854
61.910408   187.892563  -2.668365
62.505585   187.575943  -2.527620
63.233955   187.450562  -2.062297
63.796486   186.939499  -1.753089
64.709854   186.320465  -1.079172
65.475281   185.262817  -0.365434
66.188759   184.135986  0.275262
66.611473   182.541336  1.040012
67.258247   181.061981  2.107780
67.777267   179.139328  3.096298
68.180756   176.745682  4.203471
68.539711   174.259644  5.518893
68.847488   172.051895  6.569645
69.165733   169.860031  7.532496
69.330330   167.035904  8.679992
69.700661   162.892487  9.758753
70.421120   159.886658  10.915549
70.564774   157.031754  12.098363
71.081833   154.874725  13.336208
71.831696   152.217316  14.850471
72.556137   149.978210  16.263803
73.504311   147.951752  17.744659
74.447723   147.543198  20.128689
74.978783   145.028168  21.797443
75.583801   144.010483  23.415575
76.290611   142.405930  24.261078
77.091095   141.298187  25.016804
77.836540   139.891953  25.463295
79.043732   140.163757  26.475380
80.129547   139.732864  26.559923
81.287376   139.120468  26.475063
82.676537   138.396729  26.050339
84.105919   137.750595  25.574173
85.225090   137.377792  25.241167
86.639084   136.800537  24.646004
88.017639   136.618195  23.974167
89.018578   136.961777  23.476568
89.956619   137.625061  22.752142
91.009094   138.585403  21.666069
91.901268   139.700302  20.593836
93.320770   141.324463  19.085953
94.424278   142.991394  17.682941
95.438248   145.098511  16.059031
96.575134   147.608978  14.462252
97.217216   149.811630  13.111535
98.285347   153.286102  11.602992
99.251549   156.804169  10.103622
99.852165   159.955917  8.900330
100.172722   162.797943  7.708097
100.479179   166.286789  6.642301
100.592636   169.344131  5.682223
100.715034   172.146637  4.873237
100.743362   174.738480  4.022511
100.591080   176.946030  3.251866
100.525772   179.266495  2.515343
100.593658   181.833786  1.804623
100.459915   183.982819  1.057105
100.409470   186.242996  0.536632
100.170303   188.111557  0.075041
99.878281   189.797714  -0.325023
99.523064   191.052643  -0.660874
99.370888   192.742264  -0.752884
99.062340   193.984818  -0.879476
98.739830   195.127121  -0.955011
98.451744   196.023087  -1.013529
98.186455   196.698242  -1.069656
97.971085   197.328812  -1.130553
97.712852   197.784821  -1.208149
97.517525   198.156693  -1.280221
97.329811   198.463318  -1.327433
97.154526   198.728729  -1.348066
96.992470   198.988907  -1.304232
96.826012   199.185165  -1.204240
96.669556   199.333328  -1.090083
96.463852   199.355957  -0.966023
96.294380   199.325653  -0.850441
96.131424   199.210815  -0.747724
95.954750   199.001877  -0.606377
95.720879   198.695633  -0.331772
95.526993   198.337128  -0.051990
95.344971   197.894485  0.180787
95.200386   197.355194  0.627688
95.060486   196.861694  0.951079
94.936264   196.355347  1.239927
94.817490   195.743469  1.580138
94.685692   195.059174  1.959075
94.596581   194.348114  2.315806
94.528069   193.740067  2.593221
94.396217   192.972290  3.098929
94.383179   192.320740  3.457739
94.279976   191.757477  3.668171
94.235565   191.293243  3.826485
94.234688   190.656723  3.954363
94.234924   190.054596  4.083739
94.247589   189.477982  4.237153
94.279762   188.847229  4.402727
94.316826   188.279404  4.578636
94.334541   187.624329  4.739763
94.368950   187.114716  4.892170
94.406952   186.721542  5.004297
94.449066   186.403534  5.088584
94.480301   186.130722  5.158943
94.536613   185.869019  5.221169
94.582832   185.643539  5.275500
94.620399   185.441391  5.333260
94.660538   185.245255  5.402824
94.716759   185.088547  5.487263
94.857918   184.819656  5.599657
94.895493   184.734741  5.633939
94.967903   184.565338  5.698923
95.025200   184.403824  5.757744
95.085190   184.228104  5.815222
95.130280   184.078690  5.872574
95.189453   183.917694  5.918713
95.248184   183.783508  5.940989
95.309769   183.681122  5.945550
95.366905   183.588440  5.960346
95.454193   183.502975  5.984256
95.541130   183.422714  6.007376
95.602982   183.380341  6.037630
95.674232   183.341217  6.060382
95.740112   183.302917  6.078206
95.814095   183.259979  6.099936
95.925018   183.094818  5.974461
96.048454   182.934540  5.867190
96.207466   182.756897  5.713125
96.330208   182.618515  5.594579
96.425377   182.516449  5.509730
96.499382   182.434875  5.445230
96.566345   182.358246  5.389661
96.636887   182.306854  5.348614
96.730942   182.279922  5.306505
96.816551   182.256348  5.273439
96.860718   182.245178  5.257346
96.903725   182.236954  5.234975
96.944817   182.226318  5.213569
96.981827   182.210480  5.189956
97.002243   182.180222  5.155390
97.026413   182.145966  5.129700
97.039146   182.113220  5.112859
97.064941   182.073212  5.111418
97.079430   182.035599  5.117043
97.104332   182.004105  5.119423
97.131424   181.970291  5.052814
97.142090   181.939636  5.009632
97.155273   181.912247  4.976633
97.167549   181.886993  4.950693
97.170906   181.862610  4.975861
97.173599   181.829803  4.998240
