-44.507648  109.159531  0.160057
-44.508015  109.158646  0.156743
-44.507236  109.157219  0.151286
-44.507977  109.156242  0.149676
-44.509094  109.154938  0.148061
-44.508694  109.152924  0.142814
-44.509132  109.150970  0.139290
-44.508984  109.148186  0.134339
-44.509640  109.146400  0.132192
-44.511040  109.144981  0.131329
-44.511715  109.143585  0.130126
-44.511616  109.141479  0.128446
-44.512360  109.140434  0.127979
-44.513119  109.139587  0.127614
-44.513245  109.138275  0.126884
-44.522911  109.135124  0.129708
-44.530331  109.132980  0.131387
-44.540905  109.130348  0.134462
-44.548943  109.128418  0.135928
-44.560383  109.125710  0.137726
-44.567501  109.124443  0.138322
-44.576508  109.121788  0.139528
-44.581779  109.118874  0.138151
-44.585953  109.114685  0.134378
-44.589035  109.109238  0.130668
-44.590775  109.102531  0.125908
-44.592365  109.096252  0.120809
-44.592781  109.089432  0.115351
-44.592964  109.083557  0.109849
-44.594105  109.078728  0.106072
-44.597401  109.074257  0.103615
-44.601200  109.068657  0.102850
-44.609444  109.061348  0.103573
-44.617058  109.051491  0.101975
-44.625736  109.036194  0.096845
-44.639523  109.013237  0.090066
-44.657021  108.990219  0.089006
-44.668011  108.968536  0.082986
-44.675690  108.945366  0.072308
-44.672626  108.917030  0.041571
-44.666508  108.886726  0.008798
-44.665810  108.854607  -0.021790
-44.667717  108.825302  -0.048495
-44.669445  108.790970  -0.080731
-44.674984  108.759506  -0.106115
-44.681278  108.731041  -0.124711
-44.691471  108.706833  -0.134976
-44.703457  108.685150  -0.141299
-44.714394  108.664070  -0.148657
-44.720158  108.636292  -0.166035
-44.725777  108.611847  -0.177939
-44.727497  108.583641  -0.196515
-44.737427  108.557022  -0.204338
-44.741611  108.536301  -0.215679
-44.746883  108.515732  -0.223771
-44.751770  108.500877  -0.225399
-44.752575  108.489571  -0.220421
-44.741829  108.477776  -0.212952
-44.720562  108.464714  -0.206622
-44.684750  108.449684  -0.196774
-44.621876  108.433739  -0.187416
-44.500637  108.421074  -0.183818
-44.324707  108.417038  -0.180768
-44.086311  108.426888  -0.200264
-43.768654  108.474892  -0.225831
-43.355469  108.578072  -0.282460
-42.607288  108.976204  -0.421090
-41.683376  109.475082  -0.580455
-40.654404  110.214462  -0.759246
-39.526283  111.204475  -0.997851
-38.527279  112.206795  -1.126675
-37.697968  113.129059  -1.003880
-37.003670  114.201492  -0.657282
-36.358810  115.843239  -0.426205
-36.049534  118.525398  -0.369606
-36.062084  120.389877  0.378922
-36.149147  121.588631  1.092778
-36.473190  122.685577  1.822882
-36.833462  123.395126  2.334430
-37.490330  124.238007  2.913284
-38.040180  124.912186  3.641713
-38.454361  125.448196  4.246745
-40.130142  126.030449  5.130337
-41.812901  126.580780  6.165201
-47.371006  126.861694  7.538611
-48.707745  126.858826  7.949297
-50.614407  126.730629  8.071256
-51.997124  126.627419  8.257849
-53.380314  126.407906  8.719646
-54.774651  126.170074  9.080406
-56.085400  126.369232  9.654515
-56.931442  126.290222  10.001796
-57.700947  125.672081  9.767470
-58.262127  124.520897  9.189713
-58.816017  123.119995  8.420436
-59.226791  121.666550  7.640737
-59.476631  120.434090  7.048492
-59.589138  119.489586  6.552457
-59.510464  118.692696  6.093460
-59.192924  118.129082  5.796402
-58.757374  117.704239  5.516779
-58.061661  117.470200  5.177200
-56.745419  117.356506  4.925353
-55.243015  117.341782  4.839396
-53.496048  117.450127  5.010468
-52.042721  117.752808  5.234837
-50.564545  118.288391  5.452413
-49.142731  118.940811  5.630781
-47.654629  120.041924  5.944570
-45.736816  121.245872  6.231278
-44.121311  122.298752  6.549119
-42.856068  123.197258  6.911575
-41.898514  123.902573  7.259854
-41.041916  124.568161  7.517618
-40.391743  125.101669  7.687967
-39.887718  125.584702  7.960840
-39.589199  125.969856  8.321602
-39.402508  126.244041  8.691993
-39.300774  126.428925  8.993951
-39.288525  126.509789  9.211149
-39.329422  126.487534  9.260752
-39.404785  126.425064  9.268678
-39.480038  126.305496  9.152893
-39.552040  126.080650  8.897478
-39.637985  125.632355  8.518642
-39.674446  125.091026  8.030971
-39.669876  124.307365  7.329863
-39.567062  123.443459  6.662112
-39.375912  122.633324  6.106694
-39.093922  121.968529  5.512286
-38.792480  121.465927  5.149141
-38.149242  120.895348  4.795102
-37.223431  120.384361  4.506914
-36.084686  119.889725  4.265586
-34.835640  119.480171  4.040508
-33.374283  119.178505  3.869023
-31.638515  118.947151  3.670491
-29.779112  118.677681  3.241335
-27.824614  118.583763  2.948622
-25.900032  118.631172  2.864029
-23.935478  118.707176  2.610831
-22.112494  118.872101  2.510539
-20.512112  119.087631  2.513467
-19.153345  119.349808  2.548353
-17.833290  119.756294  2.635899
-16.635057  120.148697  2.715943
-15.629799  120.503563  2.755519
-14.925035  120.766151  2.795932
-14.335736  120.990143  2.795762
-13.843892  121.187531  2.752472
-13.505424  121.352058  2.721533
-13.269284  121.480522  2.704337
-13.121060  121.568642  2.681828
-12.987686  121.527237  2.617585
-12.897519  121.469872  2.566324
-12.838316  121.337700  2.530982
-12.882598  121.370216  2.654223
-12.965810  121.342384  2.705250
-13.064217  121.254616  2.690543
-13.151778  121.160805  2.675239
-13.198626  121.079994  2.616632
-13.277807  120.734871  2.444565
-13.361144  120.406265  2.354326
-13.431391  120.380486  2.429452
-13.487474  120.374680  2.498624
-13.522339  120.382088  2.549769
-13.550449  120.407715  2.622015
-13.443064  120.702560  3.010931
-13.243120  121.113083  3.444884
-12.955556  121.599884  4.009826
-12.416178  122.415192  4.801444
-11.905040  123.244110  5.686411
-11.314453  124.507584  7.241793
-10.939653  125.850700  9.192360
-10.655192  126.990730  10.649874
-10.487095  127.998024  12.031497
-10.339752  128.935867  13.372653
-10.312642  130.137650  14.597392
-10.514080  131.447067  15.805752
-10.623040  132.473618  16.785496
-10.610314  133.523788  17.635454
-10.439569  134.637634  18.599154
-10.157740  135.611542  19.347418
-9.806024  136.579407  19.958656
-9.367612  137.917480  20.755417
-8.992837  139.031143  21.501356
-8.741272  139.767700  21.937433
-8.519468  140.387039  22.206264
-8.288002  140.916763  22.441265
-7.421012  141.658676  21.503502
-6.590524  142.243973  20.805740
-5.862460  142.602097  20.299364
-5.242916  142.758148  19.833078
-4.699026  142.725525  19.371466
-4.106270  142.591476  18.669275
-3.516603  142.270874  17.696398
-2.946886  141.838333  16.653206
-2.441768  141.228149  15.556772
-1.965834  140.436203  14.149757
-1.584123  139.505768  12.501038
-1.291067  138.157867  10.487341
-1.068785  136.553604  8.348994
-1.041024  134.770981  5.980571
-0.663278  132.681335  3.171054
-0.630134  130.130295  -0.220420
-1.382752  125.666000  -3.994143
-3.600652  120.663300  -7.210859
-5.803307  115.800636  -9.290285
-8.007892  110.912094  -10.467881
-13.526681  100.799583  -12.139501
-14.352944  98.982147  -12.468347
-14.903603  96.405807  -13.092087
-15.245570  93.676208  -13.956420
-15.531144  91.864128  -14.356218
-15.532125  90.713905  -14.569715
-15.364765  89.906212  -14.767999
-15.081768  89.225098  -14.968387
-14.782640  88.663582  -15.157804
-14.617064  88.379539  -15.172331
-14.427555  88.129631  -15.169318
-14.286798  88.167679  -14.985363
-14.191015  88.284622  -14.771166
-14.353771  88.977852  -14.211094
-14.866348  91.162102  -12.897561
-15.505420  95.847336  -10.178782
-15.734855  99.871941  -7.677228
-15.529715  103.786896  -5.931867
-15.120268  107.388817  -4.711216
-15.040164  110.541000  -3.773881
-14.873018  113.492249  -2.603814
-14.773864  115.812347  -1.764698
-14.937770  118.496727  -0.545654
-14.857380  120.914299  0.328056
-14.967443  124.136757  0.970700
-14.317251  127.224457  2.144982
-13.847030  129.555069  2.774779
-11.513249  133.596176  4.066674
-9.791765  136.026855  4.660668
-9.054191  137.047089  4.908440
-8.178781  138.609238  5.426822
-6.911994  140.273941  6.069263
-5.202288  141.855026  6.697628
-2.006877  143.599380  7.646417
1.583531  145.336594  8.400877
4.737321  146.498520  8.750207
9.068774  147.288239  9.142246
12.820150  147.468201  9.213864
15.773231  147.787888  9.406205
18.616219  147.545197  9.281036
21.074495  147.064850  8.738677
22.837502  146.446335  8.021048
23.774317  145.772141  7.385017
24.920769  144.639877  6.615240
26.157644  143.050201  5.560644
26.940796  141.111191  4.221152
27.490259  138.685272  2.782900
27.186371  136.707184  1.493458
26.455544  135.012024  0.427804
25.286640  133.084946  -0.574273
23.977079  131.705429  -1.597148
22.349150  130.327560  -2.676318
20.342634  128.533478  -3.440796
18.687984  126.956062  -4.091097
16.511963  125.469879  -4.890474
14.696924  124.216568  -5.306869
13.359974  123.281029  -5.675535
12.267924  122.609978  -6.036668
11.034614  121.984146  -6.383758
10.088980  121.498962  -6.682447
9.101146  121.040840  -6.891805
8.403213  120.704643  -7.069860
7.790147  120.402840  -7.235251
7.288273  120.157837  -7.391845
6.893062  119.979599  -7.531385
6.578876  119.836327  -7.603974
6.337473  119.727852  -7.656131
6.140900  119.668793  -7.707022
5.964509  119.730354  -7.685884
5.885058  119.927177  -7.573313
6.102899  120.303902  -7.198671
6.467126  121.014664  -6.537865
6.783143  121.727242  -5.877790
7.238938  122.774246  -5.224803
8.027336  124.370834  -4.346231
9.324582  125.757576  -3.068878
10.904616  126.611320  -2.464600
12.183010  128.222961  -0.970642
13.514786  129.829224  0.943520
14.894959  131.263885  2.735742
16.362741  132.462769  4.421354
17.526335  133.709381  6.009897
18.760069  135.088745  7.500470
20.040966  136.417343  8.655226
21.291586  137.809586  9.902263
22.355951  139.272675  10.843637
23.624893  140.696823  11.477832
24.993540  141.928009  12.026146
26.087868  143.108627  12.775126
27.153868  144.171005  13.408784
28.246252  144.928009  13.913647
29.318213  145.306107  14.270287
30.736877  146.090637  14.445074
32.428158  146.808456  14.324079
33.889309  147.279602  14.082829
36.280376  147.623413  12.876790
39.001442  147.699677  9.686180
40.759892  146.523712  5.818197
42.289173  145.699249  3.587337
43.235897  145.123779  2.428634
44.097099  144.106003  1.009924
45.457401  142.693100  -0.449111
46.895405  140.985672  -2.008143
48.410393  138.824631  -3.821880
50.284901  135.687576  -6.302026
51.243557  132.277557  -8.491806
51.434593  128.437454  -10.355393
52.171616  125.156349  -12.056349
52.804893  122.287712  -13.518994
53.333843  119.502571  -14.827768
53.652523  116.843048  -16.078091
53.786751  113.988235  -17.165581
53.801079  111.273918  -17.477940
53.539139  107.980667  -17.515764
53.744690  106.097549  -17.346558
54.217960  104.791695  -17.257853
54.201599  104.078720  -16.534576
54.234303  103.623123  -15.859414
54.046688  103.438324  -15.216565
53.900051  103.482788  -14.663136
53.832287  103.732460  -14.116852
53.493458  104.333092  -13.448060
53.093685  105.677078  -12.459557
52.241257  107.688538  -11.503504
51.259346  109.981842  -10.388991
48.308918  119.549606  -5.025899
47.637371  121.770454  -4.177643
46.557789  125.318306  -3.070544
45.696236  128.997543  -1.929936
45.037796  132.205032  -0.710832
44.827885  135.309113  0.446946
44.679375  136.887405  1.081206
44.412331  139.802017  3.297593
43.892384  142.541199  4.694605
43.335644  145.201218  5.926011
42.620869  147.686783  8.639895
41.939098  150.000717  10.938701
41.485867  151.333435  11.658529
40.586651  153.974304  12.823820
39.723400  155.833649  13.319775
39.702080  157.483368  14.238789
39.621666  158.475159  14.272042
39.422009  160.926346  15.579411
39.499336  163.381149  16.299723
39.865566  164.781296  16.606144
39.858467  165.551620  15.976860
39.804363  166.599747  15.381737
40.417423  168.062622  13.473355
41.930279  168.728638  11.546313
43.373741  168.715302  8.879573
44.453636  168.824905  5.087379
45.110085  168.552063  1.902427
46.202160  168.330307  -0.993528
47.161312  167.849991  -4.765856
47.543232  167.321655  -7.963254
48.060001  166.576233  -10.434589
48.567825  166.279160  -11.627881
48.851986  165.883636  -13.021424
49.115082  165.524384  -14.328096
49.292896  165.339325  -15.175609
49.507088  165.117142  -16.572412
49.641373  164.927933  -17.583200
49.697910  164.765747  -18.288050
49.771835  164.670898  -18.823366
49.850063  164.489685  -19.562817
48.369198  161.947281  -23.576948
48.301914  161.652176  -24.870955
48.216164  161.481308  -25.633421
48.251751  161.518967  -25.982676
48.209602  161.205536  -26.617985
48.082558  160.862732  -27.095102
47.983730  160.725800  -27.320375
47.684563  159.930084  -28.094347
47.141460  158.800323  -29.165939
46.870380  158.208511  -29.714825
46.515690  157.877808  -30.011566
45.445717  156.968018  -30.347319
45.425869  157.142761  -29.872478
45.425587  157.396286  -29.286203
45.329628  157.558899  -28.694729
45.348900  157.778275  -28.062443
45.425282  158.029236  -27.460241
45.473301  158.156281  -26.985386
45.528435  158.318100  -26.496428
45.597328  158.495743  -26.086885
45.665592  158.671997  -25.741602
45.762833  158.886230  -25.405844
45.864067  159.096008  -25.065107
45.717125  159.153152  -24.856066
45.760174  159.257568  -24.578768
45.812603  159.384720  -24.299421
45.884243  159.526459  -24.031813
45.955894  159.677811  -23.746887
46.031906  159.831497  -23.474257
45.855770  159.913406  -23.285622
45.713093  160.018616  -23.091677
45.612926  160.132889  -22.896322
45.667660  160.289001  -22.665588
45.395924  160.305511  -22.580864
45.184814  160.343430  -22.461857
45.035084  160.395401  -22.316858
44.935642  160.468979  -22.135012
44.652729  160.430374  -22.038065
44.431992  160.410202  -21.930613
44.288361  160.420700  -21.768986
44.172817  160.435791  -21.585108
44.042263  160.414444  -21.432131
43.925392  160.383621  -21.255560
43.764980  160.308151  -21.118536
