-105.301376  229.068375  85.475845
-105.184937  229.139618  85.450424
-105.087639  229.194977  85.433098
-105.017647  229.267410  85.387169
-104.921783  229.245819  85.407539
-104.852203  229.214233  85.479576
-104.885056  228.914825  85.933777
-104.888466  228.820969  86.194656
-104.971199  228.627853  86.436150
-105.139412  228.630280  86.470711
-105.248688  228.473862  86.905975
-106.305305  227.865845  86.500992
-106.552185  227.470123  86.492027
-107.157333  226.978409  86.487305
-107.876717  226.298416  86.517685
-108.892235  225.576248  86.614342
-109.946289  224.159424  86.435066
-110.884666  223.605774  86.411636
-111.832550  222.978256  86.308876
-112.661255  222.312546  86.066010
-113.463730  221.500595  85.901955
-114.709671  220.620438  86.110115
-115.559189  219.874252  86.269791
-116.670792  219.260635  86.545609
-117.233482  219.758255  86.078392
-117.510574  219.663116  85.656685
-117.561043  219.413315  85.384422
-117.823639  218.981659  85.287071
-117.947014  218.324921  85.221581
-117.771416  218.007324  85.211761
-117.575714  217.624268  85.306175
-117.522324  217.379425  85.325554
-117.332375  217.312256  85.203674
-117.190651  217.098938  85.083244
-117.134247  216.875351  84.979599
-116.953835  216.494324  84.803650
-116.658638  216.661255  84.449142
-116.346992  217.117325  84.151459
-115.699684  217.064590  83.879410
-114.542274  217.999069  83.692467
-113.589447  218.699631  83.603691
-112.927048  219.023529  83.744995
-112.074272  219.676773  83.846626
-110.864517  220.597122  84.019798
-109.765091  222.380219  83.838463
-108.521423  223.333282  84.126663
-106.335968  225.206543  85.201836
-104.425079  226.290390  85.531845
-103.268845  227.627197  85.056458
-101.992554  228.882095  84.647697
-100.273888  230.514740  84.764076
-98.460266  232.136734  84.901924
-96.300858  233.203461  85.877388
-94.459106  234.654312  86.079346
-92.628204  235.959335  85.750626
-90.504784  238.786255  85.322403
-88.203064  241.564972  84.290695
-86.068680  243.062744  83.006927
-84.956024  244.603241  82.204926
-83.948799  246.720535  81.643478
-83.440857  248.917404  81.327629
-83.521935  249.905014  81.404022
-83.443146  251.075668  81.477089
-83.336067  252.249771  81.394089
-83.954910  254.403717  81.532265
-84.640800  256.666901  80.847206
-85.654419  258.452789  80.029205
-87.135284  259.866394  79.436798
-88.405876  260.818817  79.425316
-90.196587  261.431702  79.288834
-92.444618  261.732086  79.028084
-94.727058  261.857513  78.866516
-97.758186  261.457672  78.845230
-100.785355  261.298492  78.924873
-103.787300  260.149933  80.244957
-105.896919  258.882233  80.928864
-107.721794  259.689056  82.073341
-109.463066  259.947144  82.693291
-110.866341  259.830322  83.054260
-111.987564  259.651642  83.751129
-112.808708  259.196930  84.183250
-113.286583  258.466187  84.546127
-113.543831  257.945892  85.890633
-113.938461  256.872925  87.462334
-113.172813  254.834335  87.971901
-112.975235  254.097183  88.075661
-112.515900  253.103180  88.174713
-111.376984  250.871323  88.120590
-109.851959  248.145920  88.169777
-108.075409  245.277191  87.338089
-106.223572  242.743759  85.539513
-104.882393  240.168335  84.792259
-103.617889  238.191193  84.556274
-102.585381  234.731522  84.381310
-101.792786  231.639160  85.347221
-100.622658  228.840515  85.906136
-99.584122  226.006683  86.462067
-98.184273  222.882828  85.864677
-96.143600  219.711136  84.954559
-94.647858  215.272507  85.083405
-93.729782  212.585403  85.616806
-92.659714  210.495255  86.811409
-91.640129  208.320160  88.066658
-90.634140  206.605087  87.941978
-89.383827  204.001724  86.478256
-88.620964  201.296402  85.774002
-88.380066  199.724564  85.521111
-88.527573  197.840668  85.869492
-89.296768  195.238159  86.720840
-90.649811  193.056610  87.632278
-91.746590  192.351593  88.408951
-91.633247  190.624435  89.155968
-92.595985  188.145569  91.212852
-94.269775  186.007858  92.457993
-95.671432  184.939667  93.131081
-97.221817  184.596985  93.722305
-99.343842  185.402435  93.863579
-100.720863  186.217255  94.027672
-101.810020  187.190933  94.144775
-102.693779  188.154495  94.186485
-103.411911  189.141739  94.163353
-103.313911  189.852692  94.282661
-103.358376  191.568726  94.751328
-103.389183  194.258072  94.806610
-103.037590  196.640198  94.770676
-102.282570  199.075256  94.720329
-101.032280  201.545425  95.268539
-99.668411  205.055161  95.514404
-98.955261  208.291275  93.812325
-96.431625  212.145309  93.878578
-94.625450  212.729477  95.609489
-93.451637  214.311172  96.825386
-92.743042  218.079422  99.278366
-91.600250  221.478134  99.561676
-89.971184  223.611938  99.181862
-87.768799  225.658188  97.990891
-82.927681  229.507263  96.545204
-82.335564  230.014511  96.496429
-81.663490  230.340897  96.340187
-80.892471  230.424866  95.916718
-80.434723  230.325897  95.668716
-79.930695  229.883942  95.245445
-79.574974  229.335220  94.821960
-79.171432  227.657715  93.506432
-79.152008  225.742294  93.002045
-79.340172  223.594589  91.969933
-79.555984  222.157593  91.293587
-79.599129  221.182007  90.926537
-79.607758  220.384064  90.748077
-79.733948  219.886810  90.649567
-79.846413  219.518555  91.095131
-79.774666  219.217026  91.510010
-79.718239  219.115051  91.750092
-79.499390  218.859467  92.139549
-79.172318  218.650253  92.519157
-78.851326  218.469528  92.730957
-78.580147  218.382751  92.852722
-78.218857  218.348572  92.968086
-77.759468  218.315384  92.993301
-77.198425  218.372391  92.994476
-76.517220  218.201935  93.148636
-75.922729  218.154099  93.191154
-75.064987  218.038956  93.104858
-74.201317  218.276688  92.914742
-73.169861  218.657303  92.507721
-72.024979  219.245560  92.092018
-70.205803  219.098557  91.409859
-68.498566  220.008224  90.600952
-66.363762  221.191422  89.936928
-63.964668  222.285461  89.074707
-61.242661  223.909500  87.651421
-58.376453  226.191986  85.794312
-55.942902  228.490692  84.550232
-53.556419  230.601791  84.388382
-51.553558  233.155457  84.183739
-49.395008  235.466614  84.007202
-47.082394  237.706146  84.744087
-44.890747  240.692429  84.103531
-43.693268  242.985657  83.563728
-42.699947  244.695251  82.918022
-42.021374  245.917557  82.583748
-41.669643  246.981888  81.796684
-41.557236  248.121445  81.247910
-41.761539  248.990433  80.958572
-42.135601  249.854828  80.743065
-43.350834  251.071106  79.917007
-44.959198  252.278275  79.020500
-46.862717  252.647263  78.647232
-48.871563  252.802917  78.541718
-51.099350  253.024857  78.290047
-53.881207  252.814240  79.667503
-56.649864  252.385895  81.206017
-59.004852  252.112686  82.167252
-60.159355  251.971191  82.626381
-61.613518  251.682220  83.279930
-62.614727  251.490738  83.692856
-63.519699  251.253326  83.933128
-64.212013  251.011566  84.087006
-64.610985  250.683350  84.331360
-64.966148  250.267609  84.493629
-64.963997  249.429749  84.483383
-64.087799  248.007416  84.946655
-63.311275  246.829803  85.376320
-62.206078  245.433182  85.805763
-59.781075  243.513199  86.040474
-57.347294  241.524811  86.310577
-55.064049  239.466858  86.187889
-52.681179  237.060501  86.398857
-50.149517  234.429581  86.474594
-47.981384  232.318100  86.809715
-46.097031  230.299652  86.844444
-44.223400  228.036545  86.870094
-42.257168  225.555283  86.894295
-40.192360  223.061432  87.426659
-38.127922  219.289154  87.010048
-36.347733  216.267639  86.753326
-35.003639  213.568878  86.731834
-33.797001  211.314453  87.155754
-32.861256  207.738861  86.917870
-32.048195  204.261047  88.153160
-31.817438  201.715424  89.073387
-32.026615  200.244125  89.357056
-32.100513  197.605896  90.023918
-32.480408  195.603394  90.285141
-33.419216  192.666107  92.115128
-34.701042  190.710922  93.291100
-36.146481  188.979736  94.149895
-37.499084  187.627197  94.499428
-39.480103  186.467880  94.707649
-41.536621  185.249359  95.022858
-43.694027  184.851517  94.842232
-45.649078  184.039658  94.653023
-47.574242  183.148499  94.648735
-49.880459  182.466110  94.408066
-51.977772  181.556396  94.130035
-53.931004  181.033188  94.282188
-55.696606  180.952835  94.155014
-57.718224  181.477097  94.054527
-59.043682  182.444260  93.956635
-60.032028  183.713455  93.624870
-60.286873  186.335083  93.237473
-60.524685  188.007782  93.977440
-60.381836  190.313507  94.497871
-59.644024  193.062363  94.688904
-58.839649  195.833679  93.032593
-57.839249  198.192093  91.823112
-56.258625  201.283600  90.685272
-54.412010  204.358185  89.433044
-52.725719  207.500824  88.312950
-51.213303  211.046387  86.657822
-49.435074  214.189667  85.638596
-47.855877  216.661438  85.224541
-46.600006  219.112442  84.611099
-45.258419  221.841339  84.082359
-44.008598  224.562805  83.814362
-43.056831  226.879517  83.452057
-42.353310  228.609772  83.237823
-41.946884  230.583328  82.975273
-41.560974  232.152481  82.850777
-41.337357  233.424316  82.774796
-41.015968  238.589905  84.688759
-41.638882  241.261765  84.211121
-41.735737  241.345688  84.090469
-41.990318  240.906387  83.872910
-42.076988  240.146271  83.804756
-42.288815  239.122284  84.242256
-42.505127  238.240616  84.759888
-42.607925  237.233093  85.291679
-42.944210  235.937378  86.019592
-42.929123  234.232224  86.917091
-42.815159  231.838120  88.878448
-42.800591  229.609970  90.003845
-42.204693  227.342194  92.584267
-41.951027  224.933334  93.891380
-41.735683  223.226563  93.836945
-40.971226  220.372437  95.022781
-40.443607  218.382858  95.416687
-39.698692  216.695389  95.929398
-38.688934  213.622238  98.046173
-37.617512  210.905823  98.101074
-36.408012  208.644363  97.937874
-34.767155  206.290680  98.460876
-33.003021  205.023239  100.547417
-30.952841  203.587891  101.858131
-29.243784  202.139709  102.785683
-25.916403  200.316956  101.949303
-23.190720  198.981110  100.760239
-20.730019  197.801147  100.360649
-18.301910  196.730057  100.320030
-16.508354  195.310471  100.249916
-14.846685  194.599274  100.177994
-13.005853  193.179810  99.755203
-10.772404  192.651260  99.870415
-8.541285  191.691345  99.914780
-6.579883  191.068848  100.090889
-4.143236  190.482422  100.275650
-0.585171  190.908432  100.060944
2.376542  190.439819  99.355057
4.894644  190.609924  99.040611
7.571112  191.148209  98.839661
9.895840  191.239273  98.762726
12.078493  191.306808  98.736969
14.370667  191.587463  98.733414
16.568707  192.040558  98.849632
18.800400  192.567535  98.672058
20.978107  193.343536  98.657112
23.359562  193.810349  98.407135
25.652756  194.100525  97.872093
27.641775  194.021896  97.506325
30.285486  194.325943  96.554245
32.881222  194.938019  95.805031
35.088497  195.435577  95.440926
37.514988  195.695358  95.213844
40.426552  195.849060  94.913063
43.105465  196.212479  94.759964
45.993298  197.542252  94.560326
49.585300  198.524384  94.178902
52.076927  199.826828  94.121185
54.258610  201.178772  93.871803
57.332886  202.979523  92.868263
60.329048  204.408615  92.353195
62.651638  206.612473  92.040169
65.388687  208.566986  91.580338
69.778885  213.818619  93.982483
72.529610  216.900497  94.765778
74.951439  218.768219  93.858971
76.308159  220.513168  93.154900
77.262398  222.479416  92.272438
78.109589  224.838120  91.593842
78.438972  226.927994  90.719948
78.669067  229.635269  89.788017
78.291924  231.577637  89.078636
77.779579  233.435654  88.363312
76.636200  235.354767  87.605476
75.101395  237.127487  86.876381
73.294128  238.736298  86.064484
70.975929  239.766830  85.625267
68.587440  240.915527  85.311661
66.035751  241.431320  85.445572
63.378498  241.780853  85.069031
61.214973  242.112579  84.883278
59.209312  242.478912  84.775597
57.640682  242.741165  84.874763
56.486038  242.850342  84.887711
55.610977  242.870880  84.985863
54.864300  242.728271  85.048042
54.512379  242.096863  85.432144
54.385826  240.696289  85.850479
54.813026  239.344864  86.336273
55.711277  237.629456  87.185226
56.975956  235.902084  87.994888
58.509506  234.308090  88.645119
60.275005  232.732178  89.304718
62.435921  230.885452  89.648293
64.546692  229.049957  90.434319
66.397308  226.900864  91.285698
68.509254  224.823685  92.217255
70.162483  222.590530  92.770302
72.027542  219.922058  92.947617
73.739395  215.942993  92.555061
75.612526  212.970551  92.143990
77.894821  211.657852  91.904747
79.100327  209.319839  92.340431
80.008072  207.017975  92.825829
81.039856  205.313675  93.251030
82.401550  203.486603  93.565208
83.449081  201.077850  93.701439
83.917976  198.895874  93.789787
83.748154  196.221451  93.607933
83.138962  193.313324  93.540718
82.174088  191.119370  93.475418
80.563210  188.067261  93.323151
78.441742  184.928711  92.906883
76.446098  182.963623  92.860344
73.560593  180.294830  92.420448
70.308617  179.111679  92.927025
67.855278  176.880859  94.337608
64.857117  176.181686  95.317924
62.386120  175.895676  96.942841
59.586372  176.106293  97.710060
56.439362  176.711639  97.957787
52.624001  176.518967  98.273956
48.938339  176.505814  98.277802
43.832397  175.837067  97.767441
38.212456  175.245926  97.635231
33.045399  174.647552  97.338791
13.719921  172.799667  96.588982
9.048400  171.621719  96.501884
3.503259  171.124756  96.460716
-3.048663  170.775162  96.409134
-9.093276  170.369171  96.419601
-15.927884  169.394379  96.045189
-22.010231  168.175827  96.173515
-27.624918  167.689636  95.575569
-33.303089  166.929688  96.227707
-38.558456  166.875122  95.925926
-43.898190  166.612869  96.351456
-48.807770  169.064651  94.137428
-52.879608  167.015488  94.977852
-57.332199  166.169495  96.072220
-60.662514  165.996613  96.465614
-63.192204  167.083725  95.981804
-68.003876  169.777817  93.678894
-70.580772  170.551437  92.519882
-72.277016  169.468384  92.883461
-73.538879  169.491150  93.484146
-74.661819  169.489517  94.750481
-76.029236  169.585068  96.484756
-77.539871  169.674454  97.632683
-78.328674  170.361008  97.393898
-80.404381  172.204590  95.455444
-81.144302  172.456680  94.647690
-81.413979  172.158249  94.580620
-82.221329  171.530792  94.431778
-82.244797  171.308334  94.694313
-81.922867  171.511536  94.593010
-81.564316  171.902191  94.454597
-81.010696  172.409958  94.317230
-80.342209  173.062164  94.133812
-79.787277  173.720749  93.986000
-79.006096  174.511215  93.802010
-78.641640  174.997711  93.707260
-78.539612  175.077499  93.812195
-78.469635  174.977692  93.753586
-79.097107  173.806427  93.477234
-79.003052  173.529846  93.240128
-78.425682  173.984314  93.067108
-78.056664  174.122528  92.970024
-77.718414  174.152222  92.742004
-77.527451  174.232803  92.571144
-79.554192  179.195679  89.615433
-78.183121  179.000183  88.818138
-77.744972  178.991730  88.775146
-77.360641  179.081268  88.811394
-77.116852  179.356384  88.767097
-76.888992  179.883133  88.557152
-76.633636  180.284561  88.372154
-76.163925  180.186920  88.412315
-78.241058  182.515930  87.647362
-78.649429  184.008850  87.198799
-77.579567  183.871536  87.166092
-76.554909  182.884827  87.425026
-75.730804  182.325912  87.641327
-75.426804  181.180878  87.954979
