-90.902679   319.902435  -68.661469
-90.446480   319.678680  -68.919655
-89.464684   319.949646  -68.823608
-89.196136   320.597870  -68.441444
-88.581039   321.984039  -67.614548
-87.761299   323.774078  -66.606575
-87.507790   324.511200  -66.258530
-86.572990   326.369934  -65.793144
-85.686638   327.514496  -65.848373
-83.750183   330.806152  -66.572655
-81.596588   332.027893  -68.869850
-78.318474   331.363373  -72.626526
-77.093864   331.611298  -74.666565
-76.434509   331.026947  -76.256920
-75.809937   330.657684  -77.375298
-75.250404   330.099396  -78.084900
-74.170380   327.238068  -79.870354
-74.222336   326.426117  -80.552383
-74.597740   324.161438  -82.074638
-74.945389   317.326630  -85.628708
-75.337364   313.161560  -87.657845
-76.072693   305.017792  -90.666321
-77.202484   297.297272  -92.975838
-77.851143   294.833221  -93.474770
-78.852531   291.767975  -93.772888
-80.061707   288.631378  -93.734390
-82.224701   284.735229  -93.129227
-82.756134   283.730896  -93.060417
-83.283264   282.725250  -92.978386
-83.763023   281.741516  -92.926048
-83.972931   281.513123  -92.893616
-84.172676   281.886810  -93.354103
-84.896523   284.173798  -93.615540
-86.366028   290.068481  -93.927773
-86.219116   291.860168  -94.098747
-86.056747   295.082092  -93.900116
-85.331314   299.858673  -93.123123
-84.300560   301.330231  -92.975830
-82.183815   303.371368  -92.954735
-79.886826   306.115784  -92.730377
-78.467484   307.437775  -92.611923
-75.565598   308.810150  -92.443756
-72.617805   309.118652  -92.282501
-69.540657   307.998413  -93.570076
-68.281525   306.971558  -94.134506
-66.378571   304.919281  -95.553719
-64.152840   299.801636  -96.927055
-63.152760   297.775208  -97.249786
-61.302135   294.450897  -98.025665
-59.984684   291.686096  -98.305885
-58.209160   289.319214  -98.370750
-57.722416   288.993713  -98.185883
-57.100967   288.632629  -97.922089
-56.449829   288.830994  -97.654129
-56.233864   289.146240  -97.628693
-56.131458   289.460480  -97.593964
-56.603710   291.591339  -97.041664
-58.633492   294.373413  -95.611343
-60.264023   295.603363  -94.773117
-64.042038   298.371490  -93.270447
-68.849869   301.721802  -91.896477
-71.198288   302.947235  -91.317436
-74.334579   304.156006  -90.725464
-77.177811   305.631226  -90.292923
-78.006004   305.912170  -90.151207
-78.446960   305.952484  -90.431564
-78.386795   305.924591  -90.732353
-74.936127   304.939209  -92.799896
-73.157356   304.668823  -93.586807
-68.691711   304.290405  -95.292831
-63.438324   304.924469  -96.232460
-61.810848   305.145508  -96.327263
-59.282883   305.737793  -96.105751
-57.105133   306.690796  -95.801842
-55.212360   308.142426  -95.304359
-53.781483   309.743042  -94.875023
-52.079308   311.470673  -94.445366
-50.731838   313.166534  -93.916023
-50.978840   313.900208  -93.071861
-51.109276   315.084900  -92.102516
-51.565399   316.245148  -91.274559
-52.072060   317.886749  -90.064545
-52.404346   318.500214  -89.673798
-52.725204   319.146484  -89.440033
-53.095131   320.031158  -89.097832
-53.149464   320.443176  -88.937042
-53.304249   321.044067  -88.664207
-53.452366   321.892242  -88.220039
-53.486156   322.186005  -88.076447
-53.489826   322.440887  -87.948433
-53.371803   322.602692  -87.775520
-53.074291   322.632629  -87.812317
-52.822773   322.619110  -88.087547
-51.792538   322.428009  -88.643845
-49.939388   320.993378  -90.148476
-48.692097   320.242554  -90.785027
-46.698730   316.837219  -92.416214
-44.293297   311.130768  -94.761505
-40.907158   301.096710  -98.714355
-39.996662   296.999542  -100.010132
-39.817764   291.265106  -101.739944
-40.419968   285.500183  -103.629303
-40.981304   283.537354  -104.310905
-41.765846   281.673248  -105.424713
-43.250561   280.843964  -106.017227
-45.424595   280.680328  -106.240051
-46.936241   281.121521  -106.073524
-49.638565   282.335175  -105.563835
-53.162811   285.694122  -104.522972
-55.586132   289.121887  -103.741295
-58.728653   294.431488  -102.376930
-63.723732   304.502716  -97.840363
-65.239090   308.241302  -96.160934
-66.273407   313.663879  -93.538246
-66.626999   317.749420  -91.324249
-67.636368   324.557129  -87.130760
-67.744843   326.329529  -85.997673
-67.353203   331.662262  -82.652206
-67.168533   332.928528  -82.177826
-67.645889   334.746887  -81.269188
-65.904655   336.222412  -82.346634
-65.760323   336.346161  -83.139000
-63.992409   335.497803  -86.684212
-61.937580   332.562805  -91.902397
-61.830872   331.663818  -93.714149
-60.949677   330.519806  -95.882751
-59.690876   328.782349  -98.011818
-57.154774   327.668549  -99.953522
-56.256458   327.660309  -100.165886
-53.381641   327.843323  -99.650764
-49.056755   329.118927  -98.190323
-47.342594   329.989471  -96.852142
-45.302845   332.096863  -92.529861
-41.686317   334.148224  -87.311920
-40.386288   335.264435  -85.569717
-38.421928   335.771393  -84.362007
-36.196465   335.446014  -84.167824
-33.988457   335.107605  -83.879448
-33.006096   334.869110  -83.715981
-31.425524   333.729095  -83.462341
-28.811270   332.902740  -83.332077
-27.684145   332.197052  -83.661858
-26.415894   331.326263  -84.047745
-25.100578   330.664612  -84.754372
-23.403156   329.184692  -85.592308
-22.830299   328.613678  -86.142075
-21.135172   328.940826  -87.761810
-20.323919   328.207703  -88.957535
-20.065042   327.945648  -89.242355
-19.956663   327.863312  -89.490868
-20.149694   327.664581  -89.953651
-20.286770   327.673279  -90.305473
-20.988857   327.496368  -91.195976
-22.137398   328.034729  -92.109711
-24.227720   329.411011  -93.584152
-25.177952   329.543793  -93.752792
-26.919270   329.773865  -94.346123
-30.772081   330.948914  -95.238289
-32.294083   330.755127  -95.952965
-33.899612   329.352295  -97.015480
-35.169376   327.219391  -98.614853
-35.833961   322.124146  -101.145462
-35.867313   320.619049  -101.846252
-35.576290   318.858826  -102.587402
-34.774967   316.063690  -103.298180
-34.386551   315.278412  -103.356903
-33.610390   314.369110  -103.378113
-32.077885   313.471771  -103.317696
-30.402348   312.885559  -102.467728
-29.712336   313.120544  -102.259789
-28.757339   313.542816  -101.994614
-27.056713   314.812134  -101.445999
-26.376348   315.535522  -101.218719
-25.324104   316.924957  -100.896149
-23.694038   318.618225  -100.357826
-23.121513   319.294250  -100.116966
-22.523483   320.157379  -99.832321
-21.717827   321.165436  -99.386230
-20.644743   322.386932  -98.802269
-20.439779   322.748779  -98.617439
-19.623947   323.405273  -98.392494
-18.093048   323.797516  -98.557091
-17.675060   323.644653  -98.549698
-17.472679   323.108246  -98.786583
-15.933129   321.147858  -99.501984
-13.717875   318.230988  -100.637962
-12.470642   316.986176  -101.137215
-10.164016   315.531036  -101.607750
-7.217738   314.295898  -101.495667
-5.305477   314.492706  -101.046341
-4.247867   315.907288  -100.075241
-2.941644   317.571869  -98.997940
1.640007   319.918579  -97.963860
3.042156   320.797119  -97.659531
4.127483   321.617310  -97.344063
4.885981   322.583435  -96.929832
5.082883   323.088318  -96.691055
5.324639   323.833130  -96.305794
4.820930   325.266205  -95.537773
4.579257   326.005768  -95.142197
4.208045   326.949554  -94.690849
3.911415   327.772522  -94.289459
2.058847   329.828217  -93.708954
1.565196   330.322998  -93.672142
1.081984   331.018341  -93.616539
0.452734   332.243927  -93.996323
0.271774   332.886292  -94.016090
-0.004341   333.487305  -94.151688
-0.339928   334.216827  -95.031654
-0.689012   335.010559  -95.760185
-0.868507   335.487274  -95.629059
-0.862498   335.682922  -95.736137
-1.041437   336.382477  -95.463219
-1.075652   336.365845  -95.669334
-1.150091   336.461182  -95.744629
-1.219419   336.513947  -95.843544
-1.388792   336.682220  -95.927429
-1.475108   336.748016  -95.919151
-1.816002   336.667847  -95.969055
-2.123541   336.494385  -96.096443
-2.402642   336.099121  -96.347214
-2.646269   335.424194  -96.814430
-2.850582   334.141571  -97.671127
-2.212842   332.031586  -98.689468
-0.837919   328.230133  -100.158539
1.086588   324.973053  -101.628876
3.773195   321.310181  -103.032753
4.702031   320.580475  -103.154625
5.717756   319.925385  -102.979996
7.099457   320.381439  -102.186501
8.203055   321.004242  -101.816757
10.231946   322.539520  -101.299042
12.177283   323.909729  -100.696228
13.995410   325.465881  -99.875961
14.824719   326.066101  -99.724670
16.184246   327.129669  -99.446335
16.677364   329.002777  -98.679413
16.334364   329.879822  -98.391289
16.555935   330.934875  -98.627258
16.672949   331.702362  -98.741852
15.812950   333.497864  -98.780983
15.491737   333.552765  -99.131035
16.721697   332.534760  -101.790886
16.856527   332.473969  -102.029999
17.219570   331.856262  -102.698288
17.643030   331.172974  -103.245247
18.111021   330.251801  -103.951523
18.911961   327.928741  -105.440956
19.673574   325.223969  -107.093979
20.024078   323.605347  -107.946495
20.296038   321.074341  -109.169350
19.211411   317.197418  -110.049492
18.648396   314.658295  -110.992195
17.661434   312.060547  -111.785515
16.608852   310.168915  -112.393478
13.414442   309.310425  -112.066010
11.944013   309.760010  -111.490318
9.815025   310.867462  -110.509453
6.624790   313.114716  -109.020622
5.832705   313.855225  -108.563026
4.768933   314.984741  -107.868927
3.495366   316.238892  -107.154099
1.539748   319.490540  -105.305252
1.074780   321.130798  -104.587936
0.889158   323.327606  -103.579842
0.633784   327.323669  -101.348373
0.483707   329.400085  -99.498512
1.127494   330.807159  -97.411972
4.704312   331.202698  -97.169586
6.274800   331.209869  -97.213318
8.461176   331.792999  -96.384453
10.825415   332.184692  -95.855240
14.930795   333.056854  -95.506599
16.210457   333.613861  -95.081223
17.675398   334.629639  -93.937096
19.622229   334.724945  -93.527946
20.004078   335.947693  -92.283386
21.836090   335.631317  -92.624283
22.946808   338.033081  -90.691292
25.698030   337.581329  -91.159431
26.631365   337.679474  -91.213432
27.620438   337.911682  -91.221863
29.465616   338.066101  -91.422646
30.226994   338.023285  -91.571457
31.116005   338.197174  -91.503937
32.147446   338.085205  -91.740105
32.782951   338.169983  -91.794662
33.291637   338.769775  -91.647240
34.091740   339.274719  -91.464989
35.404079   340.109161  -91.345169
35.939087   340.032959  -91.689507
36.123913   340.546967  -91.297974
37.529255   339.953644  -92.592560
38.440304   339.437103  -93.342278
39.496281   339.493073  -93.852608
40.279461   339.481842  -94.125832
41.188160   339.672638  -94.779457
41.476257   339.713806  -94.898094
41.670921   339.656036  -95.146797
41.754562   339.221680  -95.923462
41.475605   339.075470  -96.277565
40.422241   339.145294  -96.528442
38.829079   339.364166  -96.815857
36.168045   339.742249  -97.187523
34.807777   339.407501  -97.806206
33.199543   338.975311  -98.545685
30.959991   338.312531  -99.528145
30.120235   337.807678  -100.099220
29.354107   337.304230  -100.684570
28.769918   336.940918  -101.066071
28.851070   336.402130  -101.585518
29.510323   335.549377  -102.478516
30.267038   334.834534  -102.963341
32.262543   333.495331  -103.666779
33.245823   333.388336  -103.431305
35.608791   332.978180  -103.387421
39.660046   332.260132  -103.389961
41.098354   332.449677  -103.029129
43.023384   331.862122  -103.175102
44.513954   331.314484  -103.349152
45.815495   331.004578  -103.281807
46.130245   331.018463  -103.099625
47.064030   329.626953  -103.523117
47.803059   328.082336  -104.241127
47.933903   327.083466  -104.771759
47.894741   325.732849  -105.611328
47.146126   323.413055  -107.102341
44.084644   323.162445  -107.917496
42.926121   322.672760  -108.543831
40.527905   321.617889  -109.722916
35.626904   321.351196  -110.635391
33.482140   321.105835  -110.757439
30.979589   321.512848  -110.355301
28.725370   322.306671  -109.820648
28.071440   322.538513  -109.652138
27.503906   323.479645  -109.175064
27.307018   323.957764  -108.803192
27.167309   325.332214  -107.719421
27.279926   326.129395  -107.122528
28.081968   327.672638  -105.998558
30.115519   332.553955  -103.152000
31.124971   334.487854  -101.285164
33.650009   334.678101  -100.699364
35.717072   334.844635  -100.068733
37.542870   336.131317  -97.739128
38.919228   335.112183  -98.170578
40.994785   334.535553  -97.882469
43.188992   334.070740  -97.417664
44.685802   332.741669  -97.873634
46.345425   331.287811  -98.196182
48.186684   329.595276  -98.538368
50.293037   328.421875  -98.234894
51.295059   327.563812  -98.558212
52.383007   326.862305  -98.752327
54.054607   326.407898  -98.761909
54.652237   326.183167  -98.841293
55.525528   326.348480  -98.694313
56.296970   327.149292  -98.333984
56.681362   328.740387  -98.011581
56.972370   330.745850  -97.587227
56.903393   331.518250  -97.935638
56.369476   332.539154  -98.176285
55.435455   333.382111  -98.510643
53.309856   334.500977  -99.497719
50.831284   335.824799  -100.694275
49.836536   335.830170  -101.240318
49.088734   335.759735  -101.695732
48.193604   330.709564  -105.251831
48.085552   329.515839  -105.926155
48.230015   327.146362  -106.937302
48.868893   325.898560  -107.161552
50.200462   324.242950  -107.573326
51.733376   323.323944  -107.842628
53.911030   322.639587  -107.952896
54.787037   322.394623  -107.977592
56.226933   322.267700  -107.680695
58.339897   322.437805  -106.924309
59.126591   322.691315  -106.545074
60.231407   323.381470  -105.963181
61.254356   324.570892  -105.107697
61.736641   325.655548  -104.528572
61.605408   327.663879  -103.399193
61.728512   328.806274  -102.971695
61.769566   330.028381  -102.491486
61.736332   330.383057  -102.351265
61.650467   330.722229  -102.288979
61.566784   331.475891  -101.964195
61.508110   331.591644  -101.964973
61.587013   331.410797  -102.163727
61.712105   330.993683  -102.466988
62.274197   329.714386  -103.223862
62.642658   328.959717  -103.477211
63.825466   326.778992  -104.094086
65.473488   324.782227  -104.231995
66.272110   324.055969  -104.289665
67.504440   323.399475  -104.064194
69.170601   322.805664  -103.766579
70.098953   322.860779  -103.396439
70.975822   323.124298  -102.665825
71.503395   324.929901  -101.297195
73.671204   326.720428  -100.412315
74.150322   328.478485  -99.519249
75.032341   330.277222  -98.872986
75.958611   333.013184  -97.713699
76.199005   333.993134  -97.464806
76.154099   335.424835  -96.949661
75.827133   336.763458  -96.478752
75.184326   338.060699  -96.517090
74.891098   338.608276  -96.506546
74.357635   339.164215  -96.771667
73.777771   340.557190  -96.728020
73.800804   340.544159  -96.833755
73.793533   340.564423  -96.935959
73.787560   340.597839  -96.982231
73.824944   340.293915  -97.225090
74.031021   339.841431  -97.464722
74.669022   337.665405  -98.626053
75.440903   335.864075  -99.508492
76.220200   334.215027  -100.286942
76.964989   332.559875  -100.929161
77.834526   330.265442  -101.988281
77.972122   329.997070  -102.025475
78.100052   329.851196  -101.837868
78.152626   329.814240  -101.714333
78.148285   330.581177  -101.363358
77.816269   331.573730  -100.763596
77.246735   333.020996  -99.969826
75.884857   335.542084  -98.626274
75.027161   337.484985  -97.658081
73.941505   341.126312  -95.225250
72.617737   343.003967  -94.105171
70.884338   344.522003  -93.540520
70.379562   344.876068  -93.454979
69.779541   345.216766  -93.426903
68.842384   345.354187  -93.451263
68.537659   345.281738  -93.609879
67.856468   345.121521  -94.099510
66.993904   344.231140  -95.306084
66.149399   343.465271  -96.858086
65.915909   343.161774  -97.619652
65.902092   342.835205  -98.429428
66.231148   342.800385  -98.740166
66.879128   342.807617  -98.834702
68.269135   343.401276  -98.732719
70.390251   346.619080  -97.240341
70.943962   347.074341  -97.150681
71.048988   348.108673  -95.761986
71.022163   350.504517  -92.867989
71.540855   351.182343  -91.845146
71.754822   351.524506  -91.279907
72.156364   352.209106  -90.518768
72.671089   353.027130  -89.647011
72.719238   353.554443  -89.189789
72.824524   353.858093  -88.985138
72.880043   354.191559  -88.669724
72.781754   354.356354  -88.150986
73.078758   353.651031  -88.394875
73.436333   352.962585  -88.604721
73.968994   352.184906  -88.785995
74.282394   352.077301  -88.785728
74.810516   351.846985  -88.809258
75.395897   351.868591  -88.631241
76.039749   351.391754  -88.937241
76.181396   351.241150  -89.031319
76.187408   351.526031  -88.707130
77.693306   352.229523  -89.937141
78.024414   352.426422  -90.176399
78.319542   352.614044  -90.255371
78.598030   352.716522  -90.298729
78.806328   352.304657  -90.686195
79.064346   351.640198  -91.285667
79.689224   351.225525  -91.801109
80.440651   349.121277  -93.534988
80.845680   348.235504  -94.136238
81.397758   347.168091  -94.818939
82.519020   344.432373  -96.445045
82.806198   343.308258  -97.121300
83.402245   339.306427  -99.613968
83.790710   335.242035  -101.809547
84.828041   329.064026  -104.929596
84.414810   326.620789  -104.977715
85.273598   322.372894  -105.915039
86.484222   318.552551  -106.498466
86.986603   318.016632  -106.161850
87.157921   318.130798  -105.621521
87.704071   318.322723  -105.474899
88.475410   318.922089  -105.191261
88.631897   319.299713  -104.967255
88.783546   319.782928  -104.670609
88.885399   320.546753  -104.175377
89.018326   321.216888  -103.769211
89.538368   323.040771  -102.790787
91.036469   331.246094  -97.456902
91.717682   331.560455  -97.358711
92.862251   332.283905  -97.127167
93.031067   332.750519  -96.697945
93.064919   332.474304  -96.944916
92.096466   332.581116  -96.782120
91.788712   331.789948  -97.508293
90.519852   331.195160  -98.098755
89.212593   330.138062  -99.029388
87.800980   329.877411  -99.550949
87.415863   330.006439  -99.613289
86.974648   330.030731  -99.798683
86.686462   330.619171  -99.349770
86.925529   331.194580  -98.999413
87.331482   333.058258  -97.632645
88.053856   333.813538  -96.867661
88.939049   335.048065  -95.358345
89.393814   334.845398  -95.350418
90.061272   334.494995  -95.383781
91.530693   333.067871  -95.795654
92.361671   331.989624  -96.249939
93.170456   330.676483  -96.822983
94.427902   328.588562  -97.745995
94.908661   328.144012  -97.986206
96.003426   328.073151  -98.202087
97.843941   328.774323  -98.119209
98.055412   329.347809  -97.660835
98.278572   330.109558  -97.086807
98.629997   331.207642  -96.264496
98.497635   333.124176  -95.170456
99.052078   337.346436  -93.366348
98.814331   339.542877  -92.677307
98.575211   339.898315  -93.404053
98.558235   339.591278  -93.966103
98.389709   339.141357  -94.392906
98.390747   337.525787  -95.823082
98.459389   337.104523  -96.128693
99.106308   335.490173  -97.035995
100.659767   333.113831  -98.307129
101.319687   332.679565  -98.365326
102.301865   332.485565  -98.075554
103.394325   332.152008  -97.925758
105.335289   332.976654  -96.518570
107.296539   333.964233  -96.505547
108.839981   336.766418  -94.701172
112.353439   337.746033  -93.925873
113.166603   338.161591  -93.372307
115.109482   336.471008  -94.089211
117.316933   333.022583  -95.412743
120.247620   328.452454  -97.275978
121.171051   326.639679  -98.053047
122.709763   323.599304  -99.218185
125.834030   318.605316  -100.770172
126.354805   318.837372  -100.380547
127.359375   318.268646  -100.591492
128.310242   318.140381  -100.608650
129.270844   318.185455  -100.492470
129.482803   318.524414  -100.284653
128.960571   321.641785  -98.386833
128.913162   322.786804  -97.656204
129.101089   324.900940  -96.821632
128.318176   329.311249  -94.555359
127.748169   332.012726  -93.363281
127.543549   332.448517  -93.127090
126.832474   334.748749  -91.969406
124.879272   339.891174  -88.436340
125.113701   341.366974  -87.856850
124.846825   342.071503  -87.592224
124.427704   343.032166  -86.975693
123.458664   343.058350  -86.244690
122.900574   343.615051  -86.009041
121.996948   345.033875  -84.971100
121.195953   346.824463  -84.532631
118.806816   351.033752  -82.588684
118.600708   351.295563  -82.754524
118.060310   352.168182  -82.835815
117.020500   353.521515  -82.680336
116.530022   353.798920  -82.700172
115.410103   354.790192  -82.056969
114.280869   355.297668  -81.837555
112.669853   356.282867  -81.388184
112.181099   356.689545  -81.060326
111.036934   357.484619  -80.524834
109.954536   358.333832  -79.960823
109.715439   358.413666  -79.989235
109.466095   358.447693  -80.099785
108.644424   356.334930  -82.618546
108.441689   355.313934  -83.693573
109.469467   352.622101  -89.186455
110.823494   348.083069  -94.721619
112.030746   343.752991  -98.989563
112.733017   342.061005  -100.444038
113.365273   340.677155  -101.538315
113.875389   340.109711  -101.903931
114.334190   339.950317  -102.030235
115.043533   340.115204  -101.628654
115.836243   341.316010  -100.203690
117.939125   344.561890  -96.076492
118.537079   345.591339  -94.937241
118.921631   347.256897  -92.637718
119.920959   347.778564  -91.580666
120.522102   347.767914  -91.071877
120.998032   348.088196  -90.066605
122.061256   347.113708  -89.893440
123.453026   345.857788  -89.619858
124.070694   345.331970  -89.511391
125.007011   344.819092  -89.121147
126.168716   344.242462  -88.677666
126.714050   344.286896  -88.459747
127.446373   344.290924  -88.255882
127.742355   345.776794  -87.021011
127.694633   346.070801  -86.964561
127.384125   346.665436  -86.707619
126.314987   346.970520  -87.403496
123.644508   347.240723  -88.918274
122.552879   347.419861  -89.225571
120.955635   346.714752  -90.451424
119.474159   345.085754  -92.342789
119.283478   344.636505  -92.787834
119.393402   342.916046  -93.503090
120.149712   341.283386  -93.981293
123.678505   337.935242  -93.799377
125.585541   336.230927  -94.048042
127.556435   335.768494  -93.057373
133.817627   331.541046  -93.402557
134.586578   330.976135  -93.488022
135.753189   329.725647  -93.978996
135.972931   329.304993  -94.235298
135.623581   329.259979  -94.766762
134.313614   325.876801  -98.516510
133.354996   324.713440  -99.944778
130.913422   323.594757  -101.800201
127.480797   323.015076  -102.941780
126.188232   323.027344  -103.151863
125.086151   323.023438  -103.359955
124.216507   324.007080  -103.012321
121.832436   327.276611  -101.166222
121.309525   328.231293  -100.597275
120.179092   331.047363  -98.979446
118.180008   336.672089  -95.234283
117.891663   339.529022  -93.145935
117.757935   344.698212  -90.397026
118.386078   349.105164  -88.186409
118.964119   352.028778  -86.314461
119.383736   352.626953  -85.864586
119.963165   353.087555  -85.471817
120.625809   353.423889  -85.136467
122.273918   357.499634  -84.210503
124.298225   359.976685  -84.738937
126.008331   361.321045  -84.277130
126.284431   361.437897  -84.299713
127.813286   362.473053  -84.919289
128.840408   362.312531  -85.447395
129.562943   361.717010  -85.204330
130.142517   361.213562  -85.500427
131.069656   359.946289  -86.337570
133.655777   357.045288  -87.012337
134.648788   353.127686  -89.220825
136.860291   346.516785  -91.433975
138.732376   340.423340  -94.066109
141.314499   334.310181  -97.156532
141.942612   333.583588  -97.440033
143.142166   331.343323  -98.506401
144.389557   328.863342  -99.451454
144.487396   328.341919  -99.569977
144.440048   327.066437  -99.981659
144.349121   326.573578  -99.897728
144.161758   326.446594  -99.591690
144.092300   326.643372  -99.369972
144.436005   329.365143  -98.237923
144.634796   333.221680  -96.060326
144.703430   335.146301  -95.132042
145.480377   338.365784  -93.792229
146.592560   341.301727  -91.989502
147.031967   341.187775  -92.083557
147.459183   341.028442  -92.139229
148.184692   340.654297  -92.043861
149.274734   339.978760  -92.004005
149.731674   339.478485  -92.144493
151.209427   336.762604  -93.333252
153.424576   332.885864  -94.483932
154.292328   330.860291  -95.352631
155.012268   328.833740  -95.914719
155.571930   326.722076  -96.726868
156.761292   323.852386  -96.749992
157.240631   322.977661  -96.739937
157.095703   323.561188  -96.423981
156.734680   325.495148  -95.038132
156.748230   326.865295  -94.439339
156.700729   329.648743  -93.554176
156.503174   331.899567  -92.776978
155.597366   335.741852  -90.745567
155.242767   337.333313  -89.882988
154.101929   340.570435  -87.602608
151.959549   345.330109  -84.349670
151.309937   346.763611  -83.344849
150.804031   347.878662  -82.528961
150.299286   348.644135  -82.078545
149.921555   349.475464  -81.288177
149.465469   349.483887  -80.110168
148.893829   349.968414  -78.551254
149.213806   350.281586  -77.909027
149.356491   350.788452  -77.596489
150.095978   352.914490  -76.562370
150.572464   353.738037  -76.098724
150.924835   353.720764  -76.204124
152.133301   353.428070  -76.941658
153.309494   352.183929  -78.607811
155.107224   350.427490  -80.117180
156.333466   349.866974  -80.461937
158.480652   347.184509  -82.247963
162.191681   341.090363  -86.029587
163.919266   337.666931  -88.210678
165.762833   333.433075  -90.385727
167.405212   327.281830  -92.875229
168.612549   322.899628  -94.266472
168.839233   322.130402  -94.485970
169.291855   320.972198  -95.023209
169.734451   319.548187  -95.732307
169.832657   319.543854  -95.725929
169.949371   319.645172  -95.645599
169.967773   320.063202  -95.362160
169.931168   321.872131  -94.906372
169.274063   326.572693  -93.166527
168.425583   331.538239  -91.421349
167.076477   337.089783  -89.052452
166.399734   340.511078  -87.541199
165.906921   343.441071  -86.169098
164.868912   348.791992  -81.634033
164.831406   349.704651  -80.736938
165.242126   350.560486  -79.606728
165.592682   351.374084  -78.579132
166.222076   352.744049  -75.922729
166.556290   352.747253  -75.531921
167.498550   351.694458  -75.875015
168.840668   350.271210  -76.378036
170.441193   348.526093  -77.441025
172.743332   346.029999  -78.732933
176.087082   342.377777  -80.975296
179.987061   337.556488  -83.493248
180.835831   337.168671  -83.160248
182.317734   334.886078  -83.926003
184.688736   332.660431  -83.571404
186.066925   332.241913  -83.284676
187.453232   331.226746  -83.274826
189.408401   330.935364  -82.961990
190.250275   330.859070  -82.691559
190.503891   331.037048  -82.264557
190.725235   331.925720  -81.598541
191.373779   339.013733  -77.994492
191.406662   341.156982  -76.948151
190.544937   345.079224  -75.672607
189.922028   351.092987  -73.248627
189.778580   354.375031  -72.741356
188.275208   358.534851  -73.320061
187.490112   359.063446  -74.247612
185.520630   359.648987  -75.858276
185.045883   359.382660  -76.507973
184.338745   358.897156  -77.534904
183.820145   357.642273  -79.050407
183.492386   355.226990  -81.534813
183.595688   354.033081  -81.986588
183.971313   351.520355  -82.952255
184.995316   347.704254  -84.205231
185.621689   346.971588  -84.106255
187.396484   345.615723  -84.719482
190.175400   344.257263  -84.653488
191.365662   343.763885  -84.475189
192.667862   343.454315  -84.359283
193.806259   343.351593  -84.101814
195.347946   345.653900  -83.032600
196.050278   346.116089  -83.134781
196.596710   347.191589  -82.769493
196.912552   348.329590  -82.173180
197.184189   348.675629  -82.167381
197.203735   349.626404  -82.008194
197.036972   350.027557  -81.949516
196.787354   350.425262  -82.050919
196.673172   350.469482  -82.223717
196.591187   350.192291  -82.629250
196.916626   349.163574  -83.658798
197.051422   349.040710  -83.691673
197.322922   348.616943  -83.885979
198.656265   347.545593  -83.583389
199.497940   346.737579  -83.629044
201.886200   343.653717  -83.687996
204.815613   341.266479  -83.017441
208.219009   339.379120  -81.851418
209.576355   340.299103  -80.628983
210.468872   342.645172  -78.330498
211.554642   346.250671  -75.475777
211.915710   348.402161  -73.598824
211.661667   351.317566  -71.346695
210.365341   355.097870  -68.416199
207.861237   360.061890  -64.819283
175.966736   287.085266  -63.904121
176.189178   288.193054  -63.313931
176.122269   289.433899  -62.961029
176.001099   289.987000  -62.965199
177.063217   293.260803  -61.922390
177.607620   295.313629  -61.190437
177.914780   296.821136  -60.644115
177.989502   297.109772  -60.676201
178.066422   297.347626  -60.850220
176.534088   298.621246  -60.354137
176.077911   299.000000  -60.213490
175.732101   299.286774  -60.122730
174.123413   300.743317  -59.698162
173.933029   300.677429  -59.800644
172.389984   301.214142  -58.890736
171.406021   301.593475  -58.145496
170.297150   303.167053  -56.055698
169.953934   304.234802  -54.792515
168.657700   307.231903  -53.092548
165.680725   311.775848  -50.341122
164.372482   312.991760  -49.126026
162.182083   315.744965  -47.220028
160.732559   320.196136  -44.631371
158.241058   327.172882  -40.204262
158.152740   328.281006  -39.546341
158.773041   336.991028  -34.442070
185.382523   332.074097  -32.015186
150.442123   348.497528  -29.462889
143.304352   352.995056  -27.563116
137.006760   356.960663  -24.790857
122.839836   364.620453  -18.761826
120.905136   364.865356  -17.430168
119.062180   364.406311  -15.298423
117.650223   363.984650  -11.393371
111.869675   363.248474  -11.682726
107.470520   362.711243  -11.834677
104.922928   362.413788  -11.894556
102.594505   362.348938  -11.909083
