-101.391586   143.930466  70.948692
-100.680191   144.586426  71.025101
-100.261818   145.576309  71.067039
-99.356621   147.327774  71.194267
-98.578514   149.532928  71.175713
-97.865074   151.267685  71.118095
-97.594826   152.571091  70.607712
-97.217560   153.989395  70.212692
-97.589272   157.707993  69.726746
-97.270805   161.219864  69.193115
-96.771118   164.709717  68.823303
-96.423599   167.797684  68.446823
-96.692482   172.267776  67.567505
-96.039574   175.306610  66.988182
-96.059738   179.112350  66.175735
-96.209045   184.511353  65.368927
-95.667542   188.791809  64.418266
-95.017822   193.070587  63.954037
-94.577255   197.389038  63.437927
-94.431473   202.212494  62.894802
-93.918434   207.040024  61.945465
-93.309731   211.587692  61.820286
-92.689186   216.862381  61.721931
-91.965187   222.283859  61.191971
-91.126366   227.120255  60.598438
-90.583328   232.007034  59.911274
-90.094795   236.895050  59.426064
-89.501648   241.917252  58.907913
-88.957718   246.752579  58.707520
-88.100098   250.721924  58.747749
-87.338570   254.990585  59.045078
-86.402763   259.551208  59.645794
-85.581581   263.126617  60.023640
-84.501770   269.289398  60.013599
-83.741409   272.753723  59.845783
-82.979080   275.578217  60.023918
-81.890373   279.545593  60.581078
-81.218269   282.126068  60.962620
-80.055595   285.761414  59.842594
-79.288498   287.537689  59.525589
-78.017365   290.482605  59.299755
-77.260948   291.671173  59.243366
-76.150322   294.088379  59.646439
-75.260025   295.496368  60.026722
-73.607590   297.247498  60.103859
-72.666130   298.060181  60.034023
-71.488747   298.921204  59.956837
-70.294518   299.809845  59.964935
-68.410027   301.050781  59.800793
-67.685654   301.425751  59.625759
-66.534332   302.120422  59.364365
-65.210976   302.945557  59.007404
-60.456646   302.595428  57.404736
-59.702049   302.352295  57.314384
-57.716919   301.919281  57.244823
-54.774433   301.210999  57.070904
-53.546066   300.488800  57.137905
-51.889015   299.457214  57.141163
-50.457359   298.593689  57.122395
-48.920223   297.106415  57.202499
-46.888329   293.235382  57.205429
-46.305412   292.370117  57.410686
-45.461617   290.718903  57.384979
-44.767597   288.634338  57.649956
-44.232494   287.385468  57.872551
-43.736404   285.537048  58.278343
-43.277317   282.724884  58.272068
-42.593594   278.406433  59.328163
-42.668739   277.160339  59.326054
-43.037357   275.143738  59.495281
-43.630497   272.719391  59.620064
-44.510166   269.928772  60.146996
-45.689537   267.820496  60.534351
-47.094604   264.982849  61.184444
-48.730247   262.772369  62.199619
-50.507046   260.339447  62.916061
-52.493320   257.680450  63.340282
-54.623528   256.251007  64.341141
-57.092518   254.610260  64.895096
-59.231712   252.173080  65.308792
-61.786755   249.500900  65.667488
-64.602158   247.282806  66.267151
-67.506363   245.246582  66.795952
-70.404686   243.530365  67.596413
-73.308159   242.819412  68.565521
-75.894440   241.364410  69.292320
-78.333633   240.418640  70.071190
-80.524437   239.037750  70.553932
-82.775795   237.875702  71.213371
-84.697502   236.555023  71.818832
-86.689041   235.792892  72.346802
-88.269005   235.096817  72.705109
-89.780655   234.410522  73.006111
-91.139626   233.788345  73.260757
-92.473869   233.095108  73.435402
-93.444565   232.530838  73.545509
-94.242645   231.993835  73.651985
-94.861359   231.525208  73.716125
-95.319565   231.189728  73.751419
-95.697182   230.873444  73.739288
-95.849731   230.617691  73.680939
-95.894585   230.365005  73.596512
-95.861732   230.216949  73.540459
-95.766945   230.067490  73.450348
-95.544930   229.877594  73.268425
-94.953079   229.619995  72.942642
-93.978020   229.357162  72.512619
-92.776070   229.043198  71.880272
-91.565430   228.784103  71.235405
-90.392372   228.686371  70.627739
-89.257965   228.667694  70.109070
-87.961105   228.702011  69.630516
-86.568985   228.763412  69.054375
-84.955513   228.865952  68.720772
-83.406242   229.120422  68.427116
-81.952095   229.186203  68.065796
-80.732506   229.152847  67.757759
-79.561440   229.171829  67.627571
-78.478012   229.028397  67.404419
-77.530991   228.640991  67.207886
-76.611031   228.308945  67.062424
-75.732765   227.774002  67.108154
-74.766174   227.419998  67.353828
-73.828003   227.115387  68.103233
-72.911415   226.259369  68.584045
-72.281525   224.475418  68.523582
-71.658966   222.745850  68.546539
-71.367256   221.225220  68.602463
-71.045082   219.220917  68.919312
-70.279984   216.204239  69.667740
-70.123367   214.396851  71.137321
-69.709412   211.820892  72.144051
-69.458687   209.609711  72.698410
-69.395813   207.970673  72.977516
-69.192528   205.873016  73.977127
-69.143692   204.012085  74.607887
-68.234337   201.414444  76.004295
-67.843239   199.804794  76.750870
-67.292786   197.570587  78.072945
-66.036140   195.133636  79.546051
-65.783173   194.190887  80.228432
-65.331360   192.617783  81.253471
-64.772476   190.565994  81.891251
-63.972904   188.680084  82.657516
-63.114063   186.006805  83.049904
-62.093678   183.438965  83.663834
-61.234535   181.206467  83.965630
-59.951496   178.551544  84.607765
-59.317909   177.015747  84.669334
-58.618553   175.296982  84.564720
-57.510349   172.622086  84.401657
-55.625191   168.927155  84.995697
-54.412502   167.244110  85.143829
-53.611290   166.660492  85.096947
-52.224850   166.143509  85.191284
-50.249073   165.182343  85.426270
-48.591976   165.334915  84.935860
-47.090321   165.531769  84.577019
-45.819778   165.516754  84.215767
-44.212456   165.570892  83.467728
-41.510887   166.006500  82.026657
-38.652561   172.045563  82.073212
-36.001339   174.491486  80.314323
-34.997044   176.306213  78.386223
-33.644947   178.136337  77.220787
-31.784115   179.824570  76.935486
-29.291119   184.314941  75.068802
-26.849085   187.862350  73.696091
-25.185629   192.137680  71.458649
-23.122425   195.139389  70.353401
-21.949358   199.120789  69.132980
-20.936445   201.560684  68.347893
-19.980974   204.487259  67.518440
-19.203201   207.753098  66.731720
-18.305294   211.803452  66.252815
-18.064487   216.065338  65.147415
-17.706263   220.141968  64.620056
-16.837400   236.946014  63.933956
-16.939014   240.209106  63.793903
-16.780975   244.596893  63.619541
-17.348555   248.866348  63.284237
-17.691330   253.325806  62.598255
-18.412161   257.206818  62.414360
-19.355768   261.578552  61.412411
-20.584131   265.690063  60.996227
-21.862804   270.524658  60.857899
-23.164822   275.599182  60.458527
-24.724482   279.928040  60.221233
-26.301031   284.614838  60.355705
-27.425013   289.107147  59.681728
-29.031977   292.485474  58.858597
-30.908848   296.145172  57.974152
-32.687576   299.397034  57.622181
-34.203796   302.361664  57.046665
-35.868607   304.580933  56.532898
-38.268692   306.704163  56.477158
-40.986439   309.069641  56.470192
-43.214771   312.028534  56.694576
-45.443184   314.006775  57.056812
-47.723785   315.954712  57.151005
-49.691910   317.608154  57.113483
-52.418907   320.050354  57.129162
-55.156746   321.464539  57.098885
-57.712559   322.624542  57.384499
-60.343216   323.879303  57.674362
-63.184605   324.750366  57.995396
-66.169327   325.542206  58.091640
-69.100677   325.964447  57.819958
-72.052658   326.363922  57.915939
-74.411415   326.778046  58.143047
-76.857811   326.768921  58.303928
-79.301735   326.477814  58.276920
-82.072426   326.539642  58.502140
-84.412842   325.301849  57.762524
-86.682892   324.322510  57.378284
-88.974998   323.128693  57.086452
-91.351234   321.987061  57.104599
-93.613312   320.626068  56.884220
-95.899086   319.278992  56.941227
-98.275688   317.643738  57.020184
-100.172661   315.338287  57.482620
-102.144691   312.651337  57.894936
-104.130165   309.592499  58.298874
-105.588112   306.560211  59.001534
-107.187691   303.762482  58.998444
-108.222595   301.011475  59.616222
-108.885391   298.364807  61.839172
-109.472214   294.645630  62.800251
-110.092232   291.369995  63.029068
-110.596649   288.096527  62.932053
-110.664276   283.788727  62.999298
-110.650284   279.916840  64.462555
-110.831596   275.616608  64.406052
-110.624603   271.543701  66.140633
-110.009384   267.120850  66.451439
-109.968536   262.900208  66.005226
-109.288200   259.123993  67.035149
-108.692253   254.924408  67.595650
-108.178398   251.097626  67.808800
-107.322510   246.384567  68.140640
-106.760101   241.921143  69.060112
-105.801445   236.651169  69.970711
-105.025711   231.871979  70.719391
-104.409813   227.370560  70.845940
-103.338135   222.613525  71.615242
-102.449516   218.203445  71.971840
-101.904625   214.160721  72.510056
-101.395363   209.805817  72.966141
-99.936852   206.253784  74.644653
-98.116341   201.153580  75.854179
-96.984032   199.131363  77.745293
-95.528679   194.876434  79.244026
-93.632484   189.603683  80.488304
-92.973068   187.547363  82.227219
-91.883476   184.637802  83.334335
-90.804436   182.185562  84.247940
-89.630280   179.624863  84.844475
-87.994987   176.148987  85.378922
-85.926170   172.158463  86.129677
-83.946251   168.680298  87.363304
-81.954811   165.523285  88.148552
-80.516029   163.796768  88.660637
-79.524261   162.907852  88.529144
-78.069923   161.894257  88.609894
-75.364487   160.286926  89.354782
-73.675140   158.851944  89.311569
-71.237381   157.431610  89.410469
-68.813972   156.309708  89.653450
-66.124702   157.605820  90.462311
-63.721676   157.585587  90.904716
-59.586536   157.596832  90.624550
-56.949165   158.120178  90.404037
-54.524429   158.485779  90.051491
-52.238510   158.877716  89.263725
-49.794231   158.831879  88.336838
-48.064430   159.846100  88.375435
-45.948849   161.335510  87.541420
-44.185074   162.667999  86.734734
-41.773960   164.479050  85.275726
-39.331070   167.270264  82.934052
-37.512154   169.725815  80.739952
-35.992008   172.078949  80.622055
-34.801704   175.425507  80.334328
-32.623127   180.779282  77.960785
-30.380114   183.414276  76.450272
-28.429708   186.515060  75.353912
-26.999514   190.042511  74.584785
-25.739643   193.492111  73.375168
-25.353413   198.164154  71.786629
-24.000954   201.687668  71.118134
-22.840284   205.287750  70.555061
-21.854204   209.341370  69.977127
-20.910917   213.326035  70.164711
-20.441483   217.081909  69.328407
-19.821024   220.023315  68.569725
-18.856342   224.250961  66.111473
-17.984211   227.451477  64.763023
-17.466991   231.212753  63.919621
-17.030458   234.547073  63.513474
-16.924210   237.937805  63.342857
-16.741884   242.895981  62.229813
-16.499371   247.473907  61.370182
-16.433758   258.048950  59.254383
-16.483782   260.113312  58.588440
-16.813587   263.090759  57.212833
-16.922062   265.597168  56.198627
-16.897305   267.750244  55.381351
-17.123911   269.407837  54.847431
-17.114754   272.151428  54.099300
-16.918015   274.258728  53.416874
-17.222219   276.985657  52.535759
-17.532837   279.270966  51.835121
-18.059816   281.322784  51.549156
-18.330919   283.051392  51.508080
-18.705639   285.040619  51.270729
-19.133230   286.858490  51.004009
-19.528860   288.648285  50.824638
-19.733810   290.061951  50.705704
-19.851486   291.203522  50.691193
-19.962576   292.278992  50.613350
-20.133492   293.158569  50.546806
-20.316536   294.059540  50.222591
-20.545214   294.912933  49.903759
-20.773268   295.395905  49.596664
-20.983772   295.763672  49.452816
-21.127148   295.972290  49.346455
-21.198357   296.053772  49.211140
-21.238991   295.979462  49.071892
-21.230816   295.589783  48.851307
-21.253777   295.080597  48.658070
-21.327423   293.894348  48.441383
-21.426975   292.395813  48.150272
-21.429855   290.290894  47.438610
-21.607288   287.309448  46.754238
-21.385767   284.053406  46.617352
-20.971237   281.334961  47.347317
-20.369385   278.494751  47.572964
-20.211378   274.134766  49.082577
-19.980110   270.048248  49.538662
-19.701244   266.525330  49.605247
-19.619177   262.841156  49.690983
-19.214815   259.785248  50.969051
-18.526087   256.495178  51.953709
-17.241545   253.712173  53.141747
-16.485796   251.107040  54.352196
-15.503945   248.491959  55.664074
-14.717213   246.301865  57.398132
-13.774418   244.800491  58.302288
-13.380094   242.490479  59.606316
-13.127551   240.213150  60.409702
-12.891408   238.221466  60.972076
-11.950097   235.915482  61.277367
-11.275620   232.833527  62.003506
-9.841012   230.508850  63.550552
-8.892739   227.781235  64.944626
-8.196342   225.108444  66.488861
-7.661190   222.592102  67.469872
-7.337449   220.321152  68.401978
-7.240999   217.605408  68.790443
-6.195861   215.604233  69.728630
-5.799581   213.766663  71.129570
-5.659642   211.175659  71.744804
-5.644191   207.964554  73.594482
-5.742217   205.898346  74.192863
-5.690756   203.216873  75.255684
-5.856334   200.561172  76.157028
-6.164603   199.093063  77.335594
-6.517936   196.667374  78.282600
-6.835876   194.245300  79.206505
-7.110126   192.270264  80.114738
-7.423419   189.387634  81.499359
-7.375635   187.104950  82.695023
-7.279455   185.776215  83.202515
-6.908746   184.620972  83.689743
-6.774683   183.676804  83.989578
-6.596457   182.972687  84.182434
-6.598599   182.171143  84.337067
-6.604855   181.478638  84.471527
-6.680561   180.693298  84.601700
-6.703502   180.019028  84.824989
-6.772149   179.585632  85.418388
-6.893713   179.229721  86.116409
-6.937235   179.060181  86.556992
-6.872562   178.980469  86.947350
-6.827823   179.056839  87.085724
-6.772997   179.206772  87.133163
-6.683164   179.507492  86.942230
-6.593571   180.273758  86.529755
-6.428672   181.314957  86.022148
-6.405325   183.289017  84.969421
-6.155685   185.590942  84.462517
-6.097953   188.757401  83.402626
-6.051102   191.525620  82.576767
-6.044795   195.001221  81.660011
-5.897110   198.000214  80.914322
-4.608826   202.786667  80.833305
-4.789264   206.804977  80.168976
-4.672501   210.525803  79.301468
-4.905786   214.285507  77.629433
-4.716846   217.978775  76.295372
-4.643169   221.704285  74.534477
-4.203803   225.400711  73.548965
-3.623000   229.399979  72.443916
-3.253751   232.820480  71.095055
-2.263331   236.654953  70.674545
-1.851027   240.324875  69.536423
-1.315650   243.954132  68.320480
-1.028440   247.642075  66.883347
-0.486447   250.605804  66.065376
0.018524   253.463669  65.422523
0.527942   256.205414  64.702423
1.161764   259.128021  63.492020
2.036852   262.075714  62.081558
2.454741   265.043762  61.009506
3.161078   268.139435  59.704739
3.599103   270.553955  58.932865
4.474315   272.645874  57.831024
5.278343   274.604584  56.595680
5.935661   277.110992  55.420540
6.487926   278.919830  54.419064
7.684251   280.942902  53.171806
8.313890   282.175537  52.578823
9.013288   283.261566  51.879845
9.517268   284.262177  51.481045
9.994156   285.572906  51.092758
10.533294   286.633789  50.585217
11.200068   287.439117  50.269302
12.362062   288.248169  49.904907
12.575742   288.465759  49.848038
12.867896   288.725128  49.750244
13.169870   288.926544  49.424587
13.437166   289.055328  49.201183
13.610735   289.140930  49.023785
13.781609   289.058228  48.883884
13.883234   288.829071  48.792618
13.992676   288.009003  48.735859
13.882672   286.007202  48.802250
13.525346   284.410645  48.791824
12.835102   282.572723  49.128933
11.922836   280.981689  49.400654
10.977505   278.015045  49.401859
9.769284   275.896851  49.144886
8.862647   273.699219  49.135895
7.280382   271.552002  49.608704
5.398212   268.787872  50.795689
4.085113   266.653625  52.141907
2.325370   264.226776  53.932514
0.721398   262.409943  55.263229
-0.598774   260.452850  56.107166
-2.057323   259.059448  56.417046
-3.755947   257.081848  56.503658
-5.512885   255.322754  56.589897
-7.170927   253.513626  56.737503
-9.116863   250.972031  57.598652
-10.509293   249.276703  58.185688
-11.735875   248.082932  58.525162
-12.967971   246.776779  58.817104
-14.388819   245.175262  59.343876
-15.651258   243.794861  59.775890
-16.747629   242.155655  60.571449
-17.720160   240.610001  61.069328
-18.739986   239.286697  61.625244
-19.477140   238.162369  61.831097
-20.269424   237.430923  62.246368
-20.907835   236.398407  62.314537
-21.296211   235.666962  62.357193
-21.748625   234.906479  62.389881
-22.057102   234.240646  62.426693
-22.505104   233.857651  62.804256
-22.695545   233.700043  63.396057
-22.712286   233.407776  63.919285
-22.663488   233.235168  64.457329
-22.554012   233.062378  64.836189
-22.088663   232.456436  64.952194
-21.595749   231.972382  65.065155
-20.933575   231.412292  65.148170
-20.062777   230.998688  65.206902
-19.026236   230.831833  65.456085
-17.990244   230.789383  65.671638
-16.871441   230.893845  65.815613
-16.051834   230.913834  65.891632
-15.245161   230.868881  65.897072
-14.190235   230.854782  66.067566
-13.329933   230.759918  66.163330
-12.264610   230.595383  66.289780
-11.325213   230.013824  66.432800
-10.148268   229.544357  66.852310
-9.058194   229.060150  67.620537
-8.200531   228.449142  68.152130
-7.305168   227.768112  68.714134
-6.379761   226.571579  69.391953
-5.666317   224.599838  70.226234
-4.876644   222.757599  71.053314
-3.230179   221.736206  73.735435
-2.620209   219.459122  75.270920
-2.091087   217.434479  76.253044
-1.409657   214.954254  77.510742
-0.130929   213.981735  79.122246
1.135819   212.957458  80.333427
1.606512   210.544785  80.853470
2.462781   208.617645  81.963577
2.812182   206.168762  82.657776
3.382313   203.470367  83.473488
4.622093   200.412415  84.666283
5.407048   198.894516  86.475037
5.821819   197.228058  88.889259
5.798857   195.027573  90.013222
6.004765   192.868591  91.448303
6.335263   191.468170  91.946388
6.828368   190.038101  93.272377
7.145976   188.040802  93.787750
7.554895   186.642166  94.884460
8.863351   185.785599  95.475266
9.406613   184.609314  96.146706
10.208195   188.329529  99.956863
12.153373   185.680756  99.794044
13.105894   183.521439  99.672897
14.221685   181.980316  100.057838
15.365697   180.683960  100.331314
16.603420   178.760376  100.338745
18.561153   176.780869  99.765945
21.157017   172.724304  98.731277
24.390989   176.026337  99.853523
28.020721   177.649765  99.738213
30.365871   179.445358  98.904755
32.725876   181.521515  97.957138
35.073097   183.782181  97.146812
37.189743   185.719177  96.742455
38.635738   187.392487  96.215805
40.418110   188.358810  95.956528
42.938740   192.057755  94.329567
45.620022   196.158005  92.424713
47.950138   198.803650  91.355652
49.705456   200.131683  90.427109
51.663769   202.179550  89.551125
53.814568   204.609573  89.193954
55.705624   207.093689  87.425896
57.115433   209.535248  86.775917
57.851685   211.041031  85.976738
58.681206   213.261154  85.127060
59.125145   216.203323  83.349861
59.509937   218.616486  81.675812
59.672768   220.264664  80.263031
59.721851   222.073486  79.169029
59.476795   224.039566  78.081184
58.816868   225.574081  77.379280
58.119305   227.477798  76.794106
57.338696   229.638733  76.197723
56.645050   232.035767  75.154808
55.337914   233.813354  73.960510
53.987045   235.349594  73.080025
52.762051   236.976242  72.412407
47.491726   239.550476  71.152542
45.959412   240.218307  70.771729
43.972507   240.907730  70.494774
41.829632   241.337418  70.220184
39.864113   241.995789  70.570518
38.143208   242.394257  70.922394
36.152584   242.080948  70.998833
34.334805   241.555679  71.314781
32.884026   240.463791  71.528816
31.577446   239.181915  71.996994
30.521164   237.523193  72.465645
29.723787   236.211716  72.704361
28.978519   234.614532  72.952347
27.993082   232.679260  73.624657
27.430323   230.658966  74.401505
26.944233   228.530136  75.168121
26.435843   225.689117  76.258324
26.278021   223.033493  77.243324
26.332712   219.982742  78.283989
26.800879   217.175522  79.483429
27.307692   213.819809  81.038887
27.828215   210.784592  81.868584
28.690483   207.804428  82.718170
30.046272   204.658295  83.844704
31.635254   201.535217  85.655243
32.989647   199.064987  87.023506
34.801052   197.160202  87.898918
36.808426   194.417328  90.514931
38.555801   192.742859  91.870293
40.348507   190.941360  92.662277
42.179768   188.885345  93.994629
43.874027   187.389221  93.722031
45.657101   186.371857  93.909523
47.405224   185.616486  94.104134
49.479904   185.012741  94.289803
51.548534   185.046204  94.609245
53.185184   185.376755  94.628273
54.681595   186.201126  94.503403
55.994335   187.796799  94.046410
56.973412   189.123367  93.922363
57.940994   190.410065  93.154930
58.537445   191.800095  92.192970
59.310356   193.632584  91.040497
60.268345   196.291702  89.276466
61.072010   198.934967  87.990280
62.036400   202.138733  87.180008
62.543438   204.781937  86.590584
63.547161   208.417023  84.847023
63.565205   211.453415  83.767693
63.355297   214.396271  82.815384
62.617970   216.746445  81.093132
62.565697   219.039307  80.118889
62.419868   221.029312  79.276634
62.677834   223.450211  78.961311
62.832184   225.813324  78.480095
62.718010   227.961349  77.868752
62.494331   229.566254  77.282135
62.215782   230.740921  76.729134
61.900585   231.687576  76.292145
61.760902   232.349213  76.028549
61.503468   233.379196  75.236267
61.433315   234.138870  74.691696
61.337460   234.737579  74.355820
61.279716   235.050949  74.160095
61.308266   235.284561  74.072266
61.318577   235.212524  74.028091
61.411064   234.658783  74.188034
62.012142   234.222122  75.303902
63.032574   233.086914  76.310158
63.876808   230.875244  77.582100
64.837753   227.556656  79.692955
66.431206   224.922333  80.660194
67.038467   220.480789  82.200333
68.010384   216.034561  83.320206
69.352005   211.185684  84.500801
70.660133   208.516693  85.102333
73.579979   205.714645  85.702446
76.161285   202.936142  86.460678
78.916824   200.662155  87.052452
81.892021   198.754013  87.301506
85.114136   196.535004  88.197334
88.644424   196.453796  88.444321
91.879860   196.944138  88.482079
96.814804   199.258667  88.237892
101.514992   202.019455  88.811668
104.181061   203.974594  89.026009
106.333389   207.782196  88.751343
107.519386   209.821259  88.664001
110.814987   214.690643  87.642807
112.936485   218.989410  86.840714
115.350960   224.375381  85.017601
115.848846   227.359833  83.123901
116.151680   232.607101  82.072533
116.770279   236.848465  81.139252
117.206024   239.488937  80.573311
117.954086   244.953232  79.587341
119.393654   251.641846  80.027412
119.693581   256.799835  80.225929
122.334175   263.860535  80.172997
123.934319   270.166168  80.929260
124.330650   277.133179  82.488747
123.348846   282.993713  83.112312
122.834351   289.674103  84.376419
121.530029   293.561310  84.718575
119.994064   297.819580  84.711967
118.776566   303.999939  84.651596
117.590919   308.466309  84.518341
116.577415   312.271332  84.247116
115.606720   314.699066  84.188255
114.873833   318.499634  84.007050
114.230797   321.742828  83.308380
113.986008   324.441589  82.112480
112.705330   326.293915  81.385475
112.021690   327.855377  80.877701
111.123962   329.451294  80.730255
109.756531   331.083527  81.861404
108.605263   331.842438  82.395607
107.454353   332.114410  82.902802
106.546837   332.219788  82.899658
105.618599   331.108337  81.648155
104.902916   330.492981  81.186317
103.253601   329.347229  82.789482
101.906464   328.184906  85.063797
101.093605   327.316833  86.063232
100.682518   326.099426  85.565498
99.993446   320.530853  83.410835
99.715424   317.442780  82.529671
99.612434   312.024017  81.286209
99.201569   305.420197  80.136765
98.219696   296.889832  79.917557
97.372375   290.784576  79.765419
97.063759   284.778168  80.209167
96.922783   279.403290  80.241676
97.177338   274.591339  81.332199
97.477013   269.637695  82.604576
98.010132   264.532410  83.660149
98.516006   260.462982  84.853218
98.445213   255.553162  85.805069
98.279488   251.691971  86.543060
98.444214   245.635925  88.284958
98.337959   240.223816  89.085220
99.734726   236.854065  90.936264
100.398567   234.137772  92.521362
101.280983   231.118408  93.761871
101.238800   228.632507  94.446396
100.294662   221.244400  95.524025
100.846138   215.187958  97.364349
100.684135   210.188873  98.937187
102.310486   206.507889  100.446259
102.977791   203.774292  101.357094
102.354164   199.644882  102.233948
102.423645   195.902252  103.030006
102.810898   193.155411  103.699745
103.581352   189.653091  105.273750
103.611404   185.525879  108.143387
104.002502   182.729111  110.496078
104.766983   180.837906  112.058289
105.305931   178.818588  115.012421
105.878212   177.760345  116.765846
107.157181   176.929352  117.420975
108.032715   176.171432  117.849770
110.528519   174.451324  118.875290
111.771698   173.628555  119.346672
112.561768   172.636230  119.847702
112.990601   172.219360  120.038292
113.791000   171.183426  120.894180
114.288094   170.591370  121.425262
115.788902   168.614120  121.012726
116.792908   166.797760  121.347565
117.344330   165.952347  121.535927
118.319725   165.463120  121.725624
118.800667   164.643936  121.794678
119.200348   165.227478  123.711494
118.944489   164.278137  124.829796
118.102516   164.706818  124.311897
117.508499   164.871277  124.427956
115.138863   164.863098  124.854774
113.388771   165.536880  124.733421
113.122986   166.010040  124.638733
112.816551   166.562057  124.405945
111.335281   167.680557  124.406799
110.467987   168.944611  124.473373
109.999443   169.817673  124.451233
110.119568   171.936783  122.975159
110.179176   172.670578  122.797623
110.199280   173.847778  122.657440
110.018936   175.131424  122.108475
109.823982   176.649109  121.700562
109.580978   178.562607  121.685989
107.845413   181.231201  121.584473
108.059776   182.976685  121.951447
107.685188   184.306519  121.636894
107.342361   185.443695  121.303482
107.338470   187.059662  122.106232
107.489281   188.546448  122.253983
107.864677   190.017685  122.228691
107.694382   189.213043  120.849167
107.690262   188.748260  118.565727
108.309891   189.327118  117.510124
107.110298   190.568726  116.186089
106.460838   191.263168  115.608360
106.243515   191.510742  115.268448
106.049980   191.696594  114.945473
106.320999   191.406784  113.572914
106.883400   191.335098  112.182541
108.025772   191.350143  110.548889
108.336266   191.470688  109.397041
108.551460   191.529083  108.783928
109.397804   192.061737  108.360527
110.006279   192.557465  108.152550
110.838203   193.418259  107.667145
111.436653   194.179489  107.207039
112.493477   194.536102  105.033562
111.932037   196.293839  101.095314
113.734024   193.400314  98.783569
114.775764   192.659821  97.959908
115.992676   193.436691  94.419563
116.744019   193.079361  94.133118
116.943237   193.119675  93.877800
116.821556   192.572800  93.739609
116.829041   192.498245  93.785049
116.859833   192.542679  93.669785
116.884132   192.582169  93.566345
116.882187   192.629318  93.478104
116.705940   192.610580  93.117477
116.563538   192.693054  92.903397
116.413048   192.640305  92.767532
116.318802   192.612381  92.509727
115.974197   192.461136  92.061142
114.749565   192.652069  91.832664
112.867516   193.019241  91.831619
109.558197   193.053848  91.390663
104.564110   191.341202  91.311867
102.156677   190.231155  91.258682
99.520218   189.575790  90.870758
97.156761   188.923508  90.872749
94.408508   188.347809  90.839584
90.759789   187.094193  91.399376
86.939117   185.614716  91.751839
83.652527   184.823959  91.783455
79.962891   183.922394  92.306122
77.160652   183.780975  92.706039
73.252434   183.640289  93.948738
69.446548   183.996536  94.787689
63.439663   183.561218  95.187874
57.314751   181.633820  96.531830
52.254692   180.586105  98.020348
46.583591   179.573471  98.634453
41.373032   178.561340  98.858192
37.043640   178.487427  99.112289
15.831307   175.200577  99.692078
10.348684   173.667908  99.227608
5.021551   172.425613  99.396896
-0.236677   171.786850  99.110947
-5.798644   169.975708  97.827751
-11.521597   168.290833  97.202003
-17.079758   167.302582  96.516960
-22.483400   166.490570  95.866402
-27.499861   165.669266  95.246284
-31.608574   164.571930  95.044090
-35.569794   163.742783  94.709854
-39.078510   161.521255  92.840431
-41.944767   160.191498  91.793144
-44.949642   160.394272  93.239090
-46.753662   160.137146  94.163193
-49.010994   159.351807  95.040459
-50.517269   158.867645  95.164383
-53.301594   159.823868  94.339066
-54.952259   159.912094  94.142860
-56.047115   159.641373  94.222878
-57.120594   159.150696  94.462105
-58.058247   158.600250  94.734070
-58.589554   158.306396  94.891548
-58.823929   158.084076  94.991440
-59.265041   158.375504  95.265015
-59.585983   158.529663  95.424332
-59.718315   158.622803  95.478851
-59.760098   158.665619  95.495277
-59.762627   158.756958  95.457733
-59.719879   158.786392  95.310440
-59.460056   158.850235  95.120697
-59.113457   158.895462  95.005356
-58.386951   158.525635  94.461082
-58.155499   158.245239  93.834694
-56.870892   156.769226  92.285156
-56.806633   156.397690  91.176941
-56.444378   155.966690  90.837227
-56.172340   155.842255  90.650017
-56.057774   155.787125  90.836647
-55.860825   155.881561  90.962952
-55.622364   155.920425  90.993187
-54.871460   157.282471  92.147057
-54.182709   159.222794  94.774986
-53.824966   160.222290  96.158791
-52.646549   159.870575  96.731186
-51.942379   159.867432  97.018311
-51.503311   159.913177  97.151314
-51.067848   160.063156  97.307594
-50.820568   160.480103  97.399307
-50.709984   160.622925  97.408821
-50.537735   160.756744  97.387665
-50.280712   160.821762  97.400589
-50.135159   160.838028  97.295486
-49.806057   160.582764  97.285942
-49.744381   160.335587  97.352959
-49.116417   159.009781  96.981125
-49.182835   158.829880  97.016533
-49.353466   157.805283  96.904785
-49.871666   157.213501  96.953270
-50.494152   156.646317  97.192863
-51.038532   155.285995  97.234703
-52.391685   153.309189  96.484901
-54.254551   152.357910  95.927589
-55.616383   150.955338  95.698090
-56.373577   150.114197  96.660652
-57.594906   149.079010  97.409721
-58.976845   147.432434  97.268570
-62.532749   150.527191  98.298851
-63.688988   151.444763  98.421600
-64.494591   151.125000  98.766579
-66.062523   152.196152  99.786072
-66.917786   152.899963  100.465271
-67.630409   152.217896  100.492516
-68.892143   148.055237  99.558685
-70.323563   145.067383  98.832146
-72.382011   143.629318  99.090836
-75.226692   141.096558  97.963150
-77.555557   139.364105  97.377777
-80.029549   138.316345  97.383011
-82.327881   136.755981  98.086693
-84.437202   135.671371  98.314270
-86.896095   134.884979  99.218979
-88.895287   134.079361  99.543571
-90.454483   133.365005  99.543045
-91.298409   132.813416  98.292412
-92.437546   132.238785  97.712280
-93.513756   131.680786  97.767883
-94.634239   131.218475  97.684311
-95.625801   130.819809  97.583862
-96.637260   130.776001  97.579773
-97.405846   130.874832  97.582909
-98.111351   130.951477  97.784348
-98.817039   131.188782  97.829010
-99.185860   131.077545  97.670418
-99.879654   131.362915  98.074631
-100.707962   131.924103  98.597168
