-90.998711   120.499146  4.031747
-91.067604   120.424095  4.090383
-91.139061   120.261147  4.199355
-91.220222   120.156342  4.276238
-91.304649   120.025406  4.370323
-91.527946   119.835266  4.575684
-91.583786   119.738617  4.644145
-91.682495   119.539261  4.765545
-91.802948   119.327827  4.884411
-91.930344   119.126122  4.997227
-92.032417   118.964363  5.084821
-92.136841   118.774109  5.168783
-92.228790   118.568855  5.235281
-92.314575   118.365692  5.313937
-92.389160   118.165558  5.389209
-92.550117   117.774399  5.531990
-92.596901   117.661247  5.570669
-92.687416   117.465668  5.618735
-92.777908   117.267227  5.677952
-92.865715   117.107841  5.716815
-92.993843   116.962715  5.752062
-93.134354   116.892349  5.754894
-93.277588   116.853828  5.752393
-93.390106   116.868805  5.741493
-93.572952   117.026711  5.669885
-93.863853   117.375824  5.489310
-94.834129   118.933907  4.969907
-96.022858   121.402222  4.279772
-97.937828   127.147842  3.890763
-98.856972   130.836182  2.602112
-100.445969   135.306046  0.988134
-102.107498   140.880569  -0.628600
-103.945831   148.087479  -1.846569
-105.499069   155.498749  -3.604729
-106.241776   162.273209  -5.739329
-106.492645   169.321625  -8.108008
-106.256149   176.198578  -10.450089
-105.375313   183.479950  -13.067199
-104.082603   190.439621  -16.059473
-102.096848   197.186676  -19.211178
-100.104546   204.076691  -22.296829
-97.308212   210.681198  -25.382813
-93.855919   216.933868  -28.967470
-89.742485   222.773819  -32.375660
-84.880951   227.393936  -35.790039
-79.313774   231.107819  -38.976021
-73.658051   234.170868  -41.927624
-68.149643   235.588791  -44.484268
-63.395130   237.079880  -46.454014
-59.355686   237.458374  -47.427448
-56.118324   236.268539  -47.704716
-54.165077   233.759827  -47.794346
-52.956284   229.410446  -46.439194
-53.306004   224.157333  -44.695343
-55.899200   218.210327  -41.667889
-60.106365   212.078110  -38.305031
-65.164139   206.733490  -34.205284
-70.883904   201.864517  -29.776075
-76.345802   197.471176  -25.536934
-81.568062   193.850983  -21.384563
-85.910904   190.812027  -17.750824
-89.252014   188.636230  -14.894045
-91.531418   187.438934  -12.691401
-92.450264   186.727020  -11.594200
-92.632645   186.093796  -11.142896
-92.287880   186.253647  -10.827107
-91.678139   186.656662  -10.624819
-90.879105   186.798965  -10.921352
-89.784744   186.348480  -11.364779
-88.350922   184.302689  -12.087802
-87.191429   182.058197  -12.518144
-85.593498   178.011612  -12.265618
-84.209747   173.013962  -11.337601
-82.338585   166.785400  -10.022428
-80.973343   161.613510  -8.396252
-78.904472   156.005066  -6.935618
-76.797058   151.079636  -5.850422
-73.349152   145.752014  -5.103470
-69.792023   141.457733  -5.093067
-65.501472   138.509003  -5.881570
-61.390396   136.650085  -7.057675
-57.406399   135.983994  -8.653920
-53.541447   137.231110  -10.316938
-49.626171   139.131866  -12.237804
-46.682407   141.337997  -15.015421
-44.173870   144.414032  -18.229027
-42.294876   147.912430  -21.057240
-40.986481   152.217026  -23.730217
-39.982330   157.600342  -25.889690
-39.564316   162.996811  -28.111216
-39.230717   167.997528  -29.897545
-39.350864   172.976089  -31.292259
-39.506680   177.053467  -31.952337
-39.909786   179.684448  -32.353836
-40.563728   181.141205  -32.458725
-41.564758   182.372925  -31.879240
-42.560379   182.253784  -30.971121
-43.727863   181.140137  -29.926624
-45.318653   178.183624  -28.291965
-46.686527   173.070755  -26.038252
-46.904705   167.171509  -23.285261
-46.489502   161.365173  -20.813210
-45.403988   156.260696  -18.592733
-44.016571   151.197235  -16.930990
-42.208790   146.857040  -16.491201
-39.701233   143.574982  -16.948112
-36.942532   141.145523  -18.171688
-34.149830   140.100296  -19.804224
-31.302614   140.239395  -22.075882
-28.972385   141.245682  -24.933174
-27.533264   143.501648  -28.061302
-27.125216   146.310898  -30.020540
-27.819141   149.222992  -31.595573
-29.451853   152.041580  -32.663082
-31.706442   153.831116  -32.995842
-34.843479   155.420471  -32.994877
-37.673409   155.339661  -32.050522
-40.696606   154.356842  -30.571638
-43.802650   152.110184  -28.281076
-46.403061   149.575729  -26.031677
-48.055759   146.965347  -23.992884
-48.435120   144.411392  -22.093220
-48.300900   142.634811  -20.808561
-47.943367   141.278641  -20.058435
-47.024296   139.924820  -19.731699
-44.835522   139.222351  -20.243206
-41.903378   139.990799  -21.645758
-38.915596   143.132217  -24.005871
-36.297531   148.181534  -26.621220
-34.390915   153.863495  -29.310495
-33.114059   160.188202  -31.840124
-32.059532   166.796753  -34.904964
-30.786451   173.785538  -37.493603
-30.292355   181.151428  -40.757938
-29.342867   189.242599  -43.321514
-27.749662   198.155167  -45.302689
-26.080250   206.632965  -47.810543
-23.236948   224.227417  -52.012173
-20.929377   233.549728  -52.836414
-18.322664   242.344315  -54.222916
-18.223875   242.934158  -54.441483
-18.066481   242.999512  -54.584427
-18.326471   241.307053  -54.784466
-18.612238   239.602783  -54.805584
-19.595444   230.964310  -53.938675
-20.521994   217.433350  -51.404015
-20.870415   204.751816  -47.578667
-20.572132   192.078033  -42.591450
-19.921516   180.207977  -37.101051
-18.720304   169.578506  -31.893442
-17.614918   161.551270  -26.945822
-16.236042   154.897705  -22.268757
-14.816415   149.773148  -18.793291
-12.797359   145.423264  -16.588230
-10.983840   141.804581  -15.590146
-9.624919   139.888824  -15.424298
-8.570836   139.160446  -15.934715
-7.726455   139.565887  -17.000021
-6.859962   141.382904  -18.870590
-5.714035   143.878510  -21.097378
-4.312229   147.336960  -23.223274
-2.450388   152.411163  -26.275038
-0.579646   157.988434  -29.510752
1.226671   164.298523  -32.046799
2.532203   169.583984  -34.182888
4.323912   175.994003  -35.982124
6.197740   181.832718  -37.866100
8.556192   187.853638  -39.696251
10.498758   192.139420  -40.947586
12.842075   196.930344  -41.298767
14.545808   200.039322  -41.508335
15.371615   201.352158  -41.469673
16.289186   201.818176  -40.842831
16.879087   201.420425  -40.139038
17.506584   199.486801  -38.727554
18.270216   195.887177  -36.569187
18.742773   190.520569  -34.358486
19.486958   184.086655  -32.313515
20.685503   177.952454  -30.409559
22.432377   172.155518  -28.716106
24.491531   166.529556  -27.370150
26.721415   161.387482  -26.547012
29.163492   157.121643  -26.146418
31.762590   153.617233  -25.993364
34.215740   151.177490  -26.167376
36.376163   149.759689  -26.794785
38.142048   149.094727  -27.700474
39.709759   149.406281  -28.838774
41.355839   150.685333  -30.337214
42.834747   152.605011  -32.023922
44.623329   155.960083  -34.274841
46.781651   161.371216  -37.146015
48.635143   167.664658  -39.780556
49.364368   173.947510  -42.388618
50.142460   180.463348  -44.449974
50.289097   186.256882  -45.888866
49.925999   191.403763  -47.381565
49.530945   195.183578  -48.533001
48.965908   197.136612  -49.032436
48.417824   197.931046  -49.005455
47.365135   197.408569  -48.651630
45.479755   194.830505  -47.583805
42.658089   188.825653  -45.453896
39.798229   179.564804  -42.253326
38.061295   170.311890  -39.112972
37.118591   160.785675  -35.646366
37.234856   151.482498  -31.577204
38.985416   144.421417  -28.171122
41.112667   137.500809  -25.321180
43.765373   131.998642  -23.895424
46.439552   127.508553  -24.313860
50.002140   125.107826  -25.977123
54.675041   125.172165  -28.822290
60.432838   127.714417  -32.595493
66.324280   132.575989  -36.934303
72.313377   139.821930  -41.846630
77.900940   148.512375  -46.953682
82.300781   158.739716  -51.013527
85.795532   170.610245  -54.834423
88.120094   183.189026  -58.175323
89.412697   195.725861  -61.019978
89.854523   208.314499  -63.299919
90.576851   220.586807  -65.727646
90.927040   233.376053  -67.515144
90.941566   244.893234  -69.291328
90.824692   255.221237  -70.748421
90.863480   264.678711  -71.250038
91.049118   273.047821  -71.755035
91.112755   280.113129  -72.286659
90.595001   284.528931  -72.477386
90.032417   287.104980  -72.475746
89.477966   287.548431  -72.494293
89.008553   287.009705  -72.498230
88.512955   285.762878  -72.625793
86.277267   276.234497  -73.093796
82.923042   259.091125  -72.259514
81.186401   242.223724  -68.496384
80.027336   228.173431  -61.967396
79.295074   215.279922  -54.584042
78.584991   204.070099  -47.353981
78.987358   194.555405  -42.039341
79.321892   186.267151  -37.459023
80.255005   179.733170  -34.296486
81.220711   174.769928  -32.869152
82.664276   171.385773  -33.382347
84.395996   170.285095  -34.596848
86.327797   172.030426  -37.358360
88.413551   176.342590  -40.474621
91.190453   184.487549  -44.862438
93.547287   193.055405  -49.513847
95.817444   201.988602  -53.159012
98.133545   208.981552  -56.158424
100.452309   214.642014  -58.204769
105.039780   218.982040  -60.379276
111.866295   222.309143  -62.272575
120.384010   224.087280  -63.570263
129.979309   224.453674  -64.963753
140.422333   223.718674  -66.388100
151.385651   222.337067  -67.441544
161.189987   220.952164  -67.675217
169.430374   219.039078  -67.552048
175.857620   218.107483  -67.532654
178.470825   215.632263  -67.523109
179.248276   214.713562  -67.509552
170.676254   214.806976  -68.125359
163.828918   215.114182  -67.989754
152.666840   216.924286  -66.755615
140.599411   219.833557  -64.432014
126.763649   222.104416  -60.818520
112.343910   225.245911  -57.187164
98.918861   228.263458  -53.157478
86.881958   228.846176  -49.755531
77.578415   229.457474  -47.074577
71.500084   229.822021  -45.478828
68.876717   230.029190  -44.731266
68.374268   229.862717  -44.454899
69.265778   230.770981  -44.330269
70.265007   231.725967  -44.735550
71.325020   232.516830  -45.294865
72.478928   233.417328  -45.936665
73.251701   234.390884  -46.518822
74.194450   235.851059  -47.025215
73.914917   238.378006  -46.418964
70.430565   241.210037  -44.844116
65.482101   244.685120  -40.889805
58.857136   248.702591  -36.992897
51.469784   251.917282  -33.561172
43.469505   254.160400  -30.151054
37.499454   256.202728  -26.476587
32.073399   258.431305  -23.780560
28.081676   258.933868  -22.515213
24.785997   256.484528  -23.822569
22.134613   252.395569  -26.268208
19.545900   247.042740  -30.422525
17.153570   243.118332  -34.806419
15.379139   240.810257  -37.501564
14.097327   239.688828  -38.878098
13.232835   239.163391  -39.460518
12.184431   238.804474  -39.604324
10.605642   238.551880  -39.235142
8.759812   238.355545  -38.486629
6.687605   237.959503  -37.349499
3.806705   235.710327  -35.777218
0.393879   233.663681  -33.965916
-2.603000   231.167679  -31.705832
-5.311227   226.932053  -27.512659
-7.980486   222.809479  -23.218235
-10.446031   217.946747  -18.628973
-13.060774   211.709198  -14.523853
-13.400423   204.270859  -9.589351
-15.043095   195.417831  -4.220878
-15.227575   189.384796  2.751472
-17.235090   182.181747  9.550459
-19.311543   175.731812  19.804644
-24.887569   165.785034  26.876938
-30.481627   156.930115  29.587627
-17.033899   144.035904  45.166077
-11.758863   163.202621  50.274086
-14.777110   158.603500  55.813545
-20.744164   150.082382  61.486141
-22.585590   140.143295  67.534035
-24.686213   130.366837  72.774551
-26.874880   123.605133  76.257896
-27.742313   113.652336  84.071571
-28.518002   100.533546  88.109268
