-36.637718  147.928543  -22.628468
-36.688560  147.855118  -22.768124
-36.703495  147.825775  -22.816082
-36.710735  147.809982  -22.839949
-36.723621  147.778061  -22.888372
-36.730392  147.762909  -22.913021
-36.738392  147.745209  -22.936054
-36.746170  147.724106  -22.958265
-36.749290  147.698273  -22.982168
-36.748753  147.668533  -23.009359
-36.749828  147.642059  -23.032703
-36.748360  147.614502  -23.056997
-36.744606  147.586136  -23.083908
-36.740215  147.554474  -23.111761
-36.736542  147.523300  -23.140146
-36.734066  147.495514  -23.167751
-36.732296  147.463882  -23.197388
-36.729145  147.431152  -23.226959
-36.725845  147.400925  -23.255047
-36.725739  147.374588  -23.277786
-36.726639  147.353378  -23.296371
-36.729805  147.334702  -23.312281
-36.734180  147.322662  -23.323481
-36.736618  147.305984  -23.337006
-36.738495  147.294891  -23.347967
-36.744072  147.291199  -23.354338
-36.750641  147.294586  -23.357107
-36.759647  147.294693  -23.360615
-36.768032  147.300598  -23.361088
-36.779545  147.308975  -23.358082
-36.790184  147.312286  -23.355993
-36.802078  147.310455  -23.354982
-36.814831  147.308884  -23.352852
-36.827446  147.301224  -23.353346
-36.838531  147.293243  -23.354015
-36.849960  147.280899  -23.356350
-36.862301  147.270889  -23.358324
-36.874325  147.263382  -23.358765
-36.886410  147.251389  -23.362459
-36.901592  147.242813  -23.361948
-36.915661  147.236191  -23.361082
-36.932331  147.233154  -23.356575
-36.956333  147.242828  -23.345161
-36.966763  147.240463  -23.342257
-36.989647  147.236572  -23.333687
-37.014324  147.229355  -23.323751
-37.034874  147.223007  -23.316090
-37.054134  147.217255  -23.307867
-37.073483  147.206146  -23.301004
-37.091118  147.192856  -23.294775
-37.110435  147.176987  -23.289518
-37.129993  147.161667  -23.284496
-37.151314  147.146011  -23.279352
-37.170849  147.132278  -23.272188
-37.188789  147.119354  -23.265121
-37.203991  147.103775  -23.261366
-37.214794  147.106720  -23.252510
-37.225796  147.137589  -23.225626
-37.226898  147.193497  -23.194496
-37.221039  147.267090  -23.162163
-37.213558  147.471954  -23.097000
-37.169979  147.941452  -22.998745
-37.061783  148.599075  -22.847744
-36.969456  149.351700  -22.634424
-36.836662  150.069992  -22.486595
-36.785416  150.733856  -22.612957
-36.757782  151.309341  -22.766525
-36.783451  152.129349  -22.887960
-36.846241  152.755417  -22.897419
-37.005802  153.752792  -22.996937
-37.150177  154.743484  -23.133188
-37.355434  155.821808  -23.139807
-37.511543  156.729370  -23.191118
-37.746075  158.060547  -23.223928
-37.898605  158.912491  -23.258875
-38.048794  159.573837  -23.292332
-38.204727  160.178391  -23.364193
-38.355995  160.682388  -23.436800
-38.662216  161.128326  -23.883236
-39.190037  161.862305  -24.578531
-39.440941  161.887024  -25.227221
-39.706413  161.652084  -25.738802
-40.071011  161.254700  -26.269753
-40.536377  160.379715  -26.817364
-41.221249  159.088074  -27.506195
-42.104530  157.030380  -28.402956
-43.290390  154.443222  -29.284111
-44.850555  151.251541  -30.143883
-46.405674  147.458923  -30.719128
-48.083923  143.477631  -31.253328
-49.582020  139.384430  -31.704998
-51.227089  135.598526  -31.865040
-52.811382  131.782852  -31.708464
-54.309608  128.063324  -31.564783
-55.444550  124.400528  -30.877697
-56.942566  121.006660  -30.172844
-58.338444  118.011551  -29.546360
-59.562084  115.219673  -28.940582
-60.806568  112.733009  -28.128502
-61.887932  110.618782  -27.322876
-62.914978  108.835480  -26.613890
-63.911072  107.389275  -26.056152
-64.885612  106.268974  -25.670393
-65.873932  105.469917  -25.336786
-66.872612  104.989426  -25.154491
-67.818939  104.778191  -25.026348
-68.736946  104.810493  -24.915747
-69.658897  105.205528  -24.834621
-70.542130  105.866364  -24.786243
-71.402939  106.593834  -24.692577
-72.192734  107.450401  -24.585066
-72.887268  108.585052  -24.462399
-73.419983  109.801155  -24.278265
-73.958458  111.307892  -24.036324
-74.476219  113.146790  -23.847397
-75.222397  115.579994  -23.772820
-75.845634  117.999435  -23.692516
-76.009003  120.033974  -23.712393
-76.135620  121.956062  -23.849228
-76.283051  123.634796  -24.001513
-76.314621  125.308289  -24.067015
-76.465698  126.946693  -24.203110
-76.248474  128.046005  -24.542442
-76.094574  128.743225  -24.843346
-76.059303  129.829208  -25.159664
-75.927818  130.762558  -25.411888
-75.647705  131.413895  -25.839336
-75.229820  131.802582  -26.442926
-74.690826  131.995712  -27.002279
-73.689934  131.728058  -27.656895
-72.772964  131.430298  -28.262625
-71.691292  130.983368  -28.946125
-70.264664  130.189713  -29.793423
-68.397842  128.962463  -30.700205
-66.455566  127.643547  -31.524759
-64.336342  126.145676  -32.390957
-61.807877  124.439034  -33.268345
-59.030659  122.659744  -34.108700
-56.287151  121.548691  -34.264442
-50.558949  118.380241  -35.678455
-48.232845  117.144951  -36.097511
-46.153965  116.236565  -36.054493
-43.289028  115.034416  -36.335201
-40.210388  114.562172  -36.271107
-37.930798  114.364891  -36.209599
-35.853218  113.684456  -36.363922
-33.921040  113.570412  -36.560387
-32.112206  113.432838  -36.624622
-30.563063  113.619110  -36.671684
-28.940723  113.915710  -36.819080
-27.045565  115.047821  -36.655182
-26.758711  116.153297  -36.362251
-26.229507  117.097710  -36.439064
-25.036974  118.035095  -36.918980
-24.021536  119.124474  -37.357933
-23.880274  121.057060  -37.257950
-23.380951  122.478584  -37.299427
-22.898500  124.443298  -37.623043
-23.350090  126.678215  -37.633888
-23.526066  128.375977  -37.821301
-24.722937  130.636566  -37.530735
-25.896496  132.912689  -37.506302
-25.998598  135.809494  -37.945896
-26.391699  138.484207  -38.097755
-26.910225  141.097260  -38.135189
-27.796598  143.208313  -38.073101
-31.710705  149.155441  -37.667728
-32.971577  150.578781  -37.505161
-34.635212  152.061111  -37.288914
-36.387524  153.405807  -37.061920
-38.106884  154.445175  -36.770035
-39.916447  155.443802  -36.573479
-41.817234  156.244003  -36.330830
-43.774994  156.903336  -36.088184
-45.790512  157.670044  -35.743919
-47.815269  158.236191  -35.343594
-49.976395  158.494965  -35.109768
-52.085293  158.906021  -34.724796
-54.301846  158.942169  -34.483200
-56.370712  158.865692  -34.357216
-58.182652  158.655960  -34.039318
-60.010357  158.271500  -33.724064
-61.673626  157.740875  -33.337383
-63.320045  157.108109  -33.050957
-64.830246  156.583298  -32.795021
-66.008209  155.605392  -32.646606
-67.051697  154.854645  -32.516037
-67.529549  154.014374  -32.579460
-68.280525  153.068741  -32.522854
-68.372704  152.113754  -32.583614
-68.573120  151.161896  -32.531422
-68.922844  150.112427  -32.510246
-68.637253  148.519882  -32.666817
-68.582687  146.934631  -32.806076
-68.188637  145.506699  -33.078587
-67.237396  144.005035  -33.434109
-66.028008  142.639114  -33.907986
-64.534767  141.309464  -34.358101
-62.799469  140.099075  -34.705353
-60.921524  139.120209  -34.898426
-58.952118  138.405197  -35.193542
-56.903675  138.056808  -35.562309
-54.898510  137.834412  -35.843292
-52.724712  137.688995  -36.112381
-50.514359  137.671585  -36.496300
-48.525837  137.685913  -36.937706
-46.584469  137.804916  -37.335217
-44.646275  138.094101  -37.716808
-42.742577  138.493057  -38.110252
-40.974842  138.977707  -38.382141
-39.316933  139.570740  -38.627792
-37.719311  140.326538  -38.816685
-36.278801  141.286331  -38.862045
-34.898224  142.107727  -38.959862
-33.622757  142.841110  -39.117905
-32.451801  143.634735  -39.238216
-31.355564  144.731934  -39.430515
-30.340525  145.756775  -39.834175
-29.449242  146.759689  -40.127708
-28.764803  147.488159  -40.285744
-28.260340  148.050873  -40.363468
-27.875414  148.530762  -40.388485
-27.583284  148.932236  -40.414478
-27.372372  149.299194  -40.513416
-27.204992  149.662567  -40.624184
-27.021492  150.062286  -40.768375
-26.992844  150.233780  -40.859245
-27.005674  150.295486  -40.922379
-27.104242  150.283752  -40.969543
-27.220575  150.218689  -41.040192
-27.351486  150.018097  -41.149582
-27.476982  149.631042  -41.237411
-27.662275  148.884491  -41.373554
-27.880854  147.564911  -41.532917
-28.144596  145.831528  -41.621258
-28.587971  144.052826  -41.750580
-28.920204  142.080185  -41.865555
-29.231117  139.801086  -42.012966
-29.476366  137.353851  -42.045357
-29.725286  134.418137  -41.893757
-29.564014  131.827347  -41.570168
-29.657438  129.150238  -41.270500
-29.992546  125.884277  -40.754162
-30.550436  122.901588  -40.399559
-31.091631  120.272400  -40.038475
-31.565891  117.627884  -39.698330
-32.168324  115.020943  -39.335190
-32.962917  112.632652  -38.855080
-33.777351  110.524200  -38.478283
-34.549538  108.549210  -38.142838
-35.405537  106.745926  -37.812527
-36.338364  105.266273  -37.405952
-37.577160  104.192749  -36.732204
-38.675190  102.816719  -36.320580
-39.682098  101.719238  -35.974270
-40.457226  100.874298  -35.829025
-41.539207  100.237923  -35.624897
-42.421135  99.802155  -35.433643
-43.036526  100.026390  -35.543018
-43.921608  99.954216  -35.533279
-44.696915  99.928734  -35.527962
-45.370090  99.991821  -35.594036
-45.987354  100.187950  -35.746086
-46.471237  100.473602  -35.938786
-47.013187  101.150223  -36.262680
-47.291489  101.741341  -36.558887
-47.337044  102.175674  -36.613056
-47.312943  102.625107  -36.792927
-47.208771  103.290436  -36.977501
-46.941956  104.061836  -37.174000
-46.516190  104.925804  -37.429874
-45.664654  106.278084  -37.609695
-44.563419  107.848862  -37.729599
-43.506210  109.157051  -38.296108
-42.219013  110.049652  -39.347038
-40.648674  111.141029  -40.013287
-38.997715  112.477486  -40.352898
-37.214264  113.985703  -40.672356
-35.741539  115.006950  -41.426556
-34.298107  115.805321  -42.118458
-32.941444  116.408981  -42.670715
-31.578831  116.955902  -43.121094
-30.145029  117.549004  -43.614990
-28.639643  118.137840  -44.082253
-27.171143  118.656067  -44.626614
-25.942598  119.209000  -45.044659
-24.817297  120.019524  -45.473381
-23.661610  121.102661  -46.033550
-22.644161  122.148384  -46.485916
-21.708305  123.065308  -46.881767
-20.933788  123.875381  -47.189838
-19.328691  126.791199  -48.234444
-19.004721  127.537086  -48.498753
-18.651669  128.433853  -48.834316
-18.449728  129.248520  -49.098083
-18.502106  130.182220  -49.258369
-18.757372  131.184677  -49.518749
-19.075348  131.968048  -49.764381
-19.477398  132.879349  -49.994644
-20.054049  133.745300  -50.198906
-20.864693  134.511902  -50.428974
-21.731964  135.084030  -50.528221
-22.845339  135.654800  -50.682281
-23.836575  135.999786  -50.720123
-25.011841  136.251770  -50.655937
-26.270521  136.290710  -50.574341
-27.573307  136.117477  -50.458942
-29.036093  135.868073  -50.333393
-30.441566  135.926956  -50.036266
-31.752207  135.574402  -49.867950
-33.169098  134.824142  -49.767185
-34.415245  133.821411  -49.686779
-35.557602  132.825150  -49.624828
-36.539600  131.735901  -49.552082
-37.501442  130.166321  -49.283203
-38.348236  128.676636  -49.036030
-38.910271  127.361267  -48.902504
-39.320107  126.049683  -48.708706
-39.471233  124.728020  -48.616329
-39.112904  122.839088  -48.695541
-38.803253  121.794373  -48.901138
-38.246601  120.737679  -49.188885
-37.580982  119.978317  -49.455441
-36.845154  119.376251  -49.728622
-35.947258  118.876297  -50.045589
-35.049259  118.556404  -50.348919
-34.136620  118.414696  -50.654152
-33.166836  118.433075  -50.998322
-32.290688  118.544327  -51.290146
-31.477243  118.865578  -51.518101
-30.699104  119.461319  -51.733070
-29.998489  120.106766  -51.898853
-29.355488  120.796783  -52.013172
-28.789928  121.418648  -52.087185
-28.292887  122.109108  -52.123440
-27.881388  122.754852  -52.158352
-27.495123  123.409637  -52.185555
-27.178659  123.999649  -52.184952
-26.905495  124.510803  -52.181728
-26.695660  124.911446  -52.178001
-26.555504  125.159561  -52.174320
-26.442047  125.313240  -52.167633
-26.351383  125.307922  -52.174221
-26.282228  125.207932  -52.173523
-26.230686  124.972824  -52.200981
-26.185566  124.632896  -52.245125
-26.126789  123.959251  -52.301128
-26.048502  123.128700  -52.387932
-25.953449  122.097427  -52.471130
-25.723454  120.799232  -52.487530
-25.438919  119.498947  -52.442078
-25.048321  118.318726  -52.436455
-24.593105  117.253967  -52.467884
-23.824821  116.216881  -52.545628
-22.945393  115.320465  -52.620434
-22.209032  114.680389  -52.709381
-21.350838  114.125870  -52.837708
-20.478952  113.677650  -53.001804
-19.599941  113.319969  -53.219906
-18.768377  113.058281  -53.445141
-17.850458  113.084068  -53.916050
-16.873997  113.342361  -54.394218
-15.943615  113.686699  -54.843243
-15.093878  114.126015  -55.219208
-14.312719  114.755493  -55.677002
-13.578860  115.456139  -56.034348
-12.730868  116.552948  -56.511208
-12.030973  117.964050  -56.880764
-11.364208  119.622177  -57.342979
-10.881313  121.342590  -57.780670
-10.484490  123.187424  -58.251762
-10.126507  125.170425  -58.719456
-9.727994  127.070572  -59.104458
-9.425577  128.953217  -59.461021
-9.237166  130.908707  -59.757645
-9.153357  132.780609  -59.944675
-9.120414  134.239624  -59.946430
-9.027317  135.570740  -59.956726
-8.960211  136.857101  -59.906387
-9.084891  138.335815  -59.914391
-9.182463  139.880127  -60.192165
-9.687047  141.585175  -60.675446
-10.105064  142.873779  -61.035469
-10.334067  144.112122  -61.222363
-11.552423  146.147430  -61.482822
-11.897761  146.283020  -61.592861
-12.298373  146.265686  -61.755203
-12.654255  146.020569  -61.861652
-13.019647  145.591568  -61.933620
-13.414990  144.829605  -62.023094
-13.908978  143.739639  -62.108601
-14.417315  142.423904  -62.152538
-14.974480  140.292694  -61.843952
-15.534198  137.613907  -61.384499
-15.903393  135.019577  -60.993389
-16.108416  132.569336  -60.710114
-16.163750  130.364868  -60.507904
-16.038815  128.147369  -60.351425
-15.782756  125.598190  -60.077991
-15.418480  123.447723  -59.874382
-14.939668  121.700081  -59.751480
-14.316400  120.187866  -59.671707
-13.308443  118.842575  -59.566151
-12.281794  117.532875  -59.596931
-11.226133  116.356529  -59.603039
-10.127959  115.366470  -59.678085
-9.105681  114.648331  -59.775589
-8.049256  114.033813  -59.928192
-6.768989  113.502434  -60.059925
-5.509258  113.133804  -60.233269
-4.234017  112.903908  -60.418980
-2.912576  112.838768  -60.707157
0.432373  114.510139  -61.904633
1.270925  115.036438  -62.247841
2.401048  115.953865  -62.759624
3.452014  116.985023  -63.220577
4.682825  118.720154  -63.568291
5.558217  120.518593  -63.742214
6.011246  121.714272  -63.908192
6.282448  122.858162  -63.992702
6.700902  124.989235  -63.992683
6.802031  126.391953  -63.986298
6.767337  127.665627  -63.938381
6.613217  128.704300  -63.918934
6.339710  129.740448  -63.902328
5.932158  131.067245  -63.924877
5.494203  132.350143  -63.898682
4.993687  133.673676  -63.786461
4.478070  134.783905  -63.719364
3.926677  135.653091  -63.665730
3.367328  136.335953  -63.634205
2.724320  136.989929  -63.618172
2.037407  137.510132  -63.561794
1.337933  137.898575  -63.484325
0.652384  138.194855  -63.396435
0.026303  138.367828  -63.314823
-0.538478  138.384857  -63.257740
-1.087046  138.196548  -63.188549
-1.661456  137.758057  -63.083019
-2.232575  137.168869  -62.985455
-2.848397  136.264511  -62.876736
-3.432774  135.258743  -62.792751
-4.004097  134.064590  -62.745220
-4.440088  132.575073  -62.703487
-4.733687  130.925705  -62.698486
-4.852166  129.182739  -62.635696
-4.830793  127.224220  -62.652100
-4.558951  125.489578  -62.793774
-4.019522  123.969078  -62.919395
-3.342505  122.553055  -63.052242
-2.508949  121.340530  -63.206596
-1.548465  120.377251  -63.414021
-0.465470  119.651016  -63.640022
0.675588  119.128365  -63.834145
1.682621  118.791893  -63.989594
2.704165  118.649437  -64.108040
3.571516  118.737778  -64.153328
4.330040  118.916618  -64.116585
4.941005  119.169838  -64.021629
5.540890  119.866035  -63.786774
6.134482  120.918159  -63.401363
6.762894  122.606270  -62.656284
7.330459  124.961227  -61.563877
7.335251  128.232010  -60.000877
7.125821  130.308990  -58.940517
6.784145  132.816345  -57.691589
6.423332  135.221725  -56.580791
6.026442  137.242294  -55.711105
5.630341  138.883896  -55.040131
5.255035  140.468033  -54.440189
4.953092  141.806213  -53.993370
4.712130  142.965027  -53.657875
4.515627  144.006241  -53.462940
4.415300  145.185989  -53.521339
4.375573  146.164307  -53.648930
4.293636  146.865509  -53.983662
4.200721  147.420425  -54.554890
4.065512  147.666183  -55.193825
3.828831  147.912903  -56.009960
3.525755  148.017197  -56.654465
2.673427  148.278809  -57.349277
2.291969  148.508514  -57.541992
0.901878  149.070969  -57.511791
-0.019864  149.400696  -57.333302
-1.555435  149.794373  -56.902473
-3.288764  150.198517  -56.202274
-5.182743  150.421219  -55.312923
-7.256792  150.597748  -53.698399
-9.325950  150.728638  -52.430157
-14.243625  150.232544  -49.627079
-16.561974  149.893509  -48.451736
-19.263268  149.397598  -47.127167
-21.995026  148.724243  -45.505581
-24.811377  147.852432  -44.061749
-27.512804  147.052383  -42.849346
-30.140257  146.209503  -41.840824
-32.585213  145.492569  -40.965195
-34.927277  144.783493  -40.131065
-37.275990  144.087051  -39.132744
-39.549011  143.513565  -38.208790
-41.271183  143.046295  -37.580887
-44.675919  142.273361  -36.880760
-45.892212  141.973648  -36.681152
-47.953457  141.648849  -36.880943
-48.534275  141.503342  -36.987324
-48.921398  141.315643  -37.222946
-49.200680  141.190018  -37.766876
-49.235435  141.069702  -38.608715
-49.007877  141.404053  -39.658119
-48.551811  142.069290  -40.761436
-47.824211  142.335251  -42.144917
-46.836720  142.370682  -44.251568
-45.639191  142.712296  -46.014050
-44.406281  142.657791  -47.535820
-43.060795  142.556610  -48.943943
-41.555561  142.499512  -50.304661
-39.813538  142.173584  -51.883141
-37.991169  142.033493  -53.120480
-36.113235  141.693024  -54.300419
-33.872501  141.460022  -55.894600
-31.733152  141.271820  -57.233501
-29.598743  141.434006  -58.579491
-27.527685  141.299576  -59.845753
-25.716825  141.391647  -60.877033
-23.961540  141.387161  -61.760281
-22.301428  141.532013  -62.516617
-20.676323  142.416397  -63.044651
-19.143629  142.709442  -63.692715
-17.747999  142.891739  -64.191910
-16.514807  143.101608  -64.626732
-15.387010  143.664658  -64.858711
-13.062842  144.857056  -65.462868
-12.463651  145.242447  -65.657875
-11.790559  145.608658  -65.957443
-11.248295  145.893326  -66.178169
-10.786461  146.159546  -66.332771
-10.408762  146.406311  -66.455116
-10.178150  146.581223  -66.520264
-10.025003  146.693207  -66.555840
-9.910260  146.836533  -66.544952
-9.824429  146.922485  -66.519447
-9.756971  147.159851  -66.386116
-9.717296  147.150375  -66.145264
-9.689140  147.168182  -65.889008
-9.710575  147.147797  -65.697792
-9.739397  147.117386  -65.537163
-9.771363  147.092331  -65.414597
-9.813087  147.090714  -65.300674
-9.862885  147.085754  -65.192505
-9.926009  147.069092  -65.092621
-10.021544  147.045578  -64.979065
-10.101820  147.069824  -64.840446
-10.155924  147.112122  -64.724052
-10.215323  147.143417  -64.638535
-10.275075  147.170547  -64.564560
-10.334538  147.211578  -64.489700
-10.387784  147.227524  -64.419876
-10.433779  147.277008  -64.335526
-10.475496  147.314957  -64.231728
-10.506473  147.360809  -64.135651
-10.527426  147.404510  -64.052681
-10.552636  147.441284  -63.978481
-10.574545  147.483490  -63.904503
-10.610825  147.591400  -63.801502
-10.642160  147.664124  -63.713680
-10.664867  147.772766  -63.619240
-10.722767  147.788452  -63.527813
-10.773670  147.798523  -63.447495
-10.816063  147.808517  -63.384457
-10.852489  147.817276  -63.330471
-10.882205  147.821869  -63.289455
