-61.682014   211.975067  40.044552
-61.659885   212.010773  40.067165
-61.647808   212.030106  40.080265
-61.633450   212.051117  40.095589
-61.611038   212.082687  40.122269
-61.593193   212.104767  40.141403
-61.562611   212.147415  40.181656
-61.514118   212.201004  40.232376
-61.464188   212.252151  40.280025
-61.417545   212.303833  40.330296
-61.376087   212.363495  40.397346
-61.328743   212.427994  40.465549
-61.278221   212.493500  40.535519
-61.204174   212.605194  40.641636
-61.135742   212.706863  40.739777
-61.074017   212.789688  40.818939
-61.016827   212.864594  40.892609
-60.961773   212.936951  40.964336
-60.915760   213.001068  41.029533
-60.874172   213.057114  41.089497
-60.835831   213.107101  41.143810
-60.795197   213.153351  41.198673
-60.748360   213.209335  41.261723
-60.696522   213.259811  41.312187
-60.649330   213.282043  41.329666
-60.601833   213.302551  41.342575
-60.575195   213.321579  41.359261
-60.543446   213.341431  41.372852
-60.528030   213.356949  41.392185
-60.511562   213.370056  41.410141
-60.501915   213.376938  41.424217
-60.496494   213.382339  41.444592
-60.490528   213.390640  41.468945
-60.483288   213.399719  41.494484
-60.471981   213.405899  41.513542
-60.460571   213.410248  41.532974
-60.451283   213.411713  41.550259
-60.445217   213.410538  41.563412
-60.437813   213.408279  41.578514
-60.424969   213.410492  41.593761
-60.413742   213.415695  41.605103
-60.406891   213.424850  41.617268
-60.390003   213.434265  41.633720
-60.375011   213.442017  41.648571
-60.355621   213.450638  41.663033
-60.311733   213.446259  41.668125
-60.275444   213.450211  41.677052
-60.241497   213.462738  41.696991
-60.225262   213.465561  41.703125
-60.204933   213.485596  41.722908
-60.175781   213.514236  41.747108
-60.148018   213.532028  41.765781
-60.102596   213.536667  41.777172
-60.065937   213.541412  41.788906
-60.034214   213.553207  41.803516
-60.000778   213.560562  41.813854
-59.974682   213.568710  41.825191
-59.947819   213.574844  41.835556
-59.931602   213.585175  41.851452
-59.912971   213.593140  41.865753
-59.891739   213.597778  41.877064
-59.878273   213.604797  41.889862
-59.857105   213.601318  41.898159
-59.825577   213.587418  41.904110
-59.800968   213.572739  41.911484
-59.775360   213.562439  41.922279
-59.747772   213.553589  41.928463
-59.719509   213.540588  41.932858
-59.701092   213.535095  41.944271
-59.683167   213.529373  41.957581
-59.663006   213.526230  41.971851
-59.637478   213.521973  41.985916
-59.619930   213.522720  42.008583
-59.604057   213.522629  42.030056
-59.582569   213.521896  42.055904
-59.575695   213.542435  42.096088
-59.576527   213.570206  42.139091
-59.573849   213.597672  42.183662
-59.569160   213.655579  42.238857
-59.552219   213.706497  42.292969
-59.536144   213.739471  42.335224
-59.492897   213.741928  42.351841
-59.470455   213.757370  42.372852
-59.457417   213.779205  42.403267
-59.433426   213.790649  42.424591
-59.417828   213.805527  42.448784
-59.401421   213.821335  42.475197
-59.380421   213.833084  42.499981
-59.370583   213.851791  42.528831
-59.354710   213.872849  42.559456
-59.343185   213.904465  42.594738
-59.334587   213.933823  42.627674
-59.324783   213.969467  42.662056
-59.316200   213.996506  42.692070
-59.289345   214.007004  42.717960
-59.259129   214.007950  42.738045
-59.240528   214.017426  42.761383
-59.226971   214.029007  42.784687
-59.218102   214.039230  42.804798
-59.208733   214.046585  42.823559
-59.188915   214.046219  42.840809
-59.171635   214.042419  42.854366
-59.145454   214.023773  42.859516
-59.121838   214.006775  42.865776
-59.113686   214.004120  42.876991
-59.105381   214.001450  42.887203
-59.092823   214.031738  42.935577
-59.068424   214.066162  43.001526
-59.036732   214.099121  43.075001
-59.006935   214.125000  43.157162
-58.966263   214.074478  43.164253
-58.930378   214.084579  43.238503
-58.894661   214.040375  43.252575
-58.861492   214.054672  43.330505
-58.831390   214.077728  43.430866
-58.810497   214.111343  43.552235
-58.804516   214.147842  43.681046
-58.804264   214.134262  43.726288
-58.799637   214.144196  43.788673
-58.792698   214.152115  43.843975
-58.776737   214.154999  43.876312
-58.750973   214.147324  43.898018
-58.730953   214.145859  43.921810
-58.696915   214.132080  43.940819
-58.679714   214.129883  43.958748
-58.655853   214.131149  43.978291
-58.640831   214.135468  43.992550
-58.616692   214.178879  43.996380
-58.591576   214.208771  43.996410
-58.558708   214.235504  43.997089
-58.519848   214.291519  44.006657
-58.467247   214.356262  44.013393
-58.415695   214.411789  44.012470
-58.372723   214.460526  44.007244
-58.351002   214.487167  43.999977
-58.325470   214.502426  43.991501
-58.295338   214.517654  43.981609
-58.265305   214.531311  43.970592
-58.243229   214.523682  43.958622
-58.222271   214.526352  43.956028
-58.208702   214.531433  43.961067
-58.186142   214.528091  43.961536
-58.166157   214.516220  43.956566
-58.129192   214.497650  43.947800
-58.087456   214.473724  43.932892
-58.029076   214.433289  43.903404
-57.922367   214.340363  43.832699
-57.766819   214.212494  43.724049
-57.599022   214.085556  43.613647
-57.392879   213.936020  43.470749
-57.121674   213.660614  43.233730
-56.725979   213.244888  42.853889
-56.231308   212.617111  42.275921
-55.704765   211.718658  41.507954
-55.165958   210.603073  40.571503
-54.472980   209.035477  39.303505
-53.740772   206.663528  37.854126
-53.148823   204.118713  36.344337
-52.595795   201.663254  34.777157
-51.923904   199.066986  33.143688
-51.365097   195.771469  31.318451
-50.646275   192.124191  29.341858
-50.029419   188.383743  27.433336
-49.286690   184.474121  25.566214
-48.598644   180.762543  23.947094
-48.011459   177.123337  22.371502
-47.325089   173.351822  20.895971
-46.938900   168.126343  19.344055
-46.562748   162.078964  17.785294
-45.879051   156.743439  16.646912
-45.470097   152.175537  15.946548
-44.902752   148.093399  14.984597
-44.897438   137.477463  14.438727
-44.769993   134.299805  14.851383
-44.501911   130.267609  15.373073
-44.092224   126.072220  15.457850
-44.088192   121.846642  15.921392
-43.937969   117.516541  16.421852
-43.910992   113.459541  17.390350
-44.204590   109.880707  18.533232
-44.958965   106.555840  19.666403
-45.755463   103.490799  20.439156
-46.644356   100.324677  21.062487
-47.748814   97.681396  21.612778
-49.415127   95.369980  22.163391
-51.171207   93.350388  22.552910
-81.657730   98.282341  24.349888
-82.765060   99.446594  24.450201
-84.344551   101.585426  24.453630
-87.776596   109.028488  24.281084
-88.939552   112.059860  24.195282
-91.285812   121.009407  24.824749
-92.157677   125.750870  25.032476
-92.629700   130.104477  25.394947
-91.744392   140.489258  26.564579
-90.711227   144.159363  26.789873
-87.835388   150.968002  27.344732
-85.236450   152.298264  27.332384
-80.786339   154.604263  26.977682
-78.693642   154.423538  26.672117
-74.800163   154.482254  26.237398
-72.759811   153.973373  26.333477
-70.107323   153.122147  26.370810
-65.460701   151.572342  26.055710
-62.961731   150.231735  26.124830
-57.426426   146.886749  25.391905
-54.915863   144.657547  25.623943
-49.281757   140.455017  26.214640
-43.052578   135.034927  25.960770
-40.470551   132.852982  25.861044
-33.966515   127.987953  25.898321
-31.678175   126.609657  25.931408
-28.128036   124.652786  25.618984
-20.886587   122.139481  25.123398
-18.351721   121.154518  25.089146
-11.077930   119.633926  25.006727
-8.084119   119.120651  24.928478
-0.180637   119.106255  23.371340
2.865702   119.339127  23.090059
9.829602   122.330841  22.057791
12.660012   123.845795  21.660398
19.116241   128.935822  20.435730
21.707693   131.604797  20.017242
27.855995   138.186111  18.494209
30.238428   141.278778  18.001902
32.644352   144.828857  16.936953
34.678864   148.447723  15.884946
36.992119   152.573639  14.503674
39.527744   161.301895  12.663283
39.844418   165.869934  11.878756
40.138634   171.589615  10.934923
39.667862   177.740631  10.669870
38.770557   191.466232  9.591136
37.665119   195.926208  9.164844
36.440151   202.081680  8.580129
31.426708   213.198151  8.651178
28.832235   218.862823  9.382148
25.366941   224.643478  11.037010
21.469164   230.062790  12.346211
13.890691   240.359467  15.617620
5.680660   249.323288  18.889631
-3.531163   257.681763  21.672850
-7.231494   261.289001  23.449644
-18.369282   266.583191  27.010164
-22.935884   267.945801  28.403896
-34.044193   269.757751  31.113441
-39.460869   270.744843  31.498148
-44.755360   270.810822  31.881119
-58.104740   267.536530  33.748901
-63.442749   265.715240  34.258171
-73.788879   259.858734  34.324799
-77.663635   256.963593  34.301422
-85.273209   246.546906  34.429863
-87.628548   242.751663  35.059921
-91.985443   230.477661  35.769341
-93.515793   226.241226  35.548901
-95.807014   213.179657  34.729027
-96.436005   208.475388  35.011669
-93.494514   192.861084  35.394360
-92.375832   190.055252  35.477150
-90.651100   187.487869  35.331295
-85.169098   181.161530  35.177429
-82.642639   179.446182  34.959709
-76.524269   176.488754  34.733582
-73.720505   175.273270  34.711960
-67.502357   172.925690  33.226551
-65.056137   172.592499  32.724506
-58.734615   173.685547  31.893776
-55.965374   174.534332  31.450830
-50.463425   177.019928  29.888027
-48.145702   178.449921  29.348698
-44.038460   182.770081  28.252350
-42.505653   185.974457  27.981413
-40.936073   189.082947  27.720379
-39.454483   196.095016  28.007898
-39.069099   202.790192  28.417038
-39.101589   206.033600  28.640087
-39.207531   210.512299  28.820179
-39.320427   215.092636  29.479277
-40.012653   223.955307  30.087107
-40.252636   227.592285  30.361841
-42.027275   236.325577  33.360462
-42.349186   238.782608  34.249672
-42.793724   240.842300  34.925781
-43.479641   245.231796  37.061111
-43.857273   247.086273  38.006985
-44.453716   249.347610  39.175476
-44.623764   249.824829  39.556202
-44.767033   250.076202  39.968170
-44.781048   249.740341  39.980785
-44.751472   248.445129  39.768925
-44.280693   243.347473  38.669514
-44.071697   239.108414  38.526783
-43.262421   232.447266  38.333607
-41.323490   219.057449  37.926292
-40.716446   213.721176  38.284050
-39.145992   198.906845  37.480907
-38.063114   192.431931  37.000362
-36.411110   179.077927  36.983448
-35.367146   172.052017  38.263752
-33.262913   155.757370  41.676785
-32.773697   149.045853  42.675236
-31.914442   142.544769  43.961689
-30.228254   127.138336  46.890041
-28.937695   120.985283  47.984367
-28.270348   109.628937  52.179893
-27.455141   106.250443  53.486557
-26.641136   102.658943  55.158352
-25.490040   97.049164  57.406479
-24.937124   94.956436  58.332874
-24.385609   93.243736  59.122234
-24.074539   92.122337  59.635750
-23.739016   91.190514  59.756794
-23.672302   91.028465  59.742664
-23.764263   92.174728  59.508301
-23.988401   94.076286  58.849251
-24.186172   97.588211  57.111141
-24.118763   100.935410  55.464539
-24.315403   106.732681  53.300613
-26.163067   121.246284  51.145351
-27.008455   127.288429  50.060966
-28.966908   133.283005  49.535912
-31.267820   141.093567  49.712994
-35.871620   157.408020  49.696526
-37.706970   164.277115  50.816486
-39.464931   170.012421  51.409111
-43.990883   182.677063  52.599731
-46.297127   188.226898  52.937984
-48.687881   193.171982  53.626167
-53.426945   203.157654  54.435013
-54.665730   206.488937  54.540501
-56.496696   209.794678  54.764233
-59.462418   217.404663  54.993671
-61.063286   220.399002  54.713207
-61.928017   225.928040  53.974438
-61.729195   228.741089  53.294342
-61.376884   231.033310  52.735130
-60.824356   233.290298  52.232090
-59.411728   236.239777  51.571079
-55.033424   241.225510  50.544353
-48.166767   247.398392  49.621544
-45.055969   249.391586  49.022041
-41.075699   251.736496  47.446018
-36.778461   253.557785  46.395458
-27.504005   256.797668  45.387226
-24.022430   257.524078  44.901886
-21.002386   257.967163  44.500809
-14.293382   257.353058  43.295185
-11.892033   256.794189  42.706188
-8.080733   253.312317  40.662979
-5.552141   245.779343  36.932537
-5.094738   243.093811  35.806454
-5.127613   237.958145  33.265797
-6.548888   233.116608  31.893856
-12.922423   220.324829  32.957523
-15.938835   216.179688  34.986256
-24.550125   207.693710  40.915108
-28.392105   203.594391  43.488602
-37.406769   194.251221  47.784000
-40.805161   190.376450  49.216236
-44.247757   185.817856  50.741631
-47.778240   180.913620  52.488491
-54.744766   171.332230  56.548901
-57.403809   167.897522  58.207623
-62.583256   160.799103  60.847549
-64.501465   158.057053  61.292622
-65.923965   155.186569  61.823456
-68.232620   149.661331  62.972809
-68.887840   147.609207  63.250114
-69.012131   143.183685  63.358444
-68.818764   141.534546  63.461674
-67.215271   139.316666  63.795246
-66.002487   138.471008  63.774010
-62.168980   138.217255  62.911552
-59.971039   138.109039  62.294281
-54.044632   139.317825  60.117531
-50.529114   140.249268  59.231548
-46.174614   141.879898  57.636265
-38.587875   147.497208  55.298592
-35.154312   151.215103  55.970837
-29.191019   159.160843  54.663380
-27.080315   161.493195  53.971424
-22.045073   170.472031  52.055420
-19.679167   174.734055  51.279228
-12.951073   203.574387  47.649101
-13.337613   213.756607  47.995483
-13.558411   218.923325  47.549210
-14.545513   223.832001  47.380192
-16.879652   233.979797  50.050770
-17.750408   236.808731  51.241833
-20.489014   241.114502  53.041389
-25.200249   245.824310  56.074558
-26.807312   246.812561  56.716732
-29.252201   247.592484  57.462368
-34.603157   247.543549  58.986809
-37.489616   246.504318  59.266331
-44.567188   241.717789  60.130455
-50.357059   235.553131  61.777859
-52.891338   231.842880  62.527203
-58.306198   221.575760  63.394573
-59.959343   217.574692  63.595055
-62.008923   208.359970  63.778736
-62.249916   203.564972  63.380756
-59.436798   196.526321  64.560020
-57.869350   193.990845  65.583488
-53.004421   190.127930  67.242310
-50.561707   189.072815  67.975731
-44.887592   186.524582  67.737762
-42.318687   185.941437  67.627037
-36.130157   184.239761  65.834824
-33.297768   183.734344  65.134995
-26.107929   183.966614  64.286324
-23.195803   183.698959  64.315163
-20.593210   183.208359  64.302925
-17.325653   183.480850  64.076599
-11.807429   184.784042  62.830975
-9.787626   185.202698  62.585861
-5.742628   185.396469  61.549110
-4.379728   185.312958  61.368519
-2.875485   185.398209  60.996964
-1.590048   184.955551  60.569038
-1.252113   184.731247  60.503624
-0.926013   184.342072  60.301098
-1.358065   183.641907  60.004646
-1.888595   182.894333  59.815536
-3.135256   180.320236  59.291130
-4.459735   177.761795  59.066914
-8.454128   172.299271  59.244221
-14.068986   166.492279  59.602863
-16.188826   158.707443  57.779835
-19.640928   154.946014  57.269173
-26.109844   153.589355  57.983616
-28.415649   153.310547  58.380791
-31.789310   153.838486  58.915588
-36.180229   155.413269  59.205490
-36.957317   155.932236  59.119343
-37.521530   156.535446  58.992134
-37.987396   157.137268  58.751259
-38.129906   157.541672  58.290405
-37.701233   159.547394  57.496189
-36.554974   161.224228  56.441959
-32.268925   164.381012  54.218781
-29.690506   165.745850  52.895271
-22.481236   170.719086  50.905834
-15.546683   174.639130  48.871578
-8.786651   177.850922  46.799778
-5.314271   181.276657  46.875690
1.387829   188.135529  45.718735
3.920939   190.555008  44.987324
11.807322   199.623001  43.279938
13.345639   201.890213  43.108719
15.916178   208.046219  42.285282
16.578913   209.872513  42.023148
15.043875   214.212112  41.552662
14.498442   215.055923  41.455944
13.380746   216.297363  41.405476
10.317770   216.449570  41.520203
8.470538   215.616394  41.093620
6.255494   213.950043  40.825962
3.332644   209.291626  41.494560
1.216853   203.790634  42.204300
0.291223   201.635422  42.369442
0.018802   196.707031  43.158100
0.167363   195.258911  43.399979
1.966632   191.635300  43.737259
2.843794   190.474335  43.837902
5.502096   188.575272  43.826584
7.690189   187.730621  43.527435
9.643950   187.275482  43.150097
10.764988   187.000549  42.734829
13.127722   187.848282  42.371838
14.092441   188.578568  42.676754
14.914916   189.369843  42.916958
15.773529   190.483475  43.305264
16.728712   193.897873  44.053219
17.081905   196.012131  44.598446
17.305943   200.635910  45.917339
17.384333   201.555801  46.144917
17.560650   203.019760  46.353081
17.653128   203.672455  46.659653
18.006544   204.329788  46.922810
18.424356   203.820694  46.991169
18.808420   203.525726  46.961643
19.475229   202.630569  46.990559
20.005205   201.975311  47.002628
21.284161   200.109451  46.784561
23.196201   196.557999  45.948147
25.560963   189.699295  45.716991
26.970411   187.463699  45.520847
28.533724   185.218521  45.226074
31.143642   180.702438  44.337093
32.194565   178.458649  44.387421
33.930099   174.043793  44.656521
34.644585   172.917953  44.532551
35.377758   171.988739  44.385529
36.317139   171.772202  44.152691
36.697800   171.788696  43.939018
37.228764   172.058975  43.656963
37.795727   173.125793  43.202648
38.230335   176.705856  42.443886
38.308067   182.133820  42.347973
38.440075   186.195541  42.078335
38.287148   190.569794  41.679153
37.001942   202.099808  41.228561
36.370968   206.475052  41.486588
35.486008   210.754822  41.613155
34.412556   216.469482  41.357994
33.830746   222.135223  41.945286
30.504627   235.301880  44.649628
30.100925   238.688660  45.089695
29.515467   242.764755  45.326614
29.060141   248.994888  46.347843
28.848440   250.772018  46.682362
28.660145   252.465057  47.066662
28.668844   253.164413  47.211990
29.170166   253.185883  46.832436
29.558376   252.995529  46.606750
32.077286   248.973938  44.319508
32.903679   246.571442  43.222012
34.410202   241.346863  40.930988
35.858318   237.111603  39.315872
37.687458   228.626266  36.563690
40.980267   216.222778  35.867683
42.005714   211.705276  35.449005
43.509567   202.131943  35.629562
46.017540   195.944412  35.308468
47.165192   193.939697  35.017906
49.722622   189.983643  33.906143
50.878696   188.600571  33.379215
52.750683   185.586975  33.557808
53.426945   184.472290  33.565113
54.022175   183.178177  34.007923
54.726913   182.500504  34.427692
55.324299   182.316360  34.462711
56.316216   182.868347  34.277264
57.544289   184.805054  34.399055
58.289589   186.412399  34.922501
59.150131   188.119110  35.434212
60.223701   190.507202  36.200863
60.844093   191.659714  36.471336
61.287918   192.490906  36.602360
62.446007   194.047684  36.633282
63.540981   195.279709  36.377529
65.253532   196.602066  35.889069
66.755806   197.637833  35.314125
68.210175   198.130783  34.787067
69.330551   198.462082  34.570141
72.035690   198.797699  34.231052
72.826805   198.722214  34.177029
73.981972   198.857712  34.503971
74.917198   198.559311  34.845345
76.547264   199.040146  35.239437
77.314499   199.430313  35.348862
77.980255   200.082108  35.644508
78.515961   201.057236  35.936939
79.415703   202.853439  36.569370
79.513794   203.657059  36.743538
79.595047   204.428299  36.902512
79.653435   205.284607  36.658085
79.555115   206.247772  36.389435
79.067314   207.063492  36.586220
78.423698   207.861496  36.714706
77.672455   208.433670  36.900673
76.848640   208.754852  37.196232
76.019699   208.777664  37.454056
74.754105   208.443649  37.680347
74.067558   208.058167  37.805496
73.269844   207.438202  37.892784
72.802353   206.893768  37.901505
72.256134   205.511887  37.653648
71.915031   204.390533  37.483166
71.850121   203.425903  37.314579
71.990860   202.227341  37.114716
72.330414   200.946686  37.066006
72.930504   199.774155  36.881294
73.383995   198.241882  36.966717
74.090111   196.838608  36.977020
74.855537   195.760712  37.019211
75.746590   195.052277  36.905399
76.656517   194.714066  36.865036
77.566963   194.515549  36.887371
78.240952   194.455856  36.860157
78.889938   194.676529  36.884518
79.377609   194.953918  37.156044
79.805176   195.277451  37.335892
80.190948   195.785019  37.399910
80.501564   196.256638  37.393822
80.725456   196.681763  37.392811
81.009125   197.390350  37.376381
81.299820   198.151047  37.337040
81.664719   199.238632  37.280918
82.013680   200.676651  37.318336
82.269455   202.514725  37.515381
82.470055   204.489136  37.756382
82.725304   206.462952  38.073818
83.051643   209.803619  38.538616
83.242958   211.033218  38.739407
83.458221   212.267014  39.011902
83.835526   213.533920  38.886204
84.199600   214.575546  38.664238
84.656494   215.389160  38.363354
85.045258   216.104446  37.851391
85.185173   216.287415  37.669865
85.625153   216.226288  36.737328
85.838913   216.020737  36.374210
85.849480   215.637863  36.102825
85.933105   214.697174  35.358833
85.710129   213.502350  34.858196
85.530586   212.033463  34.368641
85.510132   210.621216  33.927326
85.643761   208.775803  33.365234
85.866447   206.726242  32.908913
86.285461   204.809555  32.523754
86.927856   203.065704  32.202061
87.721687   201.483047  32.051678
88.775803   199.882751  31.973934
89.767426   198.193497  31.755398
90.607384   195.100327  31.621904
91.655853   193.091293  31.530127
92.835358   191.357895  31.337383
94.058990   190.177536  30.928413
95.875938   189.372726  30.239857
97.356499   188.661896  29.975824
98.753960   188.191574  29.837681
101.946709   188.745819  29.333904
102.744743   188.987534  29.183836
104.075333   189.620178  28.902529
105.475731   190.634766  28.438520
106.959755   192.354675  28.348364
107.992050   193.869385  28.320572
109.035408   195.729630  28.305010
109.422928   196.541031  28.395607
109.774300   198.945740  28.889345
109.866997   200.332062  29.132174
109.624344   202.089722  29.684704
109.144142   203.583832  30.079445
108.264244   204.745377  30.498541
106.478813   205.916382  30.640078
105.055290   206.524704  30.840637
103.823463   206.895721  31.126945
102.608818   207.115952  31.433275
101.267960   207.410294  31.717678
100.318443   206.960678  32.090755
99.294342   206.529877  32.247402
98.253212   205.621613  32.568054
97.618858   204.950958  32.690437
97.000046   204.298218  32.885586
96.169601   203.199127  33.181820
95.645706   200.950943  31.622637
95.568398   200.597214  31.788689
95.818001   199.475861  32.114655
96.128380   198.992935  32.195595
96.730530   198.345367  32.183552
97.314751   197.773636  32.063114
97.939545   197.403152  31.977316
99.470673   196.803757  31.705057
100.443939   196.475067  31.554535
101.486786   196.244858  31.045033
102.531517   196.021484  31.022629
103.350800   195.823975  30.961399
103.985802   195.718658  31.114683
104.671463   195.828796  31.060749
105.180290   195.889664  30.951698
105.528236   195.920898  30.879173
105.806404   195.892807  30.823359
106.053825   195.922760  30.737347
106.263901   195.801559  30.561306
106.332130   195.771057  30.520880
106.367096   195.745041  30.536280
106.418747   195.728134  30.567118
106.523933   195.758499  30.645147
106.574272   195.775909  30.756891
106.623657   195.802368  30.862347
106.658104   195.849640  30.955008
106.689133   196.002411  31.111027
106.718071   196.125549  31.221703
106.755135   196.249710  31.318954
106.825790   196.379745  31.407234
106.894531   196.502899  31.463488
106.992798   196.651337  31.498861
107.040993   196.739731  31.479574
107.091225   196.813675  31.475748
107.137825   196.891510  31.480068
107.201614   197.000168  31.485058
107.240288   197.100189  31.484541
107.358864   197.256699  31.454903
107.511177   197.418015  31.375765
107.648949   197.548599  31.309408
107.742844   197.620804  31.249758
107.823296   197.653473  31.197647
107.881645   197.682068  31.160496
107.929543   197.693741  31.130953
107.979691   197.695160  31.098194
108.022667   197.705505  31.069952
108.057487   197.721909  31.046106
108.095375   197.755356  31.023735
108.132545   197.780777  31.034710
108.165337   197.802856  31.064394
108.194450   197.822281  31.090027
108.223145   197.832458  31.114054
108.255966   197.857101  31.130157
108.284622   197.884430  31.145147
108.310539   197.902603  31.176237
108.335411   197.921402  31.204687
108.327789   197.935120  31.248461
108.296288   197.934769  31.310915
108.220940   197.893021  31.379896
108.098885   197.831955  31.491400
107.886444   197.751495  31.713146
107.647141   197.679001  32.032501
107.434662   197.656815  32.331779
107.327774   197.707642  32.481079
107.121048   197.806198  32.781376
106.965103   197.954971  33.008694
106.852272   198.063705  33.221519
106.766365   198.153488  33.393066
106.740776   198.290466  33.509083
106.711258   198.412155  33.630211
106.708076   198.523193  33.695114
106.688805   198.666412  33.801811
106.707886   198.730621  33.833298
106.623993   198.893585  33.967091
106.517273   199.008118  34.111755
106.300377   199.029465  34.377460
106.104057   199.038681  34.591080
105.968018   199.052048  34.736176
105.870041   199.063675  34.841084
105.769547   199.152023  35.008564
105.699242   199.216751  35.133633
105.667007   199.274353  35.210075
105.645126   199.321259  35.268143
105.576546   199.380707  35.366379
105.520271   199.432968  35.450909
