-108.965065  114.485764  1.479043
-108.953056  114.489838  1.482614
-108.934593  114.500824  1.487172
-108.823456  114.679977  1.539390
-108.811195  114.719421  1.537094
-108.816910  114.719666  1.541416
-108.830086  114.715363  1.553225
-108.841965  114.708794  1.563653
-108.850883  114.700180  1.572976
-108.869110  114.690819  1.579923
-108.891243  114.686867  1.581435
-108.902794  114.679886  1.582867
-108.917564  114.672844  1.583346
-108.926605  114.665894  1.584623
-108.940277  114.651375  1.588488
-108.981590  114.614296  1.587839
-108.985214  114.579254  1.607535
-108.986870  114.546417  1.634507
-108.999817  114.502991  1.660383
-109.011398  114.458099  1.685880
-109.012444  114.442932  1.695520
-109.026962  114.417953  1.712362
-109.047180  114.387901  1.733899
-109.050621  114.376617  1.743115
-109.061539  114.362671  1.747902
-109.090492  114.341675  1.749472
-109.122307  114.318619  1.748332
-109.158005  114.293152  1.744587
-109.196220  114.266312  1.739064
-109.225578  114.244690  1.735978
-109.240921  114.232132  1.735141
-109.246941  114.222603  1.737220
-109.258514  114.210808  1.739839
-109.270111  114.199417  1.738319
-109.281174  114.187912  1.736978
-109.291931  114.179016  1.730546
-109.300880  114.173706  1.720623
-109.307976  114.168678  1.718698
-109.321404  114.154938  1.713444
-109.327393  114.136909  1.706599
-109.331909  114.123619  1.702890
-109.335999  114.112160  1.699286
-109.342613  114.101402  1.697303
-109.351852  114.088478  1.694214
-109.360115  114.079407  1.685605
-109.366875  114.072678  1.676271
-109.355309  114.050606  1.676376
-109.357819  114.028885  1.672981
-109.334641  114.008553  1.683724
-109.315948  113.997864  1.692042
-109.299622  113.988060  1.699583
-109.289795  113.981224  1.709214
-109.266151  113.979195  1.722926
-109.240105  113.978157  1.731980
-109.211273  113.979317  1.738361
-109.168495  113.983955  1.731925
-109.105232  113.992249  1.715473
-109.006958  113.997955  1.696519
-108.886948  113.995323  1.657936
-108.542496  114.014023  1.604308
-108.122070  114.056053  1.463476
-107.841370  114.061455  1.378576
-107.402298  114.059822  1.096544
-106.842186  114.050949  0.734082
-106.416794  113.952301  0.451301
-106.018471  113.806305  0.155345
-105.437691  113.709747  -0.298723
-104.610649  113.540405  -0.850629
-103.649399  113.465004  -1.567198
-102.489853  113.465508  -2.251985
-101.514839  113.520805  -2.816167
-100.391602  113.819153  -3.223268
-99.606087  114.030121  -3.598670
-98.427986  114.314514  -4.119179
-97.168304  114.628738  -4.842720
-95.799469  115.149803  -5.592943
-94.651443  115.516998  -6.457873
-93.535431  115.821693  -7.436285
-92.576889  116.077255  -8.800014
-91.434898  116.693810  -11.064925
-91.322029  116.890869  -11.756947
-91.323090  117.355598  -12.779526
-91.561188  117.859879  -13.741154
-92.556839  118.658157  -15.035846
-93.860611  119.066719  -16.127567
-95.709290  119.568665  -17.180746
-97.791054  119.960449  -17.977995
-100.328918  120.405380  -18.486370
-103.262154  121.225685  -18.172018
-107.006645  122.382721  -17.076365
-109.726624  121.820793  -16.941322
-113.332397  121.438957  -16.783827
-116.354141  120.383759  -16.041443
-118.523895  119.569611  -15.039027
-120.484749  118.652016  -13.995845
-122.101608  117.600868  -12.994111
-123.377495  116.823769  -12.096542
-124.358879  115.585274  -11.242106
-125.001244  114.659294  -10.562397
-125.281113  113.902061  -10.111778
-125.277885  112.833969  -9.826366
-125.118156  111.845665  -9.408727
-121.623619  108.060234  -8.522635
-119.469803  106.098511  -8.132168
-112.489227  101.598213  -7.593786
-109.302414  99.709656  -7.189752
-105.282227  97.519859  -6.595434
-101.517906  95.394394  -5.890913
-98.436829  93.899101  -5.235620
-96.132210  92.231834  -4.693384
-93.386963  90.537209  -3.634794
-91.337440  89.029243  -2.544380
-88.824013  87.658592  -0.889766
-86.863861  86.476929  0.724304
-85.789307  85.469917  2.213413
-85.672386  84.737312  3.200221
-85.768730  83.986443  4.149434
-86.585999  83.523918  5.602067
-87.865219  83.087364  7.031874
-89.655769  82.383957  8.400105
-92.470543  82.020233  9.948159
-94.781403  82.250198  11.414551
-97.438866  82.859741  13.022890
-101.807175  85.422340  16.328552
-106.049606  86.034370  18.306122
-109.067429  87.883087  20.545803
-112.014618  88.956635  22.625441
-116.854843  88.963516  24.524569
-118.035362  88.873207  25.423878
-118.945396  88.900101  26.302074
-119.140320  88.942696  26.665823
-119.038284  88.520454  27.232723
-118.809738  88.032906  27.528730
-118.768723  87.804871  27.934719
-117.730804  87.488029  28.593065
-115.612892  86.624657  29.132729
-113.356438  85.949631  29.511541
-105.447304  81.027298  27.689793
-105.586586  83.402550  27.114208
-100.294754  81.598610  23.332792
-98.810455  83.367973  22.385862
-96.173782  85.119553  20.244541
-90.235115  89.469810  14.627170
-87.943481  91.148537  12.436296
-85.855919  93.201836  10.135028
-83.450462  96.623550  5.779045
-80.745827  99.598495  1.275269
-78.385796  102.510956  -2.683059
-76.484665  105.056679  -6.708323
-75.119049  107.605423  -10.004292
-74.227219  111.181091  -13.892156
-73.851135  114.785355  -17.268499
-73.553246  118.421417  -20.474337
-73.713287  122.421265  -24.260477
-73.637695  125.671097  -27.038279
-73.507172  128.609100  -28.971956
-73.290215  130.909180  -31.017593
-73.098816  133.389557  -32.824818
-72.943497  135.205200  -34.064938
-72.837624  136.530930  -34.881485
-72.800583  137.753204  -35.553822
-72.805206  138.687180  -36.137764
-72.825714  139.297440  -36.524715
-72.890427  139.666565  -36.820351
-72.973503  139.872925  -37.003849
-73.069649  139.930328  -37.099491
-73.305138  138.978073  -37.088070
-73.407272  138.837250  -37.051655
-73.686241  137.453964  -36.522289
-74.290184  135.455276  -35.601982
-74.550743  131.662338  -33.741180
-75.320122  128.838669  -30.991192
-75.972366  125.602066  -28.707729
-76.312752  120.701195  -25.069849
-76.866722  115.643463  -20.790977
-77.500572  111.107040  -16.738369
-78.214836  106.697060  -12.771282
-79.041321  101.861908  -8.620234
-79.652351  97.824539  -4.420879
-80.060593  94.468262  -0.807923
-80.506645  90.832520  2.754284
-79.678841  88.937401  6.653708
-78.811844  89.220047  10.278230
-79.372498  87.760963  12.766474
-79.357750  86.688034  14.194038
-79.610817  85.724899  15.771342
-79.660538  84.885330  17.062883
-80.112511  84.631775  17.897810
-80.597511  85.074341  18.608461
-81.080399  85.415855  18.878338
-81.380066  85.842361  18.905899
-81.631897  87.030403  18.529631
-81.735107  88.263710  17.610655
-81.813812  90.023216  15.968725
-82.159088  92.362495  12.566064
-81.805687  94.762840  9.155210
-81.130409  96.391022  6.541939
-79.034981  100.704895  0.717608
-78.514954  101.776558  -0.530927
-77.642876  103.109985  -2.145516
-76.644363  104.665611  -3.426967
-75.442863  105.836266  -4.727972
-74.344643  106.764381  -5.801288
-73.255486  107.440231  -6.610137
-72.269302  107.894165  -7.264177
-71.350693  108.190430  -7.789605
-70.258659  108.356544  -8.009292
-69.006477  108.160652  -8.146942
-67.604240  107.389038  -7.363269
-66.906349  106.922531  -6.884555
-66.510323  106.249329  -6.177499
-66.220322  105.253319  -5.268297
-65.555542  103.703072  -3.793596
-65.073486  101.705879  -1.992279
-64.940224  99.433548  -0.005119
-64.721825  97.213615  1.610840
-64.482887  95.245308  3.328997
-63.117222  92.963730  5.342781
-61.801128  91.049103  7.793473
-57.661160  88.355598  12.151448
-56.067383  87.656815  13.735217
-55.060390  86.690605  14.962913
-54.228104  85.949768  16.011576
-52.639191  84.679367  16.668346
-50.193039  82.714996  16.486547
-48.144131  82.133408  16.413500
-46.278774  81.497581  16.342831
-44.675838  81.086601  15.746751
-43.259521  80.483437  14.853909
-41.994549  79.289253  13.590690
-40.888973  78.527374  12.172985
-39.938728  78.327652  10.876611
-39.130035  78.626534  9.502953
-38.723545  79.454727  8.071104
-38.428818  80.695755  6.418896
-38.561626  81.623070  4.186817
-39.135365  82.773918  2.447609
-39.703476  84.004654  1.030395
-41.793140  87.536011  -0.989700
-43.320587  88.935280  -2.103686
-44.745567  90.238396  -2.853939
-47.435238  91.808899  -3.919785
-50.061493  93.139969  -4.635756
-52.140888  94.272110  -4.952596
-53.492207  94.950569  -5.065002
-54.797279  95.386780  -5.012231
-55.733894  95.666000  -5.012547
-56.472126  95.853745  -5.182310
-56.967274  95.953697  -5.315684
-57.245472  95.970497  -5.418293
-57.248772  95.975311  -5.517827
-57.052345  96.003212  -5.697607
-56.525478  95.843071  -6.039799
-55.292267  95.625168  -6.545797
-53.439781  95.347252  -7.486989
-51.186337  95.172424  -8.494954
-48.929050  94.962517  -9.862654
-46.581692  94.838051  -11.136265
-41.896900  94.624451  -13.787348
-40.192329  94.702858  -14.788170
-38.251621  94.593620  -16.157108
-36.405003  95.115166  -17.390940
-35.293839  95.904541  -18.900236
-34.277237  96.179115  -20.111916
-33.739716  96.429207  -20.400921
-33.412212  96.854774  -20.860415
-33.506409  97.380089  -21.406189
-33.773376  98.194580  -21.664436
-34.166340  98.557121  -21.842876
-34.513947  98.700912  -21.789457
-35.234646  98.595490  -21.329714
-36.334724  98.650703  -20.730732
-37.819515  98.376335  -19.920177
-39.394485  97.846603  -18.860538
-40.964115  97.625237  -17.586533
-42.556812  97.251396  -16.169449
-44.199047  96.459129  -14.663082
-45.460548  95.143509  -13.091617
-46.521858  93.863792  -11.258574
-47.420753  92.519386  -9.097093
-47.893780  91.205772  -7.418035
-48.129196  89.737198  -5.524223
-48.259987  88.392647  -3.693619
-48.021706  86.872704  -1.760890
-47.377728  85.072945  -0.182825
-46.700047  83.436829  1.402261
-45.539146  81.816360  2.823601
-44.307850  80.415833  3.946999
-43.542309  77.571823  4.772120
-41.734989  75.384041  5.444787
-40.462456  74.010117  5.981578
-38.778744  72.805679  6.107615
-37.043091  72.019653  5.943405
-34.981239  71.266975  5.983542
-32.434647  70.830719  5.544243
-29.651114  70.879089  4.811126
-27.006851  71.075928  3.731387
-25.632122  71.121689  1.944559
-24.127926  71.537292  0.347993
-22.842304  72.301804  -1.507923
-21.526836  73.266380  -3.283328
-20.528255  74.257263  -4.687609
-18.587988  73.204216  -7.450900
-17.589739  72.636971  -9.973037
-18.062843  73.341324  -12.461704
-18.477839  74.538963  -13.627464
-18.668989  75.699089  -14.863496
-19.074806  77.296967  -16.080923
-20.164417  79.662521  -17.430046
-20.663765  84.194939  -19.062101
-21.965431  86.073257  -19.014614
-24.895121  85.318336  -20.324379
-26.283369  85.266289  -20.551558
-27.670691  85.629929  -20.757206
-29.040188  85.898399  -20.679468
-31.741943  85.704071  -19.295208
-33.098343  85.139290  -18.331995
-35.203987  82.438217  -15.046461
-35.757614  81.562622  -13.920055
-36.433399  80.422920  -12.436382
-36.662853  79.324661  -11.089856
-36.486065  77.631126  -9.375814
-35.770622  74.592819  -6.607147
-35.184704  72.656357  -5.240129
-34.220802  70.817337  -3.445500
-33.277813  69.704063  -2.561839
-31.506912  67.615944  -1.770879
-29.696215  66.660851  -1.175036
-25.703554  65.838890  -1.303865
-24.083218  63.590641  -1.411135
-19.741421  59.464069  -2.545090
-17.787750  58.313354  -3.565378
-15.453910  57.077217  -4.991189
-13.677854  57.068344  -6.827439
-10.431230  57.659027  -11.781770
-8.914083  58.675957  -13.874773
-7.832165  59.679455  -15.498745
-6.488664  62.023819  -18.400173
-6.177253  62.826218  -19.272623
-5.758852  64.075272  -20.709509
-5.450810  65.014679  -21.896793
-5.489317  65.537819  -22.979580
-6.311988  65.626045  -23.876717
-7.097229  65.669441  -24.288862
-7.653028  65.637001  -24.394148
-8.245313  65.207062  -23.840910
-8.565175  64.929932  -23.229082
-9.029807  63.938560  -21.649633
-8.442895  62.310169  -19.727123
-8.537006  60.173180  -16.675051
-9.220961  59.086124  -12.509862
-9.892557  59.294048  -8.462534
-10.097507  59.308384  -5.492988
-10.011676  58.856945  -2.588090
-9.487334  57.203300  0.227300
-9.039665  56.118607  2.858454
-8.542176  55.308109  5.549102
-7.625257  54.318989  8.017374
-6.483878  53.888561  9.870994
-5.437311  54.105625  10.888569
-2.608376  53.143833  11.746452
-0.843375  53.071438  11.788140
0.691801  53.988804  11.037348
2.701278  54.198620  10.180924
4.798721  53.899200  9.059126
6.767512  55.076939  6.938923
9.182401  56.789749  4.100858
11.136808  59.147572  0.401126
12.653811  61.401077  -3.116072
14.009163  62.549931  -6.045722
14.906075  63.346718  -8.090019
15.666638  64.315285  -10.111010
17.252010  66.140350  -12.760221
18.429890  68.008034  -15.693564
18.877518  70.549149  -18.490866
19.030390  72.465576  -20.475895
18.976765  74.030212  -21.914701
18.871761  75.135735  -22.862871
18.594793  76.166550  -23.646601
18.393267  76.893806  -24.182871
18.313423  77.277908  -24.453163
17.903904  77.792946  -24.398386
15.710338  79.149803  -22.815207
13.962058  80.333626  -20.682837
12.837963  78.570938  -12.042045
13.482406  78.279190  -8.634376
14.738420  76.262726  -5.397204
15.937167  76.409904  -2.509549
17.840887  76.852676  0.934056
20.040630  75.883263  3.976042
21.427670  74.687531  7.128468
23.032974  75.017281  9.775868
24.075687  73.962738  16.038380
25.950314  75.542206  18.228697
23.786467  67.344528  23.428978
22.838844  62.785229  25.990250
23.376547  59.508747  28.249245
22.798035  58.104622  29.603905
22.310299  57.350559  30.491743
22.018951  56.906216  31.062054
21.329327  56.451202  31.831350
19.187775  55.253582  34.189678
16.425743  54.701591  36.264950
13.287032  54.194874  37.859035
11.533597  53.264446  39.343109
10.347034  52.860634  40.090210
8.626631  53.022324  40.497993
7.012871  53.268822  40.721508
5.350707  53.938145  40.108006
2.672186  54.375519  39.723820
1.928385  54.095856  39.632603
0.918410  53.815922  39.060226
-0.178652  53.533360  37.780628
-3.012247  54.106197  37.075909
-5.494668  54.317856  36.191444
-7.626402  55.270420  35.202244
-8.366480  55.559032  33.633003
-8.596622  56.316639  32.176529
-8.168823  57.058681  30.379280
-7.237868  57.809456  28.519974
-6.005029  58.217289  26.682501
-4.500388  58.409840  25.042360
-3.078138  58.847198  23.586857
-1.253855  58.802292  22.369478
0.757545  58.709755  21.234739
3.116021  58.687233  20.378729
5.535561  59.250229  19.119776
8.018833  62.018024  16.281540
11.854783  64.738937  13.864098
16.121977  68.542610  11.649777
19.265501  70.142647  10.415112
22.380819  72.993500  8.985907
30.561571  78.907478  4.586633
32.506157  81.553223  3.341867
34.932045  83.380264  1.860492
36.965088  85.754532  0.661120
39.487602  89.688210  -1.307548
41.113441  91.983757  -2.588205
42.115902  93.531853  -3.742445
43.099045  94.914368  -5.127595
44.040386  96.592827  -6.579942
44.551628  97.799774  -7.718197
44.831318  98.675636  -8.679550
45.125172  99.780502  -9.861082
45.219326  101.154327  -11.346746
45.101349  102.356316  -12.631619
44.642155  103.404633  -14.029307
43.802132  104.260521  -15.545973
42.597050  104.703735  -16.852797
41.060577  104.789444  -17.756323
39.476929  104.552460  -18.407810
37.837898  104.302406  -18.913443
35.778748  103.779068  -19.204597
33.881756  103.233910  -19.116322
32.059326  102.740768  -18.794075
30.430410  102.150047  -18.287762
28.658340  101.205498  -17.373745
27.068346  100.190376  -16.326378
25.664743  98.601173  -14.988040
24.340799  96.691109  -13.554534
23.069132  94.562775  -11.813975
22.135283  92.359192  -9.905643
21.497437  90.455994  -7.970155
21.265581  88.502258  -5.922232
21.386246  86.709114  -4.106367
21.779686  85.824005  -1.236685
22.505934  84.346886  0.571862
23.109621  83.589973  2.086520
23.953283  82.820297  3.430146
25.121820  82.084633  4.496105
26.478817  81.421227  5.269687
27.936848  80.901199  6.027001
29.695684  80.967369  6.555993
31.864124  82.740120  6.650752
33.994068  85.199539  6.551851
35.792606  86.828819  6.341931
37.307175  87.841606  5.934556
38.528999  88.656418  5.422519
39.768093  89.404785  4.698606
40.955032  90.365189  3.598716
42.074272  91.477715  2.384738
43.174133  92.672737  0.922352
44.180042  93.882462  -0.661586
44.921638  95.141434  -2.213712
45.570160  96.506508  -3.815599
46.217560  98.089813  -6.017993
46.605000  99.155434  -7.559479
46.691906  100.012489  -8.833488
46.770676  100.930588  -10.022902
46.762146  101.638992  -10.952816
46.714321  102.311226  -11.846812
46.600319  102.828529  -12.544457
46.424129  103.232849  -13.082136
46.112637  103.555130  -13.524621
45.725296  103.710510  -13.812789
45.457100  103.744125  -13.857658
45.262653  103.718330  -13.848998
45.088551  103.536110  -13.721290
44.808559  103.172852  -13.448126
44.355495  102.345764  -12.905285
43.808456  101.276680  -12.018985
43.116627  99.843765  -10.637337
42.231369  97.760323  -8.375147
41.713829  95.783249  -5.904473
41.463764  93.951889  -3.460002
41.377987  92.173637  -1.103080
41.635647  90.577377  0.799355
41.914898  89.317879  2.299306
42.716343  88.092125  3.851461
43.717262  86.971039  5.115460
44.966545  85.943459  6.056041
46.182850  85.167282  6.704257
48.105812  84.403931  7.245348
50.201332  83.844139  7.435046
52.094913  83.517479  7.340165
54.023266  83.493042  6.841776
55.782261  83.594009  6.290186
58.065689  83.981148  5.360092
60.468548  84.578537  4.108516
62.493160  85.561890  2.699778
64.377670  86.579590  1.064928
65.822289  87.531120  -0.231024
67.321251  88.811661  -1.997922
68.547531  90.262207  -3.971731
69.308746  91.476089  -5.715497
69.890305  92.670197  -7.613753
70.124252  93.874397  -9.359288
70.008224  95.206421  -11.038458
69.488411  96.510101  -12.740404
68.831367  97.704422  -14.235544
67.829659  98.755966  -15.613793
66.437614  99.774597  -16.969137
64.887215  100.576965  -18.081446
63.252556  101.074646  -18.874254
61.419086  101.526360  -19.444998
59.218853  101.734810  -19.827393
56.927860  101.788734  -20.038696
54.751389  101.600121  -19.864513
52.765457  101.293488  -19.379156
51.149837  100.910057  -18.839405
49.972416  100.389427  -18.152596
49.278000  100.041374  -17.725903
48.847954  99.641953  -17.293030
48.749310  99.118614  -16.827183
49.077282  98.393669  -16.105154
49.768124  97.491020  -15.234899
51.060455  96.307800  -14.188134
52.838547  95.176582  -13.260786
55.287319  93.905167  -12.195334
58.102291  92.706253  -11.155122
61.053238  91.760658  -10.173786
64.066826  90.722305  -8.701797
66.861420  89.768044  -7.418521
69.500397  88.890518  -6.061723
71.657799  88.037422  -4.746372
73.687637  87.312424  -3.580477
75.330208  86.679810  -2.385953
76.601189  86.418587  -0.431072
76.497017  85.687607  0.884064
75.847488  84.718208  2.974107
74.831650  83.619064  4.973668
73.085655  82.617119  6.733883
71.150368  81.234238  8.439094
68.568764  80.671822  10.252929
66.196106  80.398354  11.736349
63.807209  80.213646  13.061332
61.197765  79.826370  14.511930
59.143818  79.340019  15.932030
57.805950  79.057701  16.918177
57.032848  78.715866  17.623476
56.533424  78.319305  18.304213
56.291477  78.148132  18.853880
56.157387  78.040588  19.317801
56.787312  78.588394  19.900152
57.265617  79.197144  20.408358
58.290768  79.916191  20.260658
59.783363  80.812386  19.510431
61.518970  81.661987  18.788210
63.748566  82.928818  17.615540
65.477669  84.267265  16.501621
67.442635  85.867760  14.983414
69.932137  87.932167  13.024349
72.082458  90.004868  10.894876
74.276588  92.092384  8.529629
76.115074  94.152481  6.243273
77.369926  95.875305  4.433330
78.562439  97.781120  2.276193
79.475288  99.425575  0.473654
80.263710  101.323364  -1.599674
80.653679  103.269005  -4.136975
81.028297  104.968025  -6.197184
81.412384  106.984138  -8.429638
81.399841  108.648689  -10.542422
81.370575  110.288170  -12.347430
81.218048  112.076965  -14.118135
81.086342  113.666443  -15.653193
80.885010  115.185455  -17.043659
80.623863  116.745667  -18.363096
80.439728  118.111656  -19.510593
80.199928  119.072876  -20.600878
80.060539  119.865196  -21.494400
79.962692  120.366035  -22.140297
79.711853  120.784935  -22.603003
79.616959  120.904518  -22.752867
79.492706  121.029121  -22.903990
79.388268  121.098701  -22.991957
79.229332  121.086029  -23.000786
78.849960  120.735558  -22.718653
78.137947  119.775421  -21.934002
77.159607  118.305794  -20.494780
76.134438  116.595444  -18.708153
75.253365  114.760986  -16.862940
74.565498  112.861130  -14.986809
73.992508  110.911804  -12.986530
73.523827  108.982582  -10.981482
73.300529  106.938759  -8.576484
73.650307  104.922295  -6.409391
73.970398  103.005836  -4.335246
74.657829  101.162231  -2.329556
75.512634  99.760788  -0.616294
76.879181  98.448204  1.127805
78.337318  97.289642  2.549657
80.009079  96.326294  3.759947
82.171562  95.611221  4.809241
84.330177  95.115074  5.656831
86.230507  94.769264  6.282608
88.362839  94.592430  6.645006
90.428474  94.286980  7.055536
92.426964  94.256386  7.341650
94.399254  94.281891  7.566477
96.410995  94.294106  7.936499
97.766891  94.310989  7.911593
98.845268  94.312027  7.917130
99.734444  94.460335  7.764814
100.313072  94.661461  7.469926
100.729187  94.620575  7.367517
100.927246  94.583382  7.235876
101.074203  94.542488  7.189552
101.091858  94.475769  7.084396
101.094864  94.411858  6.951699
101.159653  94.309319  6.662698
101.161095  94.188263  6.330106
101.121796  94.049179  6.101140
100.940056  93.909683  5.833623
100.745499  93.657059  5.650269
100.334236  93.498772  5.346471
100.031052  93.374496  5.145661
99.803879  93.189880  5.115993
99.605621  93.010277  5.140169
99.335777  92.894226  5.056389
99.083847  92.786591  4.969861
98.878098  92.712151  4.870628
98.664375  92.618454  4.760192
98.487869  92.522278  4.680606
98.411003  92.418976  4.694551
98.299065  92.296371  4.707601
98.229042  92.132431  4.776781
98.181076  91.988304  4.820590
98.155205  91.824066  4.885281
98.158607  91.631416  4.932007
98.127991  91.446091  4.980763
98.154076  91.303207  5.011755
98.224373  91.134300  5.057054
98.253189  91.000412  5.046885
98.256706  90.793816  5.077082
98.250679  90.559853  5.116152
98.248741  90.380127  5.150577
98.278030  90.187592  5.208767
98.293694  90.035988  5.256998
98.305634  89.902939  5.308517
98.328377  89.759628  5.374337
98.334229  89.607071  5.440613
98.321014  89.488144  5.484724
98.290192  89.396431  5.516414
98.255142  89.311951  5.559518
98.209503  89.221207  5.609733
98.168350  89.157661  5.645576
98.131927  89.111031  5.675229
98.089188  89.067368  5.701440
98.057884  89.029030  5.726149
98.056389  88.989235  5.764497
97.993187  88.971527  5.792374
97.973564  88.966225  5.800834
97.937241  88.946533  5.827390
97.903114  88.932243  5.847304
97.863426  88.903465  5.878712
97.810860  88.873505  5.911531
97.757767  88.853317  5.934752
97.707237  88.835556  5.952624
97.630562  88.776749  6.002700
97.549431  88.709747  6.058683
97.486290  88.654999  6.108087
