-142.246964   171.450912  -24.222620
-140.678406   175.338043  -25.189943
-138.291916   178.482513  -26.069624
-136.454239   183.302628  -26.224659
-134.496872   187.312744  -26.687119
-132.803757   192.188095  -27.160343
-131.116364   197.193954  -28.329884
-129.493759   201.513184  -29.886427
-127.649673   205.744690  -31.576992
-123.322655   222.082336  -37.257347
-122.423462   225.038467  -38.385658
-121.358055   229.031403  -39.875515
-119.874947   232.931671  -40.910156
-118.593025   237.435577  -42.406372
-117.324173   241.749252  -43.355343
-116.151505   245.359009  -44.146046
-114.891373   248.254059  -44.829582
-113.950127   251.582275  -45.485390
-112.749527   254.769730  -46.044365
-111.603844   258.181427  -46.604797
-110.548042   260.578857  -47.088299
-109.622887   263.436127  -47.233635
-108.739838   267.011902  -48.164322
-107.753632   270.183838  -48.803970
-106.770294   272.125549  -49.264305
-105.986023   274.467163  -49.537815
-105.278877   275.925232  -49.754650
-104.475830   277.029633  -49.983818
-103.670906   278.152130  -50.211044
-102.858208   279.112457  -50.365795
-102.128532   279.933228  -50.543938
-101.485535   280.644775  -50.671329
-100.926613   281.549408  -50.762390
-100.349075   282.183655  -50.791588
-99.932045   282.719574  -50.889812
-99.516991   283.107788  -51.009705
-99.135384   283.448792  -51.094872
-98.816322   283.714355  -51.208218
-98.530151   283.921448  -51.305191
-98.270592   284.032471  -51.372097
-97.975876   283.965454  -51.458847
-97.693039   283.877625  -51.549126
-97.383118   283.862946  -51.656635
-97.012619   283.695190  -51.810188
-96.574806   283.309357  -51.931141
-96.120117   282.641327  -52.039776
-95.427353   281.467987  -51.847996
-95.108902   281.327454  -51.808655
-94.548508   280.505219  -51.824146
-94.222099   279.823395  -51.821781
-93.095848   277.205231  -51.454617
-92.133293   274.493988  -50.979237
-91.626701   272.394257  -50.705494
-91.103249   270.686005  -50.500149
-90.642548   268.818390  -50.234818
-90.291206   267.138977  -49.913162
-89.667763   264.863312  -49.626083
-89.171333   262.725037  -49.277729
-88.612350   259.779236  -48.967167
-87.902405   256.669556  -48.057720
-87.408119   254.006714  -47.545830
-86.898376   251.764450  -46.861313
-86.263840   249.043991  -46.008869
-85.757484   246.442123  -45.334316
-85.150764   243.559113  -44.533298
-84.460434   239.905685  -43.551315
-83.926163   236.187988  -42.522041
-82.996689   232.777054  -41.214378
-82.305634   229.898422  -40.169376
-81.333984   226.713257  -38.486050
-80.407173   223.182465  -37.554031
-79.694641   220.386536  -36.885601
-78.701698   217.150116  -35.725586
-77.732430   213.501068  -34.569912
-76.862206   209.981216  -33.351784
-76.177605   206.485901  -32.341812
-75.634621   203.506226  -31.158033
-74.953949   199.986298  -30.032597
-74.125359   196.080490  -28.275484
-73.494896   192.426010  -26.319715
-72.760811   189.394409  -24.869303
-72.013969   185.792053  -23.399351
-71.263664   181.956802  -21.777575
-70.559471   178.323685  -20.323896
-69.937355   175.415939  -19.177486
-69.315292   172.725693  -18.002939
-68.707985   170.379196  -16.799135
-68.092560   168.001755  -15.920197
-67.636589   166.019821  -15.461230
-67.275917   164.298035  -14.941957
-66.908287   162.835526  -14.450820
-66.743416   161.671921  -14.065567
-66.580437   160.539185  -13.729586
-66.390976   159.262161  -13.527617
-66.322960   158.424789  -13.310015
-66.332764   157.907898  -13.199310
-66.370667   157.594193  -13.123653
-66.447311   157.411728  -13.108169
-66.542969   157.435059  -13.067159
-66.858871   157.595169  -13.132112
-67.280678   157.877884  -13.188372
-67.908112   158.279144  -13.288532
-68.685875   159.062729  -13.472970
-69.935364   161.011139  -14.388340
-71.479324   163.039810  -15.476274
-72.714638   164.621170  -16.149410
-74.184738   166.500916  -16.996525
-75.363602   167.835983  -17.538626
-76.675018   169.840744  -17.802265
-77.994911   171.690002  -18.151165
-79.780838   174.073853  -18.908319
-81.510361   176.862213  -19.712185
-83.035133   179.976471  -20.160477
-84.431664   182.030075  -20.550753
-85.586967   183.618286  -20.735996
-86.650795   184.841721  -21.038067
-88.111160   186.747925  -21.486933
-89.814827   188.843887  -22.106373
-91.475822   190.552902  -22.833651
-93.053619   192.248337  -23.380917
-94.455276   193.398819  -23.666731
-95.786041   194.574173  -23.740616
-97.132126   195.522903  -23.827137
-98.865532   196.744446  -23.841326
-100.900261   198.033493  -23.963543
-102.613113   198.716278  -23.820316
-104.482437   199.541794  -23.652225
-106.314240   200.221252  -23.401823
-108.158531   200.709274  -23.136637
-110.018394   200.976074  -22.781437
-111.837036   201.237305  -22.507547
-113.659729   201.561340  -22.106426
-115.413857   201.881851  -21.710110
-117.013237   202.079529  -21.294035
-120.910973   203.109528  -20.038944
-121.751968   203.322083  -19.805132
-122.604210   203.669327  -19.521332
-123.235489   204.067932  -19.348782
-123.614998   204.320740  -19.230465
-123.883354   204.593430  -19.170097
-124.025299   204.772888  -19.191601
-124.027573   204.959625  -19.310257
-123.872681   205.095871  -19.444933
-123.460388   205.302231  -19.657305
-122.492775   205.754761  -19.960701
-120.945808   206.349564  -20.466623
-118.793900   206.991440  -21.457474
-116.373322   207.772537  -22.405796
-113.692520   208.588837  -23.228540
-110.900787   209.309921  -24.092630
-107.986954   210.021118  -25.240576
-105.097054   210.605164  -26.269772
-102.010071   211.326569  -27.118088
-98.918732   212.295914  -27.854225
-95.682365   213.082321  -28.720840
-92.561874   214.050735  -29.574657
-89.752747   214.798462  -30.318621
-86.615334   215.729706  -31.136368
-83.425789   216.275497  -31.955439
-80.452538   216.988953  -32.672134
-77.624054   217.544006  -33.347469
-74.863945   218.269379  -34.039803
-72.051109   219.116882  -34.732395
-69.422707   219.982376  -35.138489
-67.095886   220.640564  -35.398724
-65.012650   221.313705  -35.609398
-62.913170   221.997299  -35.770142
-61.015839   222.780151  -35.958782
-59.438385   223.370514  -35.925838
-58.068893   224.073196  -35.938381
-56.832600   224.733658  -35.981426
-55.758141   225.285400  -36.046268
-54.842632   225.664032  -36.059509
-53.995304   226.084229  -36.007534
-53.215782   226.441910  -36.035542
-52.489281   226.679474  -36.084610
-51.801594   226.783539  -36.040150
-51.136421   226.851227  -35.918247
-50.606014   226.944946  -35.831398
-50.079121   226.935120  -35.754112
-49.580528   226.792786  -35.532627
-49.131973   226.505142  -35.220371
-48.631695   225.738403  -34.703152
-48.210163   224.634674  -34.071648
-48.058060   223.374634  -33.471584
-48.076397   221.569382  -32.811749
-48.334576   219.046814  -31.737740
-48.503372   216.731445  -30.640810
-48.812695   213.937851  -29.162809
-49.053024   211.329605  -28.113405
-49.349205   209.114624  -27.088772
-49.723957   206.975204  -26.041061
-50.068775   204.393631  -24.724489
-50.366020   201.672653  -23.418629
-50.721561   198.584579  -21.917566
-51.219269   195.590439  -20.552073
-51.735786   192.830231  -18.948299
-52.092411   189.841797  -17.829065
-52.305939   188.362839  -16.761606
-52.499821   185.779587  -15.519037
-52.800785   183.283325  -14.149856
-52.968204   181.065796  -13.130273
-53.247581   179.148773  -12.239748
-53.569786   177.212448  -11.264556
-53.989929   175.059174  -9.932425
-54.467419   172.955505  -8.688145
-54.887619   170.798309  -7.948680
-55.261333   169.024918  -7.137773
-55.664135   167.154739  -6.258531
-56.014435   165.306168  -5.396660
-56.281857   163.718140  -4.619947
-56.573387   162.515060  -3.901215
-56.788628   161.551636  -3.282117
-56.961868   160.599197  -2.708087
-57.109913   159.848038  -2.241158
-57.200077   159.402847  -1.928907
-57.241093   159.126495  -1.745752
-57.239777   159.051132  -1.634687
-57.234802   159.083176  -1.617869
-57.224152   159.165894  -1.665308
-57.210064   159.373428  -1.815243
-57.171310   159.647293  -1.989394
-57.205528   160.606613  -2.589365
-57.162201   162.033142  -3.827485
-57.156509   163.489227  -4.952894
-57.211205   165.130737  -5.914344
-57.113216   167.086945  -6.902154
-56.964680   169.010880  -7.894870
-56.839336   171.329437  -8.908887
-56.683067   173.335098  -9.529904
-56.633995   175.598999  -10.260615
-56.473190   177.935242  -11.142858
-56.318447   180.174088  -11.923983
-56.166557   182.560379  -12.845122
-55.821274   185.225540  -13.996968
-55.475250   187.832855  -15.007433
-54.673630   191.115051  -16.032946
-54.275414   193.536301  -17.099541
-53.933868   195.519485  -18.023001
-53.514751   197.464111  -18.688293
-52.968395   199.706467  -19.363611
-52.135635   202.066483  -19.669041
-51.265400   204.298401  -20.245481
-50.218159   206.194702  -20.837906
-48.756054   208.363327  -21.420483
-47.222149   210.618332  -22.174360
-45.848072   212.766998  -22.910702
-44.026382   214.668289  -23.459940
-42.130440   216.773941  -23.888269
-40.502102   218.334244  -24.541855
-39.150417   219.699478  -25.290771
-37.504471   220.748260  -25.868055
-35.930294   221.457245  -26.433813
-34.248447   221.891357  -26.892889
-32.450283   222.526733  -27.285755
-30.512968   223.029175  -27.509403
-28.478352   223.243103  -27.605347
-26.358053   223.339813  -27.743015
-24.576342   223.281509  -27.547491
-19.401897   221.512375  -27.016531
-18.116297   220.880615  -26.898411
-16.613012   220.236801  -26.845863
-15.327785   219.387146  -26.676266
-14.126579   218.275681  -26.480005
-13.207858   216.680191  -26.099628
-12.479803   215.390335  -25.727777
-12.096768   214.297379  -25.169882
-11.921350   212.963181  -24.641546
-11.847241   211.604721  -23.876055
-11.978540   210.323792  -23.307501
-12.252815   208.727264  -22.746727
-12.623490   206.836624  -22.123123
-13.234343   204.917938  -21.277815
-13.910835   202.779861  -20.163094
-14.604014   200.667709  -19.057865
-15.153367   198.899918  -18.099361
-15.873574   196.613495  -16.740358
-16.612764   194.514740  -15.590925
-17.392010   192.015244  -14.661950
-18.254580   189.622696  -13.838991
-19.248611   186.652084  -13.123058
-20.207699   183.973892  -12.247697
-21.080799   181.527481  -11.311755
-21.766556   179.530106  -10.359887
-22.651350   177.028702  -9.150928
-23.478743   174.196991  -7.609105
-24.151243   171.702484  -6.322642
-24.601915   169.487946  -5.202422
-24.953400   167.558731  -3.949931
-25.097034   165.432938  -2.728115
-25.106663   163.985107  -1.921080
-24.901604   162.589630  -1.081313
-24.202698   161.171829  -0.360774
-23.164324   160.377792  0.333404
-21.642437   159.530640  0.881184
-20.009872   158.641113  0.828276
-18.230396   157.883713  0.509424
-16.645535   157.662735  0.089783
-15.056120   157.503510  -0.375888
-13.133922   157.611618  -0.939029
-11.799245   157.913849  -1.552945
-10.411913   158.404144  -2.276064
-8.869671   159.129837  -3.142547
-7.029355   160.032059  -4.166102
-5.040454   161.199432  -5.517593
-3.407266   162.528564  -6.725813
-2.127827   163.683243  -7.616766
-0.716139   165.576584  -8.598433
0.357862   167.622192  -9.680953
1.319545   170.558273  -10.642140
2.100005   173.752411  -11.591130
2.904542   176.656708  -12.654008
3.806287   180.199860  -13.788978
4.256298   183.133438  -14.877441
4.861724   186.126816  -16.235739
5.226360   189.340591  -17.543949
5.384727   192.386856  -18.588627
5.668527   195.469193  -19.877510
5.873500   199.018265  -20.783375
6.432836   202.619568  -21.973997
6.790629   205.622498  -22.810373
7.446856   208.718231  -23.864958
7.983960   211.307831  -24.641375
8.567475   213.898026  -25.311184
9.114378   216.284210  -25.949146
9.475509   218.861526  -26.621531
9.768323   220.761505  -27.090254
10.023834   222.040710  -27.387112
10.168115   223.007736  -27.586535
10.297163   223.881226  -27.765585
10.441407   224.720810  -27.916866
10.569408   225.427917  -28.016083
10.687701   225.962509  -28.102743
10.744658   226.547623  -28.210253
10.767135   227.016510  -28.298424
10.773642   227.191040  -28.320745
10.750693   227.226517  -28.318834
10.709275   227.222580  -28.320236
10.531403   227.008362  -28.153900
10.276926   226.591217  -27.866913
9.850181   225.721466  -27.369310
9.554240   224.637634  -26.912094
9.325158   223.539749  -26.370033
9.083942   222.191910  -25.855606
8.817492   220.204681  -25.211740
8.609596   218.059875  -24.456369
8.395904   215.721481  -23.569197
8.152828   213.332336  -22.585987
7.894878   210.911423  -21.773888
7.853468   208.428055  -21.015263
7.367906   205.971909  -20.333132
7.219807   203.135010  -19.184702
6.821819   200.201157  -18.064882
6.425319   196.927368  -17.006639
5.952356   193.765076  -15.864139
5.344268   190.562286  -14.670185
4.847064   187.538010  -13.728332
4.487628   184.746567  -12.843441
4.183725   182.454132  -12.034849
3.944891   180.205887  -11.044777
3.737477   177.971191  -9.910786
3.632645   175.659653  -8.818728
3.650500   173.277573  -7.669388
3.886880   170.994492  -6.538317
4.344795   168.283386  -5.333397
4.981346   165.742233  -4.274893
5.767883   163.512405  -3.390725
6.814147   161.438171  -2.779833
7.918780   159.909103  -2.388874
9.431991   158.812851  -1.754958
10.927494   157.614792  -1.153788
12.574953   156.645996  -0.905720
14.399765   155.752716  -0.855262
16.328455   155.212784  -0.918155
18.635315   154.891663  -1.140029
21.274059   154.900696  -1.683441
24.185196   155.052231  -2.239930
27.499689   155.523193  -3.119142
30.473368   156.232697  -4.007401
33.144276   157.206314  -4.853767
35.448978   158.064148  -5.608035
37.405869   159.254257  -6.264166
39.446945   160.630600  -6.844792
41.711868   162.505615  -7.587627
47.384480   170.193527  -9.289475
48.370861   172.248993  -9.875131
51.071678   178.461624  -10.253385
52.318443   183.063843  -11.467387
52.537994   185.182831  -12.307496
52.380859   186.680954  -12.894321
52.093975   188.031433  -13.388709
51.338745   190.606567  -14.648379
50.941761   192.051987  -15.217542
50.206661   194.754395  -15.981732
49.753479   196.532745  -16.859608
48.920410   198.682816  -17.912954
47.603542   201.522705  -19.364719
46.640015   202.660202  -20.140938
44.936466   204.702347  -20.651249
43.779514   205.843292  -20.824921
41.642960   207.754761  -21.150063
40.376251   208.742661  -21.292013
38.715981   209.748627  -21.477200
36.762661   210.970718  -21.666969
33.938961   212.243729  -21.795813
32.835938   212.695084  -21.755739
31.179655   213.280167  -21.742874
28.454775   214.019623  -21.733574
26.437380   214.240829  -21.669025
23.775122   214.647171  -21.529045
20.698717   214.701340  -21.182047
19.633524   214.618622  -20.996372
18.186031   214.195724  -20.509665
16.438828   213.586334  -19.933332
15.638465   212.831131  -19.662630
14.767153   211.595474  -19.233959
14.023211   210.211151  -18.593231
13.281037   208.004776  -17.549139
13.089034   207.089676  -17.136681
12.933331   205.658157  -16.548775
12.979065   204.098267  -15.906556
13.389527   201.754501  -15.326886
13.782450   200.858536  -15.142799
14.664366   199.530975  -14.896735
15.999600   198.199844  -14.585074
17.565773   197.083557  -14.420450
20.311209   195.658188  -14.109709
21.399124   195.197495  -14.105706
23.319847   194.468048  -14.063117
25.456638   193.698822  -14.020633
27.659639   192.951859  -13.859296
30.980576   191.934113  -13.583817
32.230553   191.558533  -13.502078
34.527512   190.975952  -13.378047
37.166698   190.329147  -13.306537
39.825977   189.623398  -14.330778
41.396172   188.488373  -14.677876
43.655205   186.900635  -15.441631
44.348186   186.226425  -15.675396
45.528717   184.824738  -15.870766
46.675518   183.326706  -15.898760
48.410576   181.447556  -15.253245
49.824791   179.737991  -13.957799
50.594891   178.286118  -12.810391
51.226974   176.228973  -11.122189
51.281036   175.744492  -10.789635
51.170345   174.447449  -10.019547
50.586891   172.566406  -8.919069
49.493469   170.412125  -7.902039
48.231197   167.839279  -7.030282
46.579556   165.334320  -6.104771
44.590588   162.600525  -4.923951
42.547707   160.019394  -3.701610
40.253239   157.835480  -2.716919
37.963676   155.900925  -1.747113
35.475567   153.938812  -0.499497
32.730133   152.173523  0.696681
29.900331   150.825180  1.883580
27.336813   149.684570  3.119133
24.953854   148.869858  4.114493
22.627602   148.612244  4.679858
20.496349   148.501801  4.894948
18.315357   148.826492  4.939702
16.441174   149.461060  4.793386
14.940004   150.130859  4.519752
13.653170   150.792068  4.249846
12.645099   152.068909  4.008945
11.562037   153.258286  3.734909
10.751522   154.441376  3.520713
10.205151   155.472931  3.102525
9.748082   156.478500  2.659676
9.396311   157.635269  2.011323
9.298987   159.164185  1.411562
9.333508   160.688721  0.866902
9.495717   161.945740  0.309181
9.741184   163.163834  -0.333997
10.215969   164.399185  -1.147743
10.755181   165.565613  -1.940100
11.326559   166.542694  -2.664419
12.169758   167.465195  -3.317059
12.933642   168.179016  -3.764722
13.718370   168.750320  -4.293817
14.617291   169.212646  -4.731676
15.518457   169.622040  -5.103634
16.488691   169.971359  -5.391415
17.646141   170.179276  -5.567371
19.353838   168.785904  -6.735974
20.973003   168.439651  -8.260795
21.833405   167.885315  -8.888426
22.869915   167.212906  -9.331066
23.857241   166.631989  -9.666849
24.976768   165.918427  -10.033913
26.474150   164.626480  -10.814158
28.312378   163.319382  -10.658867
30.144777   162.076004  -10.247123
31.692059   161.128143  -9.584394
33.081890   160.411713  -9.014991
34.360840   159.849884  -8.516451
35.516281   159.283661  -8.105995
36.659679   158.771317  -7.850089
37.759880   158.387833  -7.644514
39.000145   158.254333  -7.561423
40.181721   158.163498  -7.511533
41.386726   158.154663  -7.563053
42.620827   158.366455  -7.790257
43.758980   158.914291  -8.129895
45.003296   159.469742  -8.508768
46.306545   160.318466  -8.989075
47.475166   161.227478  -9.545705
50.224804   165.082306  -11.080485
51.090363   166.694244  -11.736265
52.346748   169.185165  -13.011128
53.203659   171.282089  -14.123427
54.117455   173.821991  -15.287105
54.946388   176.301117  -16.413940
55.746498   178.834015  -17.647999
56.518608   181.338852  -18.780159
57.560425   184.941849  -20.493597
58.383232   188.431503  -22.082199
59.074997   191.417236  -23.276226
59.732559   194.771378  -24.580990
60.299000   197.980545  -25.992300
60.914463   201.110931  -27.226397
61.514732   205.038498  -28.310286
62.149540   209.256485  -29.235672
62.880875   213.580322  -30.300718
63.614902   217.596420  -31.619076
64.157364   221.977921  -32.592640
64.585243   225.611633  -32.794556
64.897064   230.027740  -33.674004
65.441826   234.735153  -34.675079
65.934395   238.781387  -35.089169
66.585243   242.476456  -35.399372
67.084747   246.118851  -35.516541
67.711395   249.435944  -35.958054
68.398872   252.717270  -36.123722
69.321075   256.232819  -36.161251
70.007050   260.012268  -36.531208
70.911644   263.674652  -36.900036
71.850807   267.541626  -37.032642
72.925354   271.278442  -37.229065
73.613243   274.244080  -37.399090
74.755936   278.308807  -37.995789
76.152649   282.666748  -38.394108
77.503906   286.944672  -38.507362
78.613686   290.324707  -38.676594
79.519653   292.658356  -38.430458
80.571983   295.542542  -37.850910
81.640770   297.998810  -37.374592
82.307037   299.529907  -37.201378
83.159630   301.443054  -37.416016
83.857819   303.239716  -37.463337
84.486267   304.927032  -37.521519
84.981079   306.285919  -37.627048
85.352074   307.067932  -37.533176
85.648178   307.793488  -37.417683
85.876221   308.451447  -37.270504
86.079178   309.079529  -37.133530
86.258095   309.619354  -37.010723
86.345505   309.918304  -36.948399
86.343040   309.936707  -36.874832
86.306923   309.858368  -36.847538
86.205093   309.478149  -36.890182
86.040756   308.623505  -36.953060
85.713158   307.273041  -37.153458
85.337158   305.703217  -37.322422
84.636177   302.689117  -37.259151
83.840019   299.208435  -37.212772
83.121498   296.030731  -37.272861
82.209961   292.987030  -36.600483
81.290604   289.652100  -35.896114
80.236603   286.088196  -35.223274
79.067612   281.791473  -34.418926
77.947418   277.644501  -33.719673
76.890259   273.389618  -33.242821
75.777405   268.795258  -32.183430
74.590881   263.915924  -31.491158
73.572983   260.049652  -30.676611
72.697716   256.291473  -29.735729
71.778366   252.892776  -28.536669
70.893776   249.361206  -27.470484
69.944481   245.385742  -25.793409
68.958099   241.765686  -24.465416
67.836624   237.877197  -23.265621
66.953323   233.231262  -21.961828
66.035172   229.364014  -20.518663
65.271904   224.859222  -18.690948
64.667137   221.001816  -17.103874
63.933514   217.412994  -15.575473
63.337326   214.186081  -14.257915
62.763306   210.620636  -12.296422
62.094170   207.291229  -10.685924
61.599743   203.755203  -8.962973
60.981716   200.556976  -7.316483
59.898148   197.462830  -5.627104
58.908897   194.244385  -3.994908
58.002491   190.198792  -2.037479
56.926430   186.787048  -0.611314
56.151134   183.459198  0.854831
55.260750   180.440826  2.202548
54.605862   177.187714  3.555258
53.984226   174.587921  4.840344
53.299019   172.280869  5.956126
52.926922   169.835159  7.355186
52.084820   167.363495  8.627536
51.552246   165.461670  9.760759
50.936619   163.562851  10.897180
50.047424   161.303696  11.949132
49.544392   159.186432  13.164679
49.095921   157.404709  14.328477
48.567055   156.126587  15.231092
47.968803   155.049850  15.761946
47.520687   154.140854  16.252495
47.105606   153.504013  16.586813
46.802280   153.087891  16.737988
46.024452   152.874374  16.051470
45.243160   152.677826  15.250242
44.773952   152.657822  14.763217
44.512836   152.690414  14.451139
44.348564   152.719925  14.223104
44.272575   152.757477  14.032660
44.242569   152.824722  13.839215
44.287666   153.113922  13.468596
44.353897   153.878021  12.661995
44.438190   154.999390  11.593646
44.708134   156.592697  10.289258
45.188576   158.200531  9.012960
45.884655   160.367828  7.469769
46.582520   162.439407  6.156995
47.429115   164.895462  4.792123
48.318798   166.916870  3.752831
49.384151   169.292923  2.615256
50.441029   171.678986  1.545153
51.566780   173.732269  0.521344
55.320297   179.609451  -2.531826
56.392197   181.216553  -3.292578
58.160416   183.640121  -4.323568
59.849442   185.707062  -5.149273
61.593681   187.681854  -5.871480
63.504787   189.542496  -6.491869
65.451492   191.139099  -7.130682
67.317329   192.388779  -7.588904
69.257942   193.512009  -7.980740
71.042007   194.443726  -8.291959
72.975464   195.467392  -8.660727
75.043350   196.421509  -9.039531
76.996315   197.171799  -9.322953
78.886177   197.760788  -9.495087
80.764099   198.228683  -9.509677
82.453957   198.249451  -9.454170
84.053658   197.895508  -9.267230
85.671875   197.456345  -8.992833
87.226089   196.881042  -8.621797
88.928223   196.192627  -8.287083
90.836548   195.652542  -7.985531
92.704430   195.018570  -7.612125
94.222122   194.497055  -7.286018
95.737648   193.908905  -6.762900
97.042130   193.163391  -6.462653
98.472267   192.366959  -6.052493
99.677475   191.412354  -5.718337
100.698547   190.315460  -5.265294
101.570145   189.078430  -4.800563
102.433167   187.241867  -4.471145
102.894470   185.133667  -4.011733
103.350632   182.620041  -3.208873
103.798935   179.943161  -2.422746
104.019455   176.911118  -1.505261
104.160637   172.832062  -0.577184
103.957733   169.036942  0.351442
103.812408   164.553436  1.707007
103.426605   159.895401  3.499887
102.940239   155.770844  5.365921
103.176819   152.136551  7.301341
103.632065   149.919983  8.873612
104.304985   148.296432  10.073035
105.194679   147.021225  11.027655
106.938034   146.067001  11.536607
108.474800   145.259766  11.959947
109.185112   144.700500  12.270756
110.407722   144.082779  12.832640
111.523239   143.641663  13.401483
112.684975   143.322845  13.852843
113.928665   143.386017  14.228868
115.210106   143.565811  14.342518
116.502022   143.875916  14.399974
117.949783   144.349182  14.513297
119.038666   144.813446  14.435748
120.019951   145.498917  14.207734
120.846039   146.139832  13.961787
121.699234   147.027008  13.675864
122.363121   147.730270  13.377785
122.924629   148.326828  13.192111
123.355324   148.945465  13.081241
124.051056   149.847244  12.732556
124.742615   150.690674  12.423561
125.735039   151.623856  11.892486
126.177971   152.319550  11.021032
127.071892   153.834686  10.869748
127.294098   154.669708  10.980839
127.539337   155.247116  10.619299
127.604561   155.621262  10.307535
127.552208   155.829590  9.925373
127.468628   155.882431  9.663827
127.238998   155.748016  9.361370
127.025948   155.596436  9.127704
126.872902   155.415314  8.998299
126.715088   155.311981  8.858807
126.610176   155.297989  8.731543
126.848213   155.729858  8.736794
127.192490   156.335037  8.910332
127.749191   156.934280  9.415248
127.939606   157.637314  10.252276
127.353035   157.342133  10.978749
127.220398   157.631485  11.723744
126.811363   157.407974  12.129984
126.591621   157.100769  12.062976
127.067886   157.845016  13.023419
126.758026   157.603012  13.270689
126.506889   157.531616  13.475583
