-95.500137   117.639862  -76.757935
-94.913605   118.746361  -76.476212
-94.702438   118.229301  -76.632133
-94.583801   117.364784  -76.765778
-94.606827   115.855690  -76.945564
-94.687134   113.695183  -76.930496
-94.659554   110.636101  -76.774277
-94.453621   107.917961  -76.507164
-93.978378   105.345566  -76.234161
-93.332901   103.487610  -76.012222
-92.523048   102.100830  -75.910667
-91.445328   101.123718  -75.981445
-90.172821   100.648857  -76.230743
-88.434761   100.756012  -76.587990
-86.385880   101.154816  -77.084473
-80.078896   105.379280  -79.127357
-78.533188   106.487488  -79.711243
-76.522903   108.357109  -80.620522
-74.780563   110.093918  -81.513153
-73.577904   111.427620  -82.254448
-72.767502   112.554703  -82.864510
-72.273659   113.474487  -83.266296
-71.980400   114.233658  -83.487595
-71.941292   114.977280  -83.630608
-72.531281   116.177849  -84.341240
-73.338295   116.625732  -84.597565
-74.065422   116.936790  -84.587097
-75.102478   116.746323  -84.580307
-76.128334   116.105659  -84.399857
-77.259514   115.022430  -84.241257
-78.351646   113.580841  -84.022346
-79.564857   111.436798  -83.757607
-80.707161   108.767059  -83.411774
-81.473999   106.704079  -83.110390
-82.001732   104.572678  -82.796295
-81.998734   102.986473  -82.608238
-81.766624   101.737053  -82.479858
-81.264732   100.888504  -82.632339
-80.579407   100.329201  -82.789436
-79.646843   100.216255  -83.066704
-78.529869   100.504982  -83.481064
-77.453621   100.986954  -83.907883
-76.384605   101.952621  -84.381073
-75.364059   103.142265  -84.824532
-74.378563   104.479767  -85.238136
-73.614677   105.975281  -85.601921
-72.921066   107.509521  -85.860268
-72.317497   109.176384  -86.047531
-71.862343   110.607300  -86.185623
-71.564217   111.688835  -86.327637
-71.310066   112.709106  -86.433037
-71.104286   113.697159  -86.516846
-71.060257   114.387619  -86.580254
-71.090118   114.903664  -86.593063
-71.150391   115.181969  -86.587761
-71.194176   115.239616  -86.593040
-71.305511   114.978958  -86.572380
-71.498322   114.316422  -86.543289
-71.740891   113.056137  -86.483055
-71.954025   111.490623  -86.376266
-71.971329   109.174438  -86.384644
-71.702316   106.592957  -86.376213
-71.137169   104.294586  -86.332626
-70.426292   102.452759  -86.306450
-69.296837   100.833733  -86.386436
-67.642326   99.783447  -86.396843
-65.665688   99.139175  -86.563896
-63.657337   99.181473  -86.656906
-61.570362   99.448402  -86.970116
-59.479931   100.537300  -87.334381
-57.373466   102.052711  -87.820740
-55.483276   103.690010  -88.308876
-53.866028   105.329643  -88.693787
-52.417385   106.922081  -89.240387
-51.111469   108.517982  -89.704086
-50.221298   110.063522  -90.171005
-49.553749   111.216820  -90.578949
-49.240803   112.385269  -90.817070
-49.321991   113.315155  -90.924721
-49.725159   113.889549  -90.996208
-50.114635   114.219460  -90.921967
-50.580952   114.360497  -90.814751
-51.292892   114.199707  -90.675705
-52.333519   113.510193  -90.476761
-53.380592   112.375504  -90.302376
-54.422691   110.876587  -90.060547
-55.663353   108.539063  -89.490784
-56.466045   106.735329  -89.029243
-56.889465   104.676804  -88.614151
-56.814571   102.813377  -88.298889
-56.206276   101.485542  -88.071533
-55.333530   100.664124  -87.970695
-54.236565   100.306915  -88.077873
-52.894592   100.272842  -88.439095
-51.466038   100.621971  -88.886650
-50.164478   101.855499  -89.109352
-49.025406   103.593140  -89.367538
-47.993652   105.304955  -89.811844
-47.231331   106.814240  -90.168869
-46.743938   108.259010  -90.521225
-46.279163   109.510002  -90.840561
-45.969105   110.285835  -91.073662
-45.769558   110.705750  -91.245758
-45.609131   111.034012  -91.391762
-45.469982   111.209007  -91.511635
-45.374214   111.281647  -91.632111
-45.330009   111.125648  -91.758926
-45.305878   110.467415  -91.924644
-45.399090   109.073097  -92.098755
-45.769154   107.027397  -92.096115
-46.429283   104.041725  -91.743584
-47.379570   100.060501  -90.924576
-48.700954   95.417137  -89.690987
-50.265656   90.690231  -87.782593
-52.099945   86.295326  -85.744896
-54.023075   82.066208  -83.558769
-55.786606   78.554695  -81.545441
-57.392036   75.989281  -79.881996
-58.645851   74.267639  -78.788277
-59.645836   73.196480  -78.026138
-60.455204   72.683060  -77.645729
-60.745918   72.814095  -77.632065
-60.900597   73.053627  -77.758438
-60.906025   73.716103  -78.124748
-60.530483   75.118935  -78.811539
-59.715729   76.837639  -79.666199
-58.489418   79.066818  -80.641502
-56.309769   82.635605  -82.522125
-53.848843   86.143265  -84.168236
-51.453793   89.217545  -85.345932
-48.890636   92.709908  -86.501289
-46.425156   96.247002  -87.507561
-44.247185   99.718170  -88.518417
-42.002365   102.909180  -89.357941
-40.009941   105.914124  -90.156830
-38.149815   108.977020  -90.893204
-36.319092   112.654610  -91.690956
-34.739487   116.396225  -92.494240
-33.575832   119.722313  -92.884636
-32.477333   122.766335  -93.175217
-31.232668   126.892044  -93.480515
-30.869349   127.885353  -93.580025
-30.451839   128.905289  -93.764877
-30.070068   129.831314  -93.858444
-29.759363   130.532028  -93.976807
-29.548471   130.671478  -94.178642
-29.514818   130.375671  -94.395981
-29.551880   129.389755  -94.701485
-29.734596   127.560097  -95.170227
-29.942255   125.554848  -95.596748
-30.218012   123.724396  -95.853043
-30.514130   121.608040  -96.031822
-30.899630   118.772163  -96.009354
-31.326960   115.897537  -95.921974
-31.987223   113.027985  -95.627945
-32.737854   110.120750  -95.121201
-33.418839   107.450813  -94.543243
-33.974537   105.190109  -93.945465
-34.403446   103.438095  -93.404770
-34.670502   102.149193  -92.916710
-34.850613   101.119766  -92.536354
-34.871937   100.434204  -92.222473
-34.872013   100.072189  -92.060837
-34.769844   99.944046  -92.011513
-34.573135   100.067322  -92.018181
-34.301838   100.348343  -92.060860
-33.821331   100.975388  -92.221985
-33.294502   101.764786  -92.419441
-32.533226   102.903786  -92.708221
-31.625853   104.188713  -93.019348
-30.572962   105.558701  -93.327682
-29.449041   106.948051  -93.602913
-28.253460   108.321770  -93.877213
-27.080423   109.463806  -94.091995
-25.922493   110.307953  -94.258331
-24.849880   110.864418  -94.317642
-23.643066   111.241722  -94.406296
-22.348999   111.479729  -94.464706
-21.262362   111.628319  -94.506195
-20.108086   111.536392  -94.537460
-18.934679   111.151382  -94.522537
-17.963835   110.761536  -94.439285
-17.271561   110.373260  -94.361061
-16.812954   109.902092  -94.264809
-16.465544   108.994392  -94.095901
-16.362114   107.840240  -93.890594
-16.493727   106.563950  -93.650414
-16.834003   105.248566  -93.354126
-17.393139   103.859756  -92.983864
-18.196796   102.369286  -92.526207
-19.377531   100.722687  -91.933937
-20.823158   99.172836  -91.236160
-22.475506   97.834038  -90.505783
-24.188574   97.032028  -89.919266
-25.722788   96.465973  -89.459007
-27.065371   96.100960  -89.058952
-28.110125   95.982346  -88.798363
-28.883207   96.002953  -88.619141
-29.413328   96.137794  -88.514633
-29.707325   96.240189  -88.441124
-29.779871   96.274925  -88.420860
-29.780188   96.316116  -88.417038
-29.589220   96.504509  -88.470863
-28.960838   96.842545  -88.607368
-27.660799   97.353119  -88.798950
-25.868599   98.047089  -89.076012
-23.796356   98.795982  -89.271736
-21.689053   99.435486  -89.426262
-19.474499   100.169930  -89.601402
-17.420595   100.843307  -89.751411
-15.478980   101.540421  -89.944016
-13.660846   102.298309  -90.310028
-12.156826   103.031723  -90.652443
-10.919153   104.278381  -91.143974
-9.793304   105.773315  -91.619286
-8.800631   107.560280  -92.352837
-7.984295   109.445976  -93.078018
-7.313592   111.369255  -93.607407
-6.799027   113.133125  -93.895790
-6.392924   114.856339  -94.282585
-5.983242   116.969543  -94.764183
-5.573279   119.256218  -95.438461
-5.285256   121.199005  -95.985413
-5.077878   122.769737  -96.473122
-5.039186   124.044662  -96.953972
-5.040556   124.894310  -97.310783
-5.022470   125.646164  -97.562241
-5.305161   126.143555  -98.034424
-5.803908   125.522247  -98.921700
-6.157677   124.937958  -99.571892
-6.337685   124.644318  -99.865799
-6.426124   124.025322  -100.157623
-6.543799   123.349815  -100.286095
-6.778251   121.904732  -100.421349
-7.184511   119.403069  -100.415947
-7.688552   116.136703  -100.351173
-8.283712   112.099770  -100.016106
-8.959620   107.765442  -99.130707
-9.416642   104.098587  -98.078148
-9.872619   100.736404  -96.909973
-10.209606   98.284424  -95.974701
-10.476986   96.452721  -95.240135
-10.683580   95.116524  -94.603676
-10.841425   94.007919  -93.922913
-10.917768   93.198418  -93.302689
-10.972926   92.618614  -92.895645
-10.694640   92.814301  -92.701202
-10.448874   93.164658  -92.560219
-10.083310   93.844406  -92.541573
-9.526255   94.842995  -92.614182
-8.897540   95.975464  -92.779556
-8.214110   97.228325  -93.026085
-7.483705   98.536682  -93.436523
-6.734122   99.779457  -93.826057
-5.871663   101.252983  -94.254013
-5.052693   102.794167  -94.668304
-4.142632   104.444954  -95.102730
-3.273534   105.765930  -95.455772
-2.630195   106.649948  -95.688240
-2.055533   107.313339  -95.850464
-1.552948   107.785126  -95.938896
-1.090400   108.049324  -95.979668
-0.696952   107.824188  -96.002541
-0.253732   107.473854  -96.017715
0.174208   106.710052  -96.040535
0.379240   103.191826  -95.468254
0.426895   102.197258  -95.229057
0.511307   100.512375  -94.738152
0.513337   98.782921  -94.163094
0.558942   97.152390  -93.596008
0.712274   95.881851  -93.067566
0.903022   94.931412  -92.627022
1.119450   94.117897  -92.228622
1.301226   93.512177  -91.938362
1.500545   93.131447  -91.770332
1.742048   92.842323  -91.612381
2.022567   92.678802  -91.485512
2.365126   92.587585  -91.400230
2.648795   92.544464  -91.349464
2.917472   92.576668  -91.341812
3.253770   92.670021  -91.390442
3.642735   92.956467  -91.500893
4.061832   93.452415  -91.670418
4.539095   94.166336  -91.913658
5.050211   95.197594  -92.289925
5.593638   96.498093  -92.781883
6.042801   98.315605  -93.564484
6.427316   100.736473  -94.916908
6.743167   102.896858  -96.028534
6.876654   104.301682  -96.728271
6.848481   105.268051  -97.183411
6.789159   106.003281  -97.473686
6.722788   106.450165  -97.670296
6.661427   106.638733  -97.785263
6.541896   106.578300  -97.858330
6.429768   106.369843  -97.896866
6.299752   105.979980  -97.927376
6.169058   105.238770  -97.902710
6.054848   103.949570  -97.793991
6.106273   102.444580  -97.559235
6.346652   100.714760  -96.993866
6.718249   99.026268  -96.253563
7.213016   97.406487  -95.426163
7.823928   96.005913  -94.517235
8.445574   94.852173  -93.764557
9.129345   93.943604  -93.154617
9.908502   93.325508  -92.641029
10.764899   92.928406  -92.193619
11.645709   92.724403  -91.864868
12.416087   92.629227  -91.652412
13.293152   92.688606  -91.536102
14.006268   92.813919  -91.494987
14.706267   93.020271  -91.512466
15.310203   93.298935  -91.578217
15.888141   93.656181  -91.707268
16.473064   94.192108  -91.917717
17.068151   94.925789  -92.207611
17.615305   95.778534  -92.527611
18.017658   96.776382  -92.902054
18.211636   98.125771  -93.478935
18.316643   99.470184  -94.044403
18.240915   100.745209  -94.569534
18.095211   101.841843  -95.051437
17.856518   102.778740  -95.630272
17.560043   103.551460  -96.234856
17.337467   104.230453  -96.711159
17.139572   104.710236  -97.038002
16.944494   104.991920  -97.281319
16.727230   105.123024  -97.483429
16.493832   105.097504  -97.643265
16.254797   104.910881  -97.777733
16.126348   104.722672  -97.842461
16.065109   104.384064  -97.897163
16.024866   103.790482  -97.888580
16.119980   102.921913  -97.707306
16.301369   101.762627  -97.367805
16.692326   100.565590  -96.926666
17.274200   99.159966  -96.078911
18.013065   97.830505  -95.322823
18.918079   96.556129  -94.554810
19.931026   95.411026  -93.884491
21.028856   94.290344  -93.229576
22.242508   93.342804  -92.691849
23.798048   92.761169  -92.335022
25.763422   92.718742  -91.916344
27.570980   92.687981  -91.598320
29.315836   92.738152  -91.418732
30.745522   92.780853  -91.336220
32.254368   92.891624  -91.222466
33.555382   93.309303  -91.157242
34.516048   93.759926  -91.177917
35.313042   94.424110  -91.385582
36.110767   95.309555  -91.636177
36.784313   96.539886  -92.008583
37.222229   97.802910  -92.390068
37.432629   99.357292  -92.930214
37.289467   101.114815  -93.656784
36.627914   102.792358  -94.442680
35.874069   104.115303  -95.166656
34.977379   104.908173  -95.807053
34.267597   105.395622  -96.184372
33.388813   105.438492  -96.525925
32.434917   105.038643  -96.715828
31.665751   104.390038  -96.832275
31.507776   103.596306  -96.789925
31.323402   102.401337  -96.677055
31.510456   101.064507  -96.489319
32.203938   99.525932  -96.210602
33.271236   98.084137  -95.871124
34.384769   96.716637  -95.499390
35.373672   95.234535  -94.958633
36.045727   93.885612  -94.473160
36.530991   92.611763  -93.899864
36.694733   91.189217  -93.146957
36.448151   89.797882  -92.419281
35.959148   88.544884  -91.758850
35.174156   87.271523  -91.062531
34.047600   85.864456  -90.283783
32.607204   84.516899  -89.489006
31.035255   83.419380  -88.784760
29.566307   82.480659  -88.210358
28.484417   81.983627  -87.806870
27.778685   81.657204  -87.504066
27.253325   81.449211  -87.325348
27.029818   81.453201  -87.280556
27.012102   81.616470  -87.315262
27.287329   82.002655  -87.483727
27.939968   82.629395  -87.723579
29.151918   83.533058  -88.102509
30.882092   84.698189  -88.622650
36.494442   89.490913  -90.321335
38.161758   90.812416  -91.019020
40.223003   92.801941  -91.920692
42.622269   95.566368  -93.284142
44.391846   97.943298  -94.516945
45.867775   100.360374  -95.653053
46.964748   102.910858  -96.642395
47.738945   105.198746  -97.417900
48.374744   107.664680  -98.582680
48.967041   109.956886  -99.776398
49.418194   112.160416  -100.749062
49.691158   113.694992  -101.445656
49.775757   114.970917  -102.051353
49.828087   115.905388  -103.019218
50.038162   117.183441  -103.836472
50.239174   117.691856  -104.214294
50.395844   118.073311  -104.435112
50.510651   118.072891  -104.628906
50.471535   117.721848  -104.836578
50.325607   116.818405  -105.042160
50.246113   115.748672  -105.095459
49.750732   113.250549  -105.133041
49.311337   110.219093  -104.894203
48.500725   106.285271  -103.721268
48.790417   103.549019  -102.358177
47.609058   99.305016  -100.815689
46.383575   94.899445  -98.996147
45.474216   91.961540  -97.574486
44.671997   89.811935  -96.382172
43.837376   87.872078  -95.196320
43.364246   86.998100  -94.301094
42.830326   86.160416  -93.650421
42.515015   85.823906  -93.150383
42.297993   85.611427  -92.854568
42.247383   85.606064  -92.718071
42.287716   85.725204  -92.715790
42.424271   86.033356  -92.789276
43.028542   87.288139  -93.327873
44.061298   89.007782  -94.084335
45.842968   91.368599  -95.103462
47.788490   94.055206  -96.077202
49.216969   96.122528  -96.761635
50.428345   97.863533  -97.377869
51.391575   99.182983  -98.021904
52.038403   100.006783  -98.421379
52.460155   100.509926  -98.766304
52.749763   100.268356  -98.841415
53.007107   99.875839  -98.865059
53.266472   99.470444  -98.850471
53.316135   97.977295  -98.509621
53.107315   95.767998  -97.292511
52.976601   93.599060  -96.109062
52.889111   91.914009  -95.119095
52.949364   90.378105  -94.179428
53.231785   89.137886  -93.129311
53.751942   88.073105  -92.215088
54.382839   87.347527  -91.490334
55.225418   86.932899  -90.822617
56.159618   86.848907  -90.357643
57.352959   86.988144  -89.981064
58.582932   87.464561  -89.795387
60.219078   88.327843  -89.682655
60.032188   89.966507  -89.889175
62.344872   91.466919  -90.087341
64.378235   92.900894  -90.329834
66.300758   94.473755  -91.062378
67.946510   95.991356  -91.565781
69.162766   97.566628  -92.042374
70.024635   99.021820  -92.708099
70.702423   100.609901  -93.551826
71.195717   101.991432  -94.103653
71.205872   103.139336  -94.921570
70.937599   103.665749  -95.549171
70.466591   103.800163  -96.072487
69.907295   103.669624  -96.473755
69.116096   103.380600  -96.840469
68.351540   102.794502  -97.056953
67.188789   101.668015  -96.857452
65.991226   100.361008  -96.544640
65.004959   98.642525  -96.000427
64.073685   96.230942  -95.301140
63.316212   93.903267  -94.589890
62.819035   91.491997  -93.761124
62.723492   89.527679  -93.031265
62.615318   88.347748  -92.590591
63.198658   87.322662  -91.945618
64.061073   86.640282  -91.414063
66.077751   89.114166  -90.575241
67.276451   89.246170  -90.055267
68.210495   89.383308  -89.736206
70.181610   90.895279  -89.971130
71.230743   91.325874  -90.038750
72.118011   92.028969  -90.284843
72.977242   93.254730  -90.676193
73.509186   94.491516  -91.296410
73.688988   95.410675  -91.839653
73.856056   96.077850  -92.205032
73.617233   96.510757  -92.620735
73.467484   96.833023  -92.914146
73.190613   97.098007  -93.165344
72.950562   97.009109  -93.211967
72.833870   96.959351  -93.222961
72.469070   96.429184  -93.154976
71.987411   95.528458  -92.917511
71.729179   94.482010  -92.382706
71.660568   93.263809  -91.826111
71.979782   92.180298  -91.086243
72.563683   91.894463  -90.410355
73.776161   92.813416  -89.821434
74.573212   93.681679  -89.142403
75.204414   94.805443  -88.762375
75.661438   95.078186  -88.885925
76.358162   95.510857  -89.107552
76.922455   96.161133  -89.369232
77.466980   96.970306  -89.772156
78.009315   98.030769  -90.379639
78.388474   98.787071  -90.942055
78.722801   99.319695  -91.456299
79.048203   99.617287  -92.030220
79.428871   99.881294  -92.428535
79.659485   99.695450  -92.752785
80.103127   99.436241  -93.006569
80.443367   98.892853  -93.153076
80.810661   97.928543  -93.229477
80.788017   96.250137  -93.287094
79.515388   91.017868  -92.018196
78.896149   89.398926  -91.493805
78.090439   87.851303  -90.973732
77.391273   86.770973  -90.588203
76.919930   86.169579  -90.399361
76.650536   85.857605  -90.312126
76.540909   85.859550  -90.278992
76.666374   86.470139  -90.575699
77.289238   88.105087  -91.295158
77.989685   89.992065  -92.108398
79.632706   92.363449  -93.360207
80.868477   94.251404  -93.990089
82.384895   96.056099  -94.288673
84.202614   97.683525  -94.402893
85.824768   98.878288  -94.411621
87.357529   99.665421  -94.242050
88.718521   99.617050  -94.014458
90.060196   99.207451  -93.562576
91.100357   98.326500  -93.101563
91.936470   96.913872  -92.599915
93.140770   94.964661  -91.792244
93.961967   93.072746  -90.959404
94.006195   90.374153  -90.068939
93.941353   88.411285  -89.252869
93.501312   86.824104  -88.570648
93.886276   86.106773  -87.943687
94.004982   85.528969  -87.480995
93.781082   84.277740  -87.074768
93.761314   83.320900  -86.729050
93.778511   82.984917  -86.574203
93.785553   82.462837  -86.326859
93.729332   81.941170  -86.038361
93.795387   81.688576  -85.787384
94.034309   81.691803  -85.626076
94.175476   81.648239  -85.457031
94.350029   81.701408  -85.306839
94.549347   81.803215  -85.124359
94.763474   82.006126  -84.934212
94.811523   82.110237  -84.889847
94.829414   82.203972  -84.876770
94.836990   82.298401  -84.877258
94.844162   82.367455  -84.871788
94.851204   82.337212  -84.835655
94.979218   82.522438  -84.807831
95.147919   82.885727  -84.813110
95.212090   83.077026  -84.790901
95.163826   83.088753  -84.736465
95.091118   82.904961  -84.613342
95.033348   82.790230  -84.508316
94.941902   82.773308  -84.446594
94.872787   82.738319  -84.375740
94.833183   82.734779  -84.321442
94.865555   82.770111  -84.247131
94.887100   82.807983  -84.188293
94.898491   82.849403  -84.156616
94.895660   82.878502  -84.136215
94.889023   82.899399  -84.118927
94.880341   82.927017  -84.103638
94.874062   82.954941  -84.090477
94.865143   82.987900  -84.083496
94.855301   83.019897  -84.080032
94.840202   83.051949  -84.084793
94.825294   83.080452  -84.088699
94.811066   83.106033  -84.092049
94.797775   83.130356  -84.095268
94.834816   83.344002  -84.110962
94.842339   83.497711  -84.113655
94.810295   83.483391  -84.084084
94.818878   83.523582  -84.085747
94.835701   83.586044  -84.065605
94.806557   83.585899  -84.020294
94.769234   83.573639  -83.968544
94.689522   83.524376  -83.922852
94.579758   83.485352  -83.877411
94.497696   83.438713  -83.822884
