-32.640003  183.580505  65.899483
-32.703487  183.574738  66.054810
-32.674637  183.652496  66.167465
-32.661095  183.771881  66.278618
-32.628334  183.913757  66.388725
-32.643223  183.937271  66.395470
-32.644268  183.967178  66.394035
-32.678871  184.048340  66.431923
-32.716740  184.110153  66.489243
-32.747986  184.151733  66.535370
-32.773460  184.193237  66.574287
-32.854187  184.212830  66.685158
-32.956131  184.247849  66.790596
-33.045242  184.302841  66.874748
-33.114513  184.414047  66.932259
-33.170799  184.553696  66.970528
-33.214893  184.691971  66.998924
-33.253937  184.823166  67.020462
-33.294167  184.975342  67.034218
-33.442860  185.109924  67.031807
-33.605232  185.231293  67.030403
-33.760521  185.324341  66.964714
-34.060200  185.395279  66.929131
-34.217209  185.600204  66.911453
-34.328457  185.780838  66.740677
-34.459126  186.063446  66.491684
-34.590767  186.270065  66.315552
-34.755169  186.434311  66.248177
-34.875896  186.574295  66.196045
-34.967220  186.701752  66.177155
-35.087536  186.895218  66.162102
-35.228493  187.074249  66.160706
-35.341808  187.226700  66.160072
-35.457073  187.398392  66.170540
-35.555614  187.566589  66.177490
-35.650608  187.711914  66.097122
-35.708836  187.818512  65.991722
-35.766609  187.953445  65.913696
-35.844330  188.036392  65.870895
-35.939507  188.128342  65.850960
-36.081676  188.192062  65.840042
-36.214043  188.269318  65.842735
-36.298988  188.393753  65.851952
-36.319221  188.521942  65.873634
-36.335541  188.632385  65.882072
-36.363766  188.729019  65.898666
-36.400158  188.825378  65.938835
-36.400620  188.914749  65.960732
-36.404537  189.001053  65.984924
-36.394989  189.072083  65.977158
-36.389351  189.143677  65.971649
-36.392349  189.197449  65.982559
-36.404579  189.275848  65.979027
-36.417606  189.343918  65.982979
-36.415462  189.421082  65.964233
-36.412567  189.494415  65.953484
-36.413101  189.534683  65.952278
-36.411942  189.568024  65.942352
-36.417023  189.608582  65.945465
-36.404598  189.639709  65.920418
-36.404430  189.666504  65.912399
-36.401691  189.699280  65.899864
-36.392673  189.740250  65.861328
-36.386269  189.778580  65.825813
-36.373592  189.821884  65.750656
-36.365162  189.858353  65.689354
-36.349007  189.906464  65.668304
-36.307308  189.964386  65.614288
-36.246376  190.020370  65.494415
-36.207024  190.079422  65.436050
-36.152168  190.145920  65.339767
-36.088226  190.205978  65.188629
-36.025978  190.258499  64.999611
-35.983303  190.297928  64.847748
-35.927284  190.331512  64.679131
-35.938911  190.374146  64.614220
-35.945827  190.427826  64.556709
-35.960674  190.473450  64.543488
-35.970177  190.524857  64.515472
-35.989616  190.608170  64.432220
-36.011833  190.652283  64.414963
-36.051880  190.703217  64.306458
-36.108723  190.742050  64.244682
-36.196495  190.775055  64.195694
-36.273495  190.819107  64.194237
-36.377567  190.861252  64.215378
-36.648350  190.577621  64.007385
-36.979061  190.308334  63.804173
-37.185471  190.246658  63.725178
-37.332546  190.227203  63.674225
-37.442791  190.218079  63.643150
-37.526424  190.237320  63.615314
-37.584911  190.294464  63.599586
-37.639980  190.357208  63.589207
-37.685932  190.420074  63.578201
-37.761745  190.452240  63.553352
-37.815414  190.532913  63.548893
-37.853874  190.593399  63.557434
-37.858395  190.645233  63.559967
-37.854034  190.613144  63.502552
-37.839039  190.526108  63.446106
-37.746414  190.242615  63.439159
-37.200584  189.584244  63.504162
-36.678383  188.506760  63.585999
-35.906105  186.747543  63.952431
-34.908882  184.282715  64.340523
-33.377167  180.609222  66.581993
-32.003353  177.130569  68.340607
-31.094690  173.238144  70.061729
-29.699059  168.853241  71.714294
-28.542336  164.051575  73.449669
-27.285364  159.496887  75.503822
-25.902529  154.066879  78.127541
-24.682489  148.916794  80.842667
-23.453018  143.851563  83.418571
-22.120604  138.265427  85.793907
-20.947887  133.884155  88.099106
-19.061094  129.693695  89.335655
-18.019249  126.698540  90.676765
-17.325615  124.917587  91.886597
-16.760815  123.750900  92.368584
-16.299036  122.905960  92.787903
-15.927699  122.114677  93.121513
-15.639338  121.095474  93.761734
-15.107348  121.533073  92.115936
-15.090838  122.177231  91.138138
-15.106692  123.225807  89.855820
-15.062800  124.584305  88.356499
-15.424141  128.840851  87.702904
-16.097101  132.621719  85.044800
-15.941719  134.839722  83.130493
-15.792867  137.284225  81.300598
-16.201920  141.184479  78.917191
-17.773460  145.463150  76.925781
-18.646248  149.436035  75.041695
-25.075151  167.277161  65.271294
-26.889601  171.347855  59.792801
-27.670746  171.005997  56.424316
-28.919546  170.198471  54.960094
-30.096096  170.387100  54.479042
-31.199585  170.650665  54.183472
-32.845310  171.052551  54.217564
-34.672623  171.655838  54.523472
-37.014324  172.721786  54.969276
-39.378639  173.385803  55.585838
-41.992050  174.143234  56.018456
-45.088509  174.541641  56.095074
-47.735592  174.566528  56.055275
-49.378986  174.765244  56.080929
-50.387089  174.978180  56.031750
-51.069702  175.180191  55.881844
-51.299984  175.578903  55.688126
-51.251930  176.070786  55.384655
-50.628922  176.994675  54.149200
-49.440441  177.803223  52.737316
-47.446991  178.512390  51.024014
-44.713142  179.531982  49.326561
-41.545433  181.014465  47.896526
-38.226757  181.536697  46.634892
-34.672451  182.466064  45.663464
-30.953182  183.388504  44.508354
-27.437901  183.917358  43.430119
-23.837624  183.651505  42.482571
-20.207838  183.259262  41.290913
-16.943138  182.039001  39.815571
-13.804255  180.267654  38.020317
-11.162295  178.308411  36.546543
-9.121005  176.092010  35.593235
-7.384284  173.961060  35.211235
-6.183956  172.096634  35.303936
-5.420370  169.897247  35.503754
-4.966987  167.423233  35.984535
-5.215137  164.814545  36.812805
-5.932477  162.135544  37.949516
-7.500139  159.089859  40.026825
-9.248277  156.272980  42.213909
-11.545731  153.917084  44.361290
-13.959037  151.059494  46.069023
-16.458115  148.440643  47.883514
-18.951672  146.225327  49.735237
-21.245768  144.629929  51.310772
-22.891434  143.567841  52.449642
-24.458044  142.692749  53.412518
-25.583437  142.304947  54.244595
-26.733343  141.711563  54.695950
-27.339657  141.769196  54.918346
-27.704424  142.335938  54.964066
-28.154966  143.188416  54.667988
-28.073179  144.986984  54.308731
-27.700373  147.098038  53.665596
-27.194757  149.905899  52.892700
-26.370533  153.298706  51.806732
-25.378750  156.476563  50.737560
-24.559072  159.900208  49.767815
-23.822792  163.708618  49.003376
-23.347303  167.034286  48.674568
-22.776594  170.512802  48.609978
-22.372993  173.371140  48.390347
-22.183666  175.722931  48.247524
-22.199488  177.723007  47.937798
-22.266211  179.418365  47.706665
-22.331535  180.973083  47.596020
-22.429272  182.357956  47.318340
-22.657175  183.523056  46.996693
-22.947672  184.458969  46.745834
-23.160896  185.005173  46.589951
-23.298452  185.357895  46.488171
-23.385141  185.522598  46.428497
-23.428518  185.616928  46.324074
-23.413437  185.568146  46.171223
-23.230280  184.750275  45.822861
-22.912128  183.056656  45.493404
-22.529181  180.570374  44.823154
-21.766743  177.752350  44.525681
-20.634060  174.284332  44.696335
-19.713886  170.374542  45.229256
-18.875805  166.659424  45.957157
-17.664700  163.007019  46.428974
-16.530180  159.313507  47.178001
-15.448533  155.692444  47.921684
-14.215296  152.196701  49.018909
-13.198940  149.165039  49.958858
-12.316406  146.169144  50.480732
-11.514521  143.621796  51.038948
-10.875573  141.390579  51.542057
-10.183958  139.500565  52.139153
-9.766335  137.992859  52.871376
-9.283696  136.899338  53.260750
-9.141212  136.102051  53.534832
-8.970624  135.579956  53.564819
-8.836959  135.294250  53.548088
-8.744605  135.265839  53.522652
-8.685924  135.319168  53.471149
-8.643887  135.427795  53.417225
-8.504696  136.101883  53.161781
-8.168082  137.821289  52.582035
-7.717366  140.176086  51.893349
-6.909608  143.051407  50.824898
-6.183837  146.212128  49.802986
-5.029379  150.172424  48.600563
-4.039283  154.431030  47.938831
-3.136864  158.303604  47.175018
-1.901009  161.445465  45.955879
-1.150618  164.521088  44.944244
-0.729358  167.625229  44.541313
-0.172094  170.169312  43.990471
0.411190  172.335220  43.559483
0.941391  174.347137  42.823353
1.276978  175.659576  42.308712
0.886408  177.351364  41.200539
0.708283  177.635986  41.054600
0.281483  177.836395  40.859833
-0.121609  177.772446  40.690750
-0.823931  176.673523  40.348629
-1.508744  175.784897  40.296436
-2.170262  174.624405  40.537891
-2.757819  172.889389  40.869160
-3.250259  170.195099  41.217663
-3.346426  167.374756  42.105640
-2.854728  164.162033  43.091057
-2.129737  160.864136  43.615910
-1.246021  157.650772  44.185219
0.654890  154.195480  45.047855
2.362090  151.342026  45.301537
4.019260  149.003387  45.617310
5.801314  146.923737  45.623405
7.542946  145.483337  45.596348
9.149403  144.196030  45.336761
10.611608  143.257233  44.849030
11.987725  142.776611  44.315678
13.059326  142.761063  43.936516
14.045057  143.225693  43.486767
14.727010  144.273834  43.133739
15.505518  145.690506  42.610535
16.185986  147.672195  41.737293
16.651930  149.776978  40.792812
16.912781  152.948212  40.091091
16.812628  156.205399  39.695637
16.474968  159.666000  38.990002
15.928400  163.255356  38.455563
15.200352  167.383881  37.556213
14.435801  171.346146  36.728710
13.671337  174.848770  36.067173
12.855007  178.203064  35.813614
12.014153  181.061920  35.166996
11.390332  183.676651  34.611763
10.520756  186.466370  34.072922
9.798069  188.577469  33.611183
9.362586  189.986588  33.314754
9.220736  191.081207  32.965469
9.003680  191.755783  32.728848
8.925632  192.130768  32.633266
8.879429  192.303879  32.547707
8.720120  191.962967  32.464073
8.704166  191.036957  32.305454
8.789888  189.349075  32.183918
9.123590  186.931885  32.104691
9.502817  183.729858  32.391113
9.852981  178.616730  32.415924
10.696860  172.971191  32.183178
11.399237  167.737274  32.917408
11.909940  162.033173  33.734604
12.686825  156.853088  34.801670
13.666439  152.043182  35.874985
14.273934  147.134308  37.140095
15.104342  143.121216  38.309563
16.124535  139.358261  39.206779
16.868603  136.464203  39.962925
17.312771  134.161102  40.850143
18.132010  132.339371  41.806030
18.520065  131.079910  42.314110
18.818819  130.274017  42.626873
19.021477  129.783157  42.865906
19.151209  129.593201  42.959675
19.207342  129.675873  42.998707
19.192383  130.034225  42.990269
19.115578  130.728622  42.919422
18.788626  132.239532  42.657902
18.217628  134.456100  42.145905
17.375261  137.408829  41.228962
16.200731  141.093216  39.387405
14.572121  144.270859  38.158562
12.801175  147.589157  37.296684
11.379957  151.513245  36.801193
10.006263  155.655731  36.321625
8.728298  159.539352  35.717140
7.398887  163.555405  34.691898
6.133310  168.055222  34.216301
5.076896  172.015472  33.008457
4.197395  175.475555  32.212013
3.422233  178.620163  30.174238
3.020250  181.778854  28.790253
2.886765  184.708511  27.259180
3.035884  187.165283  25.549110
3.608130  189.168381  24.458994
4.591168  191.410965  23.159372
5.871286  193.737259  21.846260
7.234928  195.874573  20.749229
8.775042  197.565201  19.812338
10.587636  199.017502  19.141659
13.210621  200.461365  17.055571
15.292908  201.675827  15.836259
17.617807  202.844452  14.959447
19.858706  203.648636  14.330284
22.287766  204.348343  13.851070
24.867458  205.150787  13.474488
27.508459  205.463455  13.036825
30.170244  205.716263  12.916388
32.538013  205.720398  12.813100
34.767487  205.166489  12.732055
36.796474  204.107727  12.408680
38.586746  203.132233  12.175842
40.312244  202.065720  12.021453
42.014477  200.701950  12.385429
43.473400  199.343979  12.533496
44.722893  197.368652  12.466070
45.788322  195.406586  12.446987
46.410313  193.303879  12.564980
46.907856  191.438629  12.994086
47.168892  189.852066  13.619945
46.810658  187.792587  14.632354
46.364376  186.053070  15.298319
45.344830  184.272873  16.412287
43.760395  182.456558  17.619030
42.236221  180.865906  18.720112
40.104294  178.686142  19.693476
37.798889  176.586639  21.296576
35.125275  175.140579  22.530975
32.432922  173.618088  23.834072
29.550121  172.403168  25.484379
27.010469  171.388107  26.778515
24.749289  170.588852  28.215706
22.899904  170.077179  29.142996
21.439369  169.700485  29.663898
18.953032  169.156250  30.973169
18.532665  169.066177  31.236429
18.239592  168.880447  31.358521
18.065037  168.767654  31.478447
17.987106  168.672928  31.517195
17.955423  168.632462  31.538389
17.977707  168.580261  31.520340
17.998625  168.552612  31.505909
18.016434  168.551987  31.497778
18.066124  168.584549  31.482006
18.147892  168.632950  31.456184
18.277094  168.698029  31.394363
18.426083  168.761261  31.340855
18.587112  168.812943  31.296453
18.791773  168.892334  31.160631
19.014875  168.951996  31.032591
19.186571  168.994492  30.948488
19.290197  169.038666  30.927422
19.449989  169.046082  30.889482
19.579668  169.041000  30.861979
19.686464  169.027267  30.854259
19.758144  169.016678  30.849472
19.804825  168.994507  30.850216
19.844893  168.976089  30.850334
19.892036  168.963531  30.882315
19.937061  168.920990  30.886868
19.971186  168.815445  30.859472
20.001720  168.729477  30.836573
20.033144  168.656830  30.816402
20.065872  168.607437  30.806730
20.091587  168.558655  30.800940
20.106182  168.534668  30.802267
20.151745  168.497787  30.804600
20.190292  168.465836  30.810263
20.233173  168.425568  30.822195
20.268406  168.382080  30.851517
20.304646  168.338715  30.879065
20.368879  168.287689  30.935879
20.424932  168.218536  31.015131
20.489220  168.208649  31.048637
20.507702  168.212006  31.092726
20.547642  168.234039  31.105299
20.579729  168.255280  31.112753
20.605648  168.271210  31.117796
20.636129  168.285568  31.134451
20.653980  168.298538  31.153463
20.666914  168.311935  31.170696
20.675682  168.323929  31.195362
20.701750  168.328003  31.240053
20.718849  168.334259  31.289469
20.743216  168.337006  31.350918
20.756536  168.350342  31.395506
