-114.127113   172.218704  53.060543
-113.156189   172.314011  51.129532
-112.902138   172.279205  51.340698
-112.848190   172.179611  51.743279
-112.739807   172.250092  51.861111
-112.490883   172.165421  51.292801
-112.509644   172.098358  51.061325
-112.482658   172.056503  51.141670
-112.463882   171.987778  51.210770
-112.466629   171.952637  51.249153
-112.474831   171.925293  51.275658
-112.491837   171.841507  51.289974
-112.510513   171.835938  51.257553
-112.504387   171.819611  51.211563
-112.514984   172.156097  51.154442
-112.671471   172.359634  52.054489
-112.835709   172.440567  52.219929
-112.908531   172.586227  52.240734
-113.255905   172.561920  52.580608
-113.212250   172.934036  52.289570
-113.405388   173.062943  51.882504
-113.414406   173.501923  51.344131
-113.409363   173.509918  51.207573
-113.607330   173.831741  51.025673
-113.784218   173.985092  50.897442
-114.342789   174.140991  50.775490
-114.711441   174.142410  51.323391
-115.129799   174.385437  51.415627
-115.878906   174.523438  51.664749
-116.267761   174.749771  51.532383
-116.659691   174.903000  51.429020
-116.921349   175.257477  51.468929
-117.556877   175.308319  51.267357
-118.393867   175.229553  50.799152
-118.934265   175.215332  50.555511
-119.285690   175.202820  50.762447
-120.056297   174.926651  50.512501
-120.258026   174.633408  49.915699
-120.785194   174.424332  49.444111
-120.922707   174.766586  49.958488
-122.841316   176.726929  53.091408
-122.883385   177.156418  53.751770
-122.740425   177.347610  54.101768
-122.989059   177.542236  54.447918
-123.146423   177.578430  54.564198
-123.291336   177.588181  54.545666
-123.052628   177.842529  53.873043
-123.134758   177.780304  53.512695
-123.123276   177.731506  53.437328
-123.172218   177.738602  53.396996
-123.250015   177.736221  53.404411
-123.166817   177.810440  53.528549
-123.190430   177.809799  53.449055
-123.247665   177.816498  53.416660
-123.363632   177.832809  53.421608
-123.512688   177.875107  53.427399
-123.285904   178.082214  53.248756
-123.738014   178.472244  53.391975
-123.897469   178.709976  53.178089
-123.619644   178.863693  52.315880
-123.746910   178.920746  51.777840
-123.830795   179.003601  51.038147
-123.945900   178.970139  50.758060
-124.203484   178.885742  50.358131
-124.423698   178.815384  50.059872
-124.475143   178.868393  50.280571
-124.501740   178.840347  50.369492
-124.527603   178.748886  50.379658
-124.574379   178.681656  50.287266
-124.671234   178.552338  50.136139
-124.805786   178.426422  49.925602
-124.785843   178.454071  49.876022
-124.810631   178.425674  49.869873
-124.903603   178.407379  49.956921
-124.656181   179.343918  52.723827
-124.096809   180.123108  53.597965
-123.888611   180.190155  53.810211
-123.790573   180.144302  53.934601
-123.758736   179.993546  53.654953
-123.809425   179.654160  53.050232
-124.161125   179.473969  52.142662
-124.579330   179.003265  50.992825
-125.044724   178.648941  50.334042
-125.169334   177.977554  49.444836
-125.492424   177.455109  49.103909
-126.256813   176.372528  49.084747
-126.854462   175.589508  48.886997
-126.738907   174.854095  48.455601
-126.867950   173.951309  48.346252
-126.742737   173.770248  48.279484
-126.630318   173.845123  48.215954
-126.090256   174.920517  50.822796
-125.659409   175.419464  52.330124
-125.082825   175.635712  52.901722
-124.800529   176.109100  53.140350
-124.669746   176.244080  53.285191
-124.630638   176.194778  53.374489
-124.628105   176.266495  53.586388
-124.625137   176.313187  53.750980
-124.639793   176.372192  53.993252
-124.546127   176.332092  54.054012
-124.446564   176.288300  54.046886
-124.451164   176.281082  54.057117
-124.547836   176.379486  54.281288
-124.570534   176.425781  54.480976
-124.101822   176.250519  54.547256
-123.790756   176.212433  54.495823
-123.778763   176.249008  54.541428
-123.516472   176.545410  54.619755
-123.495132   176.624817  54.702358
-123.508949   176.673615  54.746208
-123.503273   176.657776  54.760960
-123.484550   176.735504  54.847218
-123.473557   176.766312  54.804199
-123.449211   176.727386  54.672733
-123.343437   176.738953  54.506580
-123.350914   176.539368  54.194370
-123.458977   176.288788  53.572723
-123.615898   176.143997  52.898518
-123.724640   175.949280  51.960651
-123.394821   175.957764  50.678532
-123.047737   176.043579  49.849167
-122.287399   175.933228  48.989555
-121.950310   175.816254  48.742306
-121.371788   175.930313  48.484272
-120.977188   175.909409  48.261284
-120.396584   176.084320  48.005463
-119.862518   176.367966  48.131969
-119.355759   176.553391  48.127697
-119.143425   176.578125  48.081074
-118.180305   176.827698  48.109093
-117.734016   176.868759  48.169994
-117.358818   176.836899  48.198608
-117.043114   176.616852  47.961945
-116.699669   176.366943  47.548561
-116.453300   175.972900  47.030689
-116.399124   175.339066  46.709805
-116.454826   174.744690  46.121510
-116.386002   174.049988  45.429699
-116.368874   173.560684  45.055862
-116.557388   172.973724  45.066612
-113.556679   178.073639  45.823734
-113.662773   179.227127  45.829872
-114.822716   178.503738  45.745678
-116.752441   176.759735  45.616436
-117.719177   175.703568  45.656384
-118.608070   174.368439  45.697186
-119.465805   173.046692  45.970032
-120.113319   172.222229  46.053684
-120.849373   171.126526  46.401508
-121.532463   170.336548  46.684986
-122.117432   169.780502  46.814899
-123.035355   168.706177  46.997566
-123.823746   167.802750  47.300220
-124.818916   166.739395  47.510502
-125.478706   165.985703  47.673019
-126.016434   165.315216  47.988445
-126.506256   164.739822  48.381073
-127.017365   164.061447  48.631855
-127.558456   163.255234  48.917110
-128.367996   162.608414  48.830750
-129.073364   161.880554  49.337940
-129.660187   161.148697  49.012680
-130.055725   160.370712  49.042847
-130.382568   159.717148  49.350628
-130.670898   159.206497  49.559490
-130.859695   158.910507  49.678303
-131.209381   158.438583  49.822567
-131.615692   158.043121  50.025066
-131.996063   157.688309  50.052147
-132.339188   157.293076  50.113571
-132.768005   156.610855  49.843536
-133.191528   155.898499  49.620190
-133.578293   155.270065  49.464802
-133.994644   154.552841  49.349758
-134.208603   154.038406  49.348045
-134.289841   153.909927  49.340130
-134.356049   153.798019  49.332897
-134.408356   153.558075  49.341682
-134.457520   153.279907  49.344860
-134.439224   152.996338  49.415741
-134.193893   152.256638  49.647156
-133.900650   151.655182  49.530602
-133.419037   151.184708  49.292938
-132.856720   150.809784  49.197044
-132.419312   150.491180  49.275509
-130.127457   150.297379  49.404415
-129.336761   150.278702  49.481907
-127.364853   150.604095  49.633003
-126.482384   150.362701  49.892021
-125.841621   150.116135  49.705639
-125.074524   149.791016  49.766792
-124.376801   149.548401  49.706696
-123.880920   148.977158  49.128765
-123.124939   148.726944  48.701679
-122.534508   148.343201  48.347546
-121.782761   148.219620  48.153694
-120.995056   147.565735  47.753304
-120.046638   147.491486  47.588436
-119.236237   146.848801  47.686237
-118.699669   146.762741  47.724751
-118.286545   146.645447  47.741493
-118.004089   146.574493  47.758701
-117.670074   146.455002  47.851711
-117.290451   146.099197  47.931911
-116.897995   145.685089  47.982639
-116.496414   145.083389  48.108097
-116.288109   144.622940  48.327671
-116.134415   144.245575  48.468796
-116.007210   143.718399  48.658749
-115.952400   143.284012  48.759983
-115.991440   142.733017  48.538284
-116.112915   142.320099  48.517010
-116.224548   142.026657  48.540760
-116.446609   141.474197  48.705402
-116.805450   140.833633  48.820713
-117.346016   140.123703  49.085384
-117.955620   139.396469  49.288960
-118.536728   138.793549  49.543598
-119.191002   138.297531  49.756260
-119.896973   137.723846  50.003181
-120.514915   137.490265  50.206291
-120.986923   137.281982  50.325165
-121.588936   137.122482  50.464367
-121.916618   136.825699  50.509647
-122.459717   136.488937  50.575832
-123.164536   136.050049  50.654724
-124.082207   135.533325  50.678429
-124.916473   135.047546  50.704094
-125.810188   134.650009  50.654995
-126.666794   134.586334  50.612411
-127.392662   134.372314  50.623234
-127.874222   134.233002  50.633080
-128.354431   133.981201  50.649635
-128.900406   133.791855  50.696720
-130.031876   133.456451  50.978371
-131.018433   133.444153  51.208683
-131.672684   133.408325  51.340065
-131.931824   133.739929  51.374283
-132.346558   133.646133  50.487946
-132.803970   133.512619  49.735558
-133.219711   133.506744  49.350544
-133.614624   133.978577  48.690186
-133.930435   134.023422  48.502327
-134.364914   133.908188  48.223564
-134.779129   134.197556  48.258671
-135.151855   134.537704  48.175564
-135.470840   134.801193  47.982727
-135.676010   135.071320  47.842251
-135.886856   135.214142  47.927864
-136.183853   135.437302  48.028809
-136.586395   136.044113  48.418640
-136.909653   136.526352  48.749783
-137.177185   136.954712  48.661110
-137.233673   137.443695  48.589828
-137.302460   137.764832  48.581390
-137.330658   138.012680  48.592167
-137.289490   138.601013  48.795631
-137.185257   139.387390  49.026814
-136.887756   140.274460  49.515450
-136.662766   141.072952  49.847622
-136.434464   141.775665  50.082268
-136.018463   142.680237  50.363091
-135.609116   143.897659  50.578129
-135.065491   144.766830  50.660381
-134.618484   145.397064  50.635979
-133.648911   146.754608  50.770443
-132.731598   147.579636  50.383511
-131.533218   148.577728  49.894573
-130.766876   149.385834  49.793850
-130.366882   149.764481  49.751850
-130.068558   150.073212  49.717960
-129.180511   150.721725  49.638199
-128.494873   151.233017  49.581482
-127.104958   151.689438  49.680168
-126.088921   152.038208  49.651257
-124.624741   152.206757  50.004780
-123.310020   152.166382  50.403049
-121.985191   151.767853  50.394760
-121.162552   151.272446  50.613148
-120.699791   151.289230  50.592598
-119.952271   151.219315  50.745125
-119.271515   151.010956  50.941151
-118.435699   150.324707  51.729122
-117.791763   149.938858  52.195854
-117.016098   149.653656  52.453766
-116.228340   149.521500  52.566795
-115.327919   149.270691  52.678577
-114.378372   148.901062  52.947575
-113.317879   148.576187  53.248569
-112.241341   148.597412  53.422607
-111.577126   148.643555  53.532303
-110.842201   148.613556  53.616928
-110.323288   148.633804  53.668678
-108.623985   150.280441  53.188183
-107.168449   149.304306  52.927773
-106.254158   149.296829  51.509274
-105.574127   148.390823  49.891579
-104.953194   147.650085  48.928329
-104.205376   147.504776  48.462559
-103.723251   147.194061  48.174511
-103.301216   147.314651  47.873688
-102.364403   147.601746  47.027912
-102.662865   151.359863  46.044075
-102.649406   152.499207  45.333858
-101.967232   152.161423  45.625118
-101.499077   152.297440  45.724827
-100.923988   152.417389  45.765118
-99.525291   152.314987  45.497295
-99.210960   152.347931  45.490578
-98.865997   152.539917  45.504848
-96.909340   154.319397  44.877998
-96.682922   154.637894  45.062504
-95.972115   155.940247  44.933826
-95.615318   156.766296  44.993942
-95.249687   157.505615  44.941662
-95.087173   158.007019  44.985561
-94.881134   158.735977  44.978619
-94.779083   159.270966  45.154343
-94.571152   159.790390  45.688755
-94.616379   160.367279  45.906857
-94.591858   161.170914  45.821945
-94.662277   161.800568  45.760250
-94.711212   162.139282  45.814377
-94.819748   162.467087  45.918926
-94.833000   163.015549  45.987148
-95.076157   163.414444  46.107197
-95.304359   163.900787  46.325840
-95.486031   164.376801  46.685253
-95.771088   164.770950  47.034473
-96.072929   165.063492  47.166122
-96.350121   165.303650  47.316933
-96.717804   165.529404  47.397865
-97.121475   165.958160  47.513256
-97.704353   166.337296  47.690922
-98.097931   166.560196  47.877304
-98.435013   166.742172  47.990265
-98.920021   166.607224  48.366680
-99.470726   166.995605  48.512787
-99.979820   167.230728  48.626587
-100.311798   167.266235  48.722618
-100.780190   167.137421  48.866348
-101.209541   167.072525  49.005001
-101.636024   166.766724  49.206188
-102.001816   166.226059  49.569530
-102.432022   165.698166  49.982899
-102.849144   165.478973  50.099064
-103.146866   165.397232  50.040413
-103.359085   165.235306  50.127419
-103.761925   165.168716  50.114441
-104.117874   164.771881  50.429810
-104.403854   164.452789  50.684917
-104.598877   164.180984  50.684948
-104.994324   163.613602  50.753414
-105.026573   162.602478  50.840614
-104.837959   161.730042  50.425625
-104.936707   161.692352  50.274895
-104.869942   161.377823  50.281281
-104.767143   161.084534  50.269527
-104.717957   160.844696  50.083328
-104.407913   160.381348  50.036541
-104.099762   159.937943  49.665577
-103.948563   159.382156  49.488007
-103.679886   158.879913  49.349518
-103.416550   158.477127  49.230698
-103.089081   157.987793  49.012276
-102.211655   157.247314  49.204952
-101.493195   156.676529  49.135040
-100.793846   156.172150  49.299927
-100.016052   155.600220  49.590435
-99.089340   155.380508  49.488811
-98.173607   155.312729  49.301064
-97.272987   155.260834  49.004005
-96.436325   155.202499  48.737057
-96.097054   155.125824  48.627258
-95.788277   155.075851  48.541843
-94.592773   154.959030  48.848362
-93.123871   155.378845  49.191082
-91.761627   155.371643  49.481522
-90.710571   155.041138  49.675285
-89.964844   154.964981  49.877625
-89.203842   155.498383  49.249809
-88.573410   155.773087  48.888130
-88.081810   155.994812  48.739841
-86.633293   157.279633  47.692932
-85.779602   158.398834  47.189789
-85.249481   159.287567  46.932007
-84.690720   160.343399  46.662422
-84.289314   161.053940  46.521309
-83.755806   161.463821  46.329559
-83.219215   162.172348  46.149326
-82.851120   162.811600  46.028065
-82.320450   163.227615  46.124741
-81.961594   163.733948  46.259174
-81.473312   164.353638  46.373951
-81.058548   165.148224  46.497055
-80.716164   166.057175  46.735264
-80.487244   166.792297  46.932568
-80.265091   167.423431  47.165592
-80.150078   167.841507  47.359856
-80.054871   168.295441  47.528683
-80.292152   168.638519  47.520527
-80.208656   168.971893  47.628086
-80.233406   168.936844  47.693497
-80.187073   169.098282  47.937946
-80.193039   169.308807  48.060162
-80.219322   169.479141  47.987362
-80.192215   169.756683  47.936459
-80.276787   169.912735  47.756977
-80.243034   169.776718  47.804981
-80.264847   169.596298  47.888035
-80.309082   169.411560  47.910637
-80.311424   169.287170  47.938316
-80.344910   169.017197  47.970264
-80.246727   168.989532  48.039272
-80.244270   168.498322  48.208015
-80.372040   167.918304  48.459187
-80.418083   167.456940  48.660770
-80.654610   166.674469  49.219143
-80.878441   166.026047  49.494678
-81.062485   165.531204  49.682533
-81.159294   165.071487  50.251308
-81.506378   164.668228  50.544514
-81.676491   163.881271  50.524868
-81.889008   162.948181  50.636429
-82.174240   161.818741  50.765064
-82.409927   160.711395  50.949860
-82.675949   159.900436  51.120918
-82.892708   158.876190  51.406624
-83.497231   157.650208  51.966904
-83.720757   155.958405  52.813995
-83.840088   154.602737  53.185631
-83.968796   153.597229  53.360264
-84.104263   152.624603  53.433762
-84.041519   151.555176  53.509266
-83.424561   147.989273  54.070724
-83.347221   147.280991  53.717213
-83.155968   146.427002  53.162445
-82.952278   145.809509  52.731541
-82.070168   145.882278  52.019554
-81.252151   145.177811  51.889843
-80.616806   144.619110  51.712063
-80.380920   144.308716  51.613426
-80.250191   143.834152  51.455795
-80.009827   143.338806  51.326290
-79.679092   143.060516  51.209541
-79.215942   142.749268  50.875320
-78.619370   142.424591  50.795261
-78.222321   142.222198  50.736500
-75.854240   143.045700  49.610176
-75.208961   143.282852  49.283356
-74.085564   143.651077  48.491940
-73.219940   143.800247  48.004990
-72.377930   144.000946  47.709843
-71.910805   144.411072  47.522133
-71.533218   144.718872  47.388901
-71.211998   145.213120  47.217495
-70.714294   145.755035  46.990051
-70.100609   146.303467  46.846340
-69.605637   147.004501  46.874851
-69.308350   147.604065  46.885635
-69.123795   148.475815  46.910233
-68.888161   149.370758  46.954910
-68.715233   150.373688  46.897274
-68.485870   151.426605  46.823917
-68.217072   152.479584  46.815678
-68.009125   153.625549  46.739750
-67.892662   154.492722  46.828915
-67.694633   155.556366  46.873230
-67.567429   156.394531  46.954815
-67.513054   157.689911  47.067982
-67.442528   158.669586  47.262413
-67.174332   159.624619  47.253670
-66.954247   160.683502  47.174049
-66.806702   161.718094  47.118999
-66.697845   162.695862  46.956787
-66.547577   163.407242  46.896935
-66.459404   164.213242  46.787888
-66.226227   165.136475  46.484619
-66.120468   165.799835  46.489487
-66.237846   166.262497  46.475807
-66.119759   166.502853  46.654007
-66.081299   166.725174  46.676895
-65.986557   166.924774  46.671402
-65.944809   167.045883  46.648773
-65.887329   167.058029  46.636562
-65.835251   167.034973  46.643852
-65.764099   167.050873  46.609943
-65.808189   166.988220  46.574051
-65.801933   166.883850  46.509224
-65.877441   166.292358  46.781441
-65.986176   166.009628  46.859993
-65.942070   166.017365  46.813362
-65.951942   165.706924  46.903286
-66.015297   165.481552  46.967159
-66.271355   164.840820  47.312199
-66.531418   164.391144  47.512211
-66.639893   163.613632  47.653549
-66.785316   162.928833  47.761940
-67.025307   162.309814  47.733662
-67.253632   161.829163  47.512005
-67.485939   161.113983  47.520729
-67.565750   160.257446  47.398880
-67.607285   159.364151  47.393303
-67.878616   158.519958  47.483002
-67.943588   157.831467  47.454819
-67.949806   156.648621  47.448181
-67.993141   155.602524  47.443340
-68.135498   154.724167  47.482933
-68.288956   153.642685  47.577335
-68.635696   152.603806  47.910477
-68.407463   150.580399  48.402645
-68.940636   149.080734  48.201401
-69.132576   148.156662  48.097042
-69.242165   147.325134  48.051464
-69.292442   146.464569  48.060863
-69.377907   145.819778  48.080410
-69.415565   145.161636  48.079479
-69.399696   144.140305  48.030354
-69.331131   143.365936  48.050365
-69.619492   142.916656  48.303833
-69.726494   142.911377  48.295383
-69.779396   142.588394  48.402630
-69.526108   142.372787  48.367332
-69.405243   142.098923  48.312164
-69.169868   141.788544  48.234295
-68.889214   141.403885  48.232677
-68.206573   140.617371  48.303623
-67.985321   140.478851  48.240307
-67.746780   140.424530  48.168072
-67.390083   140.598572  47.980145
-66.894997   140.820389  47.860058
-66.199814   141.076248  47.568356
-65.214310   141.134003  47.295219
-64.327209   141.584244  47.088818
-63.570370   142.140335  47.023438
-62.886234   142.647339  47.005619
-61.898701   143.315475  46.922272
-61.072514   144.209671  46.809566
-60.144524   144.920059  46.612751
-59.335335   145.552292  46.538364
-58.733128   146.067749  46.527660
-58.080952   147.026108  46.141853
-57.605820   147.789490  45.882797
-56.926819   149.091507  45.475815
-56.606125   150.259567  45.354069
-56.354057   151.436890  45.293530
-56.116596   152.480591  45.070274
-55.800163   153.599579  44.927773
-55.324928   154.550064  44.804852
-54.756721   155.701721  44.600933
-54.330437   156.879776  44.233932
-53.809616   158.359268  43.820118
-53.541168   159.357697  43.689659
-53.255058   160.364685  43.602779
-53.309887   161.316177  43.128609
-52.826950   162.306946  42.873295
-52.495964   163.224091  42.626286
-52.077789   164.095490  42.500893
-51.784897   164.938141  42.662807
-50.727840   167.010269  42.810928
-50.535755   167.520401  42.973896
-50.275173   168.245071  43.195133
-49.965805   168.854614  43.419178
-49.760757   169.241974  43.545048
-49.573433   169.497925  43.731823
-49.414742   169.668610  43.841465
-49.262043   169.801804  43.925705
-48.888763   169.903473  44.236916
-48.659294   169.965744  44.463661
-48.037468   169.639374  45.149296
-47.822533   169.223999  45.882305
-47.654118   169.052002  46.339375
-47.543713   168.667191  46.798027
-47.188004   168.405457  46.991352
-46.943256   168.048859  46.892735
-46.810726   167.647675  46.842571
-46.525990   167.158737  46.792461
-46.401955   166.455276  46.802475
-46.188980   165.624603  46.826931
-45.891941   164.917252  46.750648
-46.040794   163.746613  46.256828
-45.723503   162.467560  46.348873
-45.502277   161.184738  46.488251
-45.337219   160.207504  46.616959
-45.158081   158.631760  46.965099
-45.131924   157.294159  47.405090
-45.724094   155.187637  47.913181
-45.460762   153.884262  47.987476
-45.413784   153.224243  48.083332
-45.496571   152.179520  48.239044
-45.685394   151.073029  48.406258
-45.856110   148.756577  49.496632
-45.819954   146.958725  50.444298
-45.653496   145.535034  50.905407
-45.793751   144.287781  51.227329
-46.340965   142.863556  51.664623
-46.631229   141.535187  52.168247
-46.855072   140.528946  52.425079
-47.049953   139.791199  52.574680
-48.194675   138.543610  52.380630
-48.462803   136.800842  52.311573
-49.378880   135.342361  52.068626
-49.485535   134.105316  51.887127
-49.832901   133.052948  51.897186
-50.063339   131.466736  52.171825
-50.492016   130.219727  52.531631
-50.844837   129.272202  52.771851
-51.334892   127.909424  53.417660
-51.621544   126.696533  53.698990
-51.905754   125.217873  53.770390
-52.113701   124.694420  53.760387
-52.439789   123.704330  53.690659
-52.670841   122.604836  53.724262
-52.922939   121.693443  53.863850
-53.224136   120.998611  53.946350
-53.680332   120.387543  54.013622
-53.812408   120.057549  54.091892
-53.912552   119.600212  54.074715
-54.007576   119.129410  53.995514
-54.109303   118.769127  53.909985
-54.169395   118.488754  53.832901
-54.328281   118.404503  53.865128
-54.725765   118.410896  53.844460
-55.157291   118.415192  53.782658
-55.347034   118.414726  53.785187
-55.640816   118.479340  53.800167
-56.009087   118.538490  53.726654
-56.569931   119.155212  53.148422
-57.169456   119.700798  52.848698
-57.611858   120.125267  52.615555
-58.234058   120.748611  52.422421
-58.505436   121.243263  52.247623
-58.854286   121.911118  52.080879
-59.380680   122.983910  51.673096
-59.667080   123.973541  51.505741
-59.933300   124.860329  51.304592
-60.098850   125.521011  51.167072
-60.780830   126.565063  50.755310
-61.230572   128.137421  50.296478
-61.459675   129.883316  50.079197
-61.697735   131.617493  50.254356
-61.734829   132.655930  49.875114
-61.700722   133.612579  49.866348
-61.917122   134.797150  49.725563
-61.524986   136.117325  50.702175
-61.511539   137.536896  51.024895
-61.513050   138.949768  51.065262
-60.995060   140.487671  50.865143
-60.684978   141.589310  50.633202
-60.252594   142.540680  50.366184
-59.902611   143.346588  50.124535
-59.552082   144.054108  50.007450
-59.333893   144.961624  50.004620
-58.699726   145.983658  49.848438
-58.208656   146.824158  49.741268
-57.654480   147.383041  49.796963
-57.288639   149.232269  50.026436
-56.629330   151.007782  50.165852
-55.900173   151.379883  50.201485
-55.400185   151.632095  50.468334
-54.778702   152.420425  50.175598
-53.957870   153.328339  49.993385
-53.109123   154.133957  49.874680
-52.465836   154.321396  49.879898
-51.517002   154.781998  49.553871
-50.406116   155.533234  49.000225
-49.145920   156.166214  48.590149
-47.969906   155.942078  48.149063
-47.206848   155.785721  47.884739
-46.423000   155.677490  47.492409
-45.902367   155.944336  47.348980
-45.345516   156.331268  47.211441
-44.780979   156.687271  47.160206
-43.875538   157.059631  46.968670
-42.697922   157.963943  46.875153
-41.786385   158.416870  47.130093
-40.704243   159.100052  47.265072
-39.842068   159.491852  47.259747
-38.984535   159.681702  47.189774
-37.885025   159.577057  47.014168
-36.710197   159.486542  47.142361
-35.636013   159.951035  47.343567
-34.799328   160.463318  47.502308
-33.594273   161.126022  47.517120
-30.904877   161.336594  47.659229
-30.487009   161.339218  47.546005
-29.695435   161.776642  47.350246
-28.801739   162.274567  47.063957
-27.917330   163.073502  46.563320
-27.001009   163.737442  45.751991
-26.304625   164.060379  45.201656
-24.921106   164.091553  43.570927
-24.401224   164.155197  42.772255
-24.086641   164.281204  41.942135
-24.266008   164.403748  41.088078
-24.512182   164.458344  40.470875
-24.107237   164.442368  40.101444
-23.853565   164.428558  39.863155
-23.669321   164.412933  39.660767
-23.535004   164.446442  39.494705
-23.302269   164.651443  39.349361
-23.197056   165.077744  39.051632
-22.953363   165.335327  38.790554
-22.946114   165.453873  38.845448
-22.932051   165.602859  38.856377
-22.969898   165.738708  38.860119
-23.000280   165.811371  38.817703
-23.196991   165.879974  38.821423
-23.464977   166.460129  39.140350
-23.826715   167.010681  39.818031
-24.143396   168.480621  40.868935
-25.070707   168.152374  40.986889
-25.468548   168.037506  41.079090
-26.740416   167.695374  41.318325
-27.383608   167.427872  41.262398
-28.748344   166.625229  41.177277
-29.506878   166.083588  41.056335
-30.541477   165.144516  40.959591
-31.952850   162.774750  40.832371
-33.161976   161.760010  41.079926
-33.713791   161.250549  41.047462
-34.449966   160.238892  40.953720
-35.633812   158.489059  41.316853
-36.352982   157.698364  41.517414
-36.924408   156.923157  41.667000
-37.762882   154.968277  42.297764
-38.332001   154.282303  42.335316
-39.519154   152.447693  42.525986
-39.959244   151.764114  42.489136
-40.656578   150.580246  42.124767
-40.882088   149.957779  41.997345
-41.089897   148.852127  41.804844
-41.169998   148.021988  41.735744
-40.949135   147.127533  41.867172
-40.429340   145.618881  42.181854
-39.543510   144.031982  42.914696
-39.178890   143.540482  43.184128
-38.367085   142.134750  44.057327
-38.055756   141.649033  45.072769
-37.514172   141.764908  46.614788
-35.365158   142.576218  49.144093
-34.685448   142.739685  49.606339
-33.433689   143.167542  49.701183
-33.083569   143.777634  49.610874
-32.181725   144.877411  49.711926
-31.652382   145.427353  49.788136
-30.292521   146.610458  49.900505
-28.268391   148.241806  49.570358
-27.631113   148.258118  48.666977
-26.504782   149.653564  47.882664
-26.124830   150.776550  47.145092
-25.663658   151.746689  46.506470
-25.082527   152.739090  45.981567
-24.803751   153.854004  45.209229
-24.963894   156.107773  45.337173
-24.649496   161.131256  44.932598
-23.895136   162.545502  44.675949
-23.746992   162.620712  44.609089
-23.741060   163.414841  43.020355
-23.382536   163.830856  42.069103
-23.140846   164.323669  41.444660
-23.214489   164.682144  41.112541
-23.204123   164.977310  40.929451
-23.244465   165.095810  40.867390
-23.625427   165.791428  40.694878
-23.750452   166.219345  40.314148
-24.400400   167.426880  41.105526
-24.623871   168.354126  41.949314
-24.676243   168.714752  42.242504
-24.718513   169.183624  42.613895
-24.748463   169.396576  42.742508
-24.881063   169.520309  42.986820
-25.005154   169.430618  43.075474
-25.513151   168.935455  43.239578
-25.657179   168.767609  43.287613
-25.980860   167.070786  44.256599
-26.147459   166.652374  44.524193
-26.307625   166.249191  44.810871
-26.397051   165.811050  44.890812
-26.638287   164.862656  45.129818
-26.793798   164.325287  45.365597
-27.018410   163.390198  45.550880
-27.678448   161.037674  45.699738
-27.816605   160.392059  45.637863
-27.636345   159.266388  45.517971
-26.896360   156.472015  45.380562
-26.723009   155.405014  45.399239
-26.062834   152.531937  45.617645
-25.981018   151.243393  45.972816
-25.123100   146.974625  48.043213
-24.719412   146.048737  48.685268
-23.575420   145.458252  49.288738
-22.863483   145.425278  49.319817
-21.898413   144.604080  49.734722
-21.512573   144.337189  49.859810
-20.173679   143.923996  50.109455
-19.599857   144.124954  49.984993
-17.993645   145.154724  49.481297
-16.863111   145.751343  49.184982
-16.195646   146.378998  48.983067
-14.975871   147.970642  48.747540
-14.256600   148.554352  48.716888
-13.402431   149.406982  48.685329
-12.649694   151.107986  48.684357
-12.297507   152.021118  48.496735
-12.089332   152.724243  47.424404
-11.542194   154.526871  46.698624
-11.556578   155.006256  45.812675
-11.662084   156.074142  45.234978
-11.685229   156.491058  45.116947
-11.532073   157.555435  44.811787
-11.486699   158.166962  44.653656
-10.933366   159.442810  44.337635
-10.691901   160.156204  44.087128
-9.997283   162.222351  44.992046
-9.481713   163.485962  45.314766
-9.234306   164.160751  45.439350
-8.970303   164.882568  45.555748
-8.232976   165.836655  45.696686
-7.920556   166.203400  45.863163
-7.344416   166.807785  46.152962
-7.065211   167.038315  46.224625
-6.437642   167.308167  46.702198
-6.214070   167.422623  46.840019
-5.890689   167.499832  46.956783
-5.601291   167.568451  46.997894
-4.872479   167.167801  47.122101
-4.520895   166.564896  47.004089
-3.831328   165.240265  47.029793
-3.490545   164.313263  46.877579
-2.784524   162.518478  46.276798
-2.410754   161.706070  45.564465
-1.601432   159.773193  44.717869
-1.777850   158.676651  44.419079
-2.043745   154.820328  44.619202
-1.763082   154.144730  44.680103
-0.943093   153.240250  45.028324
-0.777944   152.875198  45.139297
-0.679891   152.245102  45.134243
0.073330   150.755829  45.344158
0.163937   150.076416  45.430225
0.416604   148.829483  45.696819
0.387364   147.796829  45.877071
0.360246   147.172318  46.024975
0.174002   145.995514  46.225761
-0.079069   145.126343  46.876266
-0.830522   143.702301  48.108414
-1.059991   143.306870  48.475567
-1.437616   143.060532  48.795616
-1.594470   143.053009  48.849747
-2.020211   143.527618  48.853977
-2.193923   143.751724  48.837357
-2.388704   144.132523  48.776550
-2.428465   144.476974  48.739594
-2.594014   145.806015  48.659222
-2.786059   148.816360  48.974861
-2.774509   149.754807  49.211956
-2.805232   151.063583  49.359127
-2.631246   152.998322  49.359951
-2.750530   154.016937  48.930527
-2.737715   155.217407  47.969551
-2.785978   156.301636  47.007706
-2.657393   158.400970  46.594055
-3.155327   160.352325  45.639687
-3.354608   161.120331  44.806511
-3.163651   162.716003  44.994286
-2.792865   164.078094  45.451847
-1.984528   166.916061  46.341209
-1.699972   167.748138  46.599640
-1.278707   168.946411  46.804264
-0.468751   170.334991  47.146568
0.044875   171.268753  47.409615
0.386962   171.757935  47.469406
1.616340   172.870178  47.612526
2.173858   173.313919  47.528618
4.144648   173.774033  47.782288
4.810977   173.556274  48.153336
6.584572   172.843719  48.706375
7.546587   173.037628  49.203663
9.401053   172.110199  51.154690
10.027184   171.904633  51.559071
10.539742   171.979187  51.776772
11.670561   171.937210  52.126221
12.298041   171.870438  52.286503
13.325960   171.887558  52.485886
15.035923   171.303162  53.085262
15.633169   170.847992  53.507862
16.383625   170.839188  53.932289
16.715256   169.453857  54.058876
16.661963   168.389481  53.807983
16.529522   167.031631  53.576374
16.533649   165.151993  53.645741
16.494520   162.098419  53.836319
16.474277   161.089890  53.948215
16.382404   160.108490  54.170341
16.124575   157.363571  54.676727
15.911211   156.360153  54.977383
16.085087   154.247070  55.284889
16.228994   153.172028  55.399349
16.245518   152.730652  55.427162
16.680292   151.445938  55.577229
17.202490   151.417114  55.375511
17.638897   151.201797  55.189232
17.855452   150.944443  55.104305
17.971745   150.524246  55.011269
18.147169   150.424667  54.993587
18.696241   150.226074  55.039097
18.952093   150.153625  55.118370
19.689262   150.202759  55.250683
20.010096   150.381454  55.234329
20.725679   150.919464  55.183769
21.182003   151.299667  55.095413
22.069916   152.038391  54.546356
22.676754   152.887863  54.213413
22.942070   153.347260  54.035187
23.147997   153.706818  54.032860
23.406771   154.230225  54.083317
23.617552   154.726837  54.052200
23.717762   155.602371  54.138447
24.061943   156.802734  54.210850
24.211771   158.779480  54.322884
24.267748   159.325745  54.220100
24.249348   160.248947  53.657597
24.226768   160.651871  53.414055
24.284229   161.947586  52.845116
24.159840   163.168701  52.527168
24.146961   163.938644  52.392326
24.087559   166.313538  51.963093
24.013926   166.817139  51.640835
24.122482   168.322968  51.245392
24.123636   169.585434  51.005825
24.174313   170.359161  50.829182
24.229387   171.260208  50.321079
24.222040   172.362701  49.703594
23.893948   174.105850  48.656967
23.645393   175.451309  47.889465
23.653639   176.064865  47.637257
23.670647   176.906174  47.357300
23.645922   177.731384  47.068954
23.317110   179.413376  46.469254
23.184326   180.627594  45.964371
23.163649   180.920197  45.921635
23.162918   181.599548  45.923031
23.149111   181.959625  45.866390
23.203220   182.324921  45.828270
23.211271   182.595200  45.917652
23.263117   182.734879  45.936195
23.357458   182.903244  45.944702
23.383883   182.871948  45.921844
23.358719   182.530273  45.757107
23.217522   181.649078  45.509308
22.975695   179.817581  45.591541
22.812038   177.279663  46.178070
22.876863   176.457672  46.350822
23.188414   176.303238  46.634033
23.523073   175.579514  47.128262
24.012186   174.449966  48.131569
24.417744   171.402740  48.943111
24.177210   168.461258  49.118134
23.865076   166.567596  49.096016
24.029335   163.703217  49.566513
24.002047   161.995743  49.848671
23.810169   160.566971  50.007378
23.522894   158.199631  50.318691
23.477358   156.019989  50.662338
24.126598   154.743057  51.259262
24.724577   153.476471  51.474632
24.554029   152.100021  51.523499
24.110468   149.703140  51.267792
23.859423   148.743011  51.148705
23.656271   146.606628  51.349678
23.507116   145.760696  51.540894
22.991833   144.462051  51.763439
22.734875   143.457672  51.880711
22.646246   142.956924  51.994747
22.561357   142.303406  52.080528
22.607660   142.026657  52.072395
22.578390   141.697632  52.046780
22.546654   141.428421  52.043072
22.545837   141.348450  52.047531
22.531530   141.259399  52.058010
22.989536   141.703156  52.194412
23.355803   142.109695  52.331776
23.749651   142.560699  52.478065
24.507364   144.183868  52.767403
25.375439   145.666946  53.020512
25.770861   146.421661  53.055111
26.210808   147.797440  52.947456
27.138073   150.368790  52.577518
27.604992   151.038544  52.299244
28.152580   152.388748  51.627750
28.062689   152.847992  51.416122
28.108433   153.430511  51.195187
28.082045   154.107346  50.917885
28.394346   155.625275  50.728703
28.798203   157.624512  50.025364
28.835772   158.268829  49.881126
29.033051   160.113220  49.415295
29.046087   161.023895  49.225876
29.479889   162.866287  48.935936
29.364630   163.033966  48.464848
29.638819   164.058121  48.152012
29.929976   165.111374  47.958477
30.178823   165.938980  47.791023
30.502018   167.260468  47.606903
30.418406   168.563904  47.878765
30.552450   169.433136  47.938976
30.527060   170.302536  48.063526
30.550997   170.749023  48.110226
30.457130   171.134521  48.263454
30.282431   171.696564  48.621872
29.924404   171.942352  48.822231
29.534601   171.911530  48.897785
29.381685   171.867493  48.930920
27.696821   171.381744  49.303139
26.495821   170.512817  49.580265
25.416346   170.384415  49.771393
24.078409   168.569748  49.658463
22.900051   167.065567  50.024517
16.883461   161.670090  51.653301
15.139144   160.747086  51.787628
14.551709   160.227310  51.803261
13.747626   159.508881  51.704899
12.168987   157.983612  51.505821
10.823582   157.324783  51.415844
10.560322   157.103256  51.447025
10.335977   156.790558  51.428139
10.182023   156.636093  51.365993
10.024539   156.407822  51.318466
9.935022   156.243530  51.281712
9.951792   156.201263  51.248981
9.958723   156.076752  51.164101
10.269743   155.850464  50.810188
10.448387   155.782852  50.681385
10.844073   155.621353  50.508133
11.275767   155.654770  50.320030
12.271916   155.627441  50.045437
12.871211   155.382690  49.884918
14.564194   154.942703  49.980522
15.278049   153.726151  49.429115
16.283756   153.673401  49.385113
18.223783   153.738205  49.456360
19.111649   153.878906  49.498447
21.164330   153.902100  49.527809
22.026844   153.961105  49.601494
24.537510   153.842148  49.827274
25.665527   153.705368  49.997238
27.123955   153.426590  50.143169
30.093016   152.386200  50.594326
31.133183   152.273972  50.717705
33.544487   151.991257  50.798801
34.424458   151.327377  50.916489
35.716782   150.879135  51.144516
36.808201   150.443329  51.416317
37.542515   150.057129  51.535034
38.296997   149.600189  51.594776
38.762901   148.741119  51.755772
39.002075   147.949326  51.880066
39.592358   146.954575  52.118179
40.043549   146.360641  52.358315
40.620327   145.607162  52.718445
41.136822   145.087936  52.929150
41.489491   144.697464  53.061508
41.785938   144.271042  53.156467
41.990730   143.973419  53.216434
42.230263   143.662521  53.309540
42.421127   143.563614  53.317097
42.521626   143.510101  53.306770
42.609753   143.491104  53.329403
42.641472   143.416260  53.406628
42.526337   143.488846  53.473881
42.406822   143.903275  53.634258
42.375362   144.324295  53.154129
42.128414   144.947159  52.538681
42.000278   145.438217  52.177116
41.846226   145.918716  51.889481
41.585060   147.007980  51.502300
41.416065   147.801987  51.307373
41.102352   149.144547  51.065735
40.937778   150.207672  50.899925
40.699539   151.813248  50.507671
40.275696   154.204269  49.459290
39.826725   155.738373  48.885120
38.912125   157.215988  48.439201
38.603127   158.245956  48.301693
38.443233   159.397720  48.256634
38.117474   161.310028  48.441132
37.632027   162.647812  48.412895
37.418827   163.651520  48.330254
37.101585   164.719147  48.095078
36.619881   166.823990  47.799713
36.516167   167.785217  47.697300
36.313274   169.113937  47.468655
36.288498   170.151794  47.422710
36.079361   171.337189  47.413223
35.891094   172.171326  47.389370
35.388931   173.315247  46.929379
35.213524   173.759323  46.715305
35.084930   174.293900  46.463001
35.086330   174.782959  46.251507
35.073978   175.217621  45.996986
35.171555   175.598495  45.803123
35.242970   175.898483  45.678612
35.360943   176.172546  45.575230
35.473774   176.377899  45.514389
35.538353   176.631348  45.411850
35.704269   176.760590  45.370514
35.848034   176.923721  45.354889
36.061604   176.703583  45.321861
36.231239   176.683212  45.313370
36.317177   176.400635  45.167290
36.447254   175.839874  45.084999
36.587299   174.996567  44.958817
36.814396   174.138687  44.830368
36.966003   173.226288  44.596775
37.159264   172.432724  44.361744
37.487804   170.870453  44.947002
37.563217   169.226212  47.116425
39.197945   169.278793  49.287159
39.498920   169.232300  49.716702
39.753590   168.583405  49.881649
40.322292   167.724915  50.343025
41.201214   166.340775  51.132477
42.480274   163.834702  51.931267
42.837799   162.618668  52.001934
43.066063   160.648712  52.064663
43.076729   159.306488  52.086063
43.471443   157.529053  52.320366
44.008434   155.941635  52.755035
45.613857   154.163879  53.518425
46.253147   153.493057  53.728687
46.727627   152.244537  54.011086
47.194649   151.094757  54.143784
47.325962   150.291412  54.134312
47.486229   149.666687  54.124851
47.794392   148.775742  54.228588
48.115562   148.351700  54.257484
48.511768   147.756088  54.277023
48.886192   147.424133  54.213646
49.357300   146.972687  54.203213
49.583321   146.747650  54.239990
50.231678   146.894867  54.069332
51.021675   147.316132  53.897667
51.725033   147.608643  53.656658
52.122482   147.733093  53.589516
52.773827   148.894592  52.882591
53.997105   150.237320  51.963097
54.081711   150.510071  51.341606
54.205994   150.824753  50.891720
54.232712   151.265213  50.807568
54.484787   152.330719  50.461533
54.723385   153.333893  50.119373
55.125004   154.950958  49.504993
55.477463   155.914490  49.056812
55.794239   156.767227  48.701759
55.826614   159.256699  47.734547
55.840488   160.109528  47.326824
55.865093   160.928864  47.589870
55.410728   161.571426  47.580406
55.430908   162.467789  47.770042
55.310566   163.413528  47.933437
55.459114   164.426483  48.141197
55.502182   165.277390  48.220852
55.697632   166.129608  48.294956
55.917656   167.065903  48.338921
55.840118   168.636841  48.390373
55.580971   169.349777  48.181763
55.555161   170.484238  48.023975
55.598801   171.595032  47.799713
55.704605   172.414185  47.670547
55.761551   173.070190  47.584084
55.853020   173.576996  47.531010
55.982338   174.034378  47.500809
55.960983   174.736252  47.445900
55.972401   175.322083  47.405052
55.999641   175.745499  47.379559
56.033646   176.034698  47.365444
56.038490   176.331223  47.314705
55.978374   176.557068  47.212887
55.391113   176.070587  47.035263
55.352516   176.165970  46.925873
55.461685   176.306839  46.917171
55.662743   176.527191  46.909645
55.813107   176.676620  46.886471
55.883263   176.611221  46.805119
56.063244   176.324112  46.431458
56.212208   176.033295  46.070320
56.386559   175.785782  45.822186
56.522518   175.609207  45.649815
57.030651   175.105576  45.434101
57.527058   174.325516  44.902317
57.803616   173.804810  44.589512
58.236595   172.757095  44.034843
58.289333   170.563858  42.460537
58.427151   169.050766  41.476032
58.562538   167.936890  40.522961
59.069592   167.267197  39.912601
59.780392   166.573120  39.479092
61.339386   165.807861  38.947598
61.862518   165.273117  38.650421
62.591671   163.869965  38.485462
63.105568   162.743042  38.423115
63.527843   160.987976  38.576199
63.607929   160.101364  38.612373
63.592899   159.425491  38.725124
62.972351   157.698151  38.903252
62.711468   156.654449  39.176147
62.883808   155.103638  39.641182
63.128784   154.398834  40.007393
63.332226   153.377090  40.309906
63.084538   151.419830  41.509449
63.058205   149.880127  42.585789
62.631268   147.957123  45.475498
62.380692   147.224365  47.015656
62.514278   146.498749  48.273926
62.618073   146.023514  49.463158
62.674152   146.043640  50.274963
62.786160   146.256485  50.731171
62.921093   146.357147  51.073654
63.584679   147.169632  50.987213
64.247505   147.955811  50.901688
64.497726   148.127335  50.880512
64.855141   148.401489  50.834316
65.397163   148.833450  50.855118
65.257950   148.507782  50.834614
65.274292   148.374283  50.845478
65.536232   148.589523  51.135078
65.822861   148.879715  51.394878
66.288994   149.443039  51.777679
66.652908   150.132843  52.037506
66.924591   150.751511  52.212193
67.120537   151.343872  52.375168
67.203712   151.779633  52.462288
67.546234   153.980103  52.488365
67.656837   154.729691  52.495094
67.681496   157.660721  51.893650
67.492035   158.133224  51.903656
67.693863   159.287781  51.765854
67.775162   160.326447  51.746319
67.871986   161.289703  51.672195
67.991386   162.303970  51.442493
68.097153   162.985046  51.314648
67.892204   164.203690  51.500256
67.858719   165.474823  51.529938
67.643791   166.384735  51.469574
67.630875   167.149429  51.366547
67.813957   167.849274  51.389622
67.968010   168.843063  51.327473
68.173813   169.617966  51.386917
68.265518   171.130325  51.360607
68.280434   171.932053  51.342091
68.308792   172.412766  51.331757
68.383957   172.933640  51.443932
68.047928   172.885651  50.936733
67.979103   172.996704  50.756474
67.945801   173.278961  50.598743
68.359108   173.909042  50.621201
68.598587   174.240723  50.636379
68.839325   174.480270  50.463085
69.106567   174.776428  50.329151
69.529106   174.926941  50.101181
69.721771   175.072922  49.952564
69.976265   175.305145  49.807793
70.225502   175.284592  49.705914
70.458733   175.330917  49.612633
70.640404   175.326050  49.432571
70.793259   175.286667  49.275204
70.997231   175.008896  49.070717
71.398315   174.514343  48.652515
71.823570   173.438629  47.640053
73.182480   172.423477  44.594318
74.133057   171.811539  42.835743
74.805717   171.253128  41.887688
75.305672   170.827438  41.281235
75.660339   170.057083  40.876072
76.077255   168.931686  40.284840
76.304230   167.883240  39.740330
76.650032   166.521759  39.310200
76.890610   164.530807  38.858139
77.156410   163.068802  38.235645
77.276695   161.187881  38.287323
77.252647   160.043152  38.383621
77.799232   160.050415  38.638233
77.961441   158.700455  40.319080
77.756828   157.679382  41.059998
77.931076   156.843582  42.072918
77.827377   155.787186  42.699280
77.506310   153.919708  43.648060
77.154953   152.583130  44.853699
76.896553   151.293533  45.935978
76.699623   150.516907  46.523483
76.527893   150.028412  48.347885
76.110062   149.782196  49.584328
75.855415   149.662476  50.445408
75.605873   149.418213  51.333614
75.229614   149.293533  52.159058
75.052513   149.354187  52.423000
74.828308   149.222092  52.806934
74.518402   149.284378  53.147438
74.316292   149.442490  53.337460
73.821083   149.570084  53.989410
73.423645   149.838135  54.373405
73.314598   150.153107  54.433224
72.963783   150.542603  54.779137
72.480225   151.075897  55.080975
72.327545   151.588379  55.127529
71.884811   153.361633  54.919044
71.848160   154.218033  54.945854
71.796036   155.300812  54.895634
71.573433   156.790848  55.028790
71.012192   158.283417  55.014851
70.912590   159.592819  55.090523
71.122452   160.756638  55.147720
71.278069   161.427628  55.144226
71.746399   162.621597  55.061924
72.141853   164.030548  54.772038
72.959305   166.401093  54.189743
73.240517   169.486420  53.467125
76.785454   179.136169  54.607925
76.751289   179.314453  54.003178
76.643677   179.855820  52.341351
76.624138   180.303726  51.535461
76.971977   180.534393  50.925289
77.333488   180.797745  50.582001
77.615509   181.036804  50.378078
77.951744   181.296097  50.171539
78.241371   181.516495  50.030479
78.486122   181.687714  49.927349
78.801239   181.806534  49.832428
79.077934   181.915848  49.762043
79.533936   182.279037  49.466988
80.744713   181.932129  48.911293
81.270897   181.725159  48.815544
81.859169   181.412308  48.658047
83.152618   181.161804  48.084965
84.262390   180.699753  47.519779
85.223907   179.867157  46.682461
85.613380   178.304184  45.852844
85.895638   176.476089  45.177284
86.660965   174.169785  44.132465
88.079041   172.170593  43.118206
88.594223   171.456955  42.863106
88.324463   169.116089  42.498474
88.300179   167.134338  42.340523
89.775887   164.658905  42.467937
90.460899   163.915939  42.558086
91.670319   162.160461  43.793964
92.654922   160.738190  45.068821
93.205032   159.144211  46.220684
93.390587   158.538010  46.656548
93.432884   157.317123  47.209072
93.765854   156.810318  48.086845
93.690353   155.961639  49.633846
93.378639   154.218262  54.301628
93.179543   153.693848  55.272419
93.081604   152.840225  56.259312
92.716446   151.946289  57.154709
92.549370   151.600098  57.377884
92.378380   151.165237  57.296471
92.143089   150.718124  57.217842
91.911331   150.274399  57.159248
91.668266   149.687836  57.005470
91.576569   149.483658  56.940094
91.496094   149.242340  56.893635
91.541862   149.081726  56.741627
91.539864   148.919693  56.693378
91.523804   148.847778  56.598679
91.503891   148.835709  56.456146
91.397156   148.921890  56.421726
91.368538   148.987442  56.424725
91.135666   149.490906  56.452988
91.094734   149.808075  56.508808
90.973648   150.606506  56.527630
90.879898   151.788025  56.501774
90.788528   152.731857  56.772083
90.640839   153.755692  56.920155
90.433853   154.967743  56.950092
89.978722   157.345169  56.862694
89.879463   158.445938  56.756683
89.236122   159.369644  56.619003
88.827148   160.688858  56.579624
88.318596   161.741776  56.566944
87.974464   162.588379  56.554501
87.403709   163.147110  55.825062
87.249466   164.504608  55.543472
87.181686   165.283508  55.375404
86.986908   166.555283  55.007828
86.778870   166.799942  54.898647
86.851654   167.629868  54.423607
87.812805   169.116013  54.229454
88.003563   169.988449  54.373482
88.698532   171.448700  54.586094
89.408203   172.884659  54.744118
89.739143   174.218307  55.168743
90.066277   175.346390  55.469490
90.316956   176.154938  55.463188
91.104401   177.284897  55.981556
91.195206   178.218063  56.796989
91.005630   178.851410  57.373043
90.890945   179.460434  57.838772
90.900208   179.664230  57.910568
90.795883   179.999268  58.091190
90.786179   180.265503  58.320663
90.835785   180.446945  58.443069
90.888542   180.598801  58.516232
90.928497   180.692612  58.548317
91.107422   180.625290  58.523064
91.539459   180.447403  58.467781
91.850830   180.473984  58.387840
92.397499   180.418320  58.248219
92.977325   180.294220  58.168938
94.195786   180.041260  58.082752
94.689522   179.848969  58.063961
95.285378   179.498337  57.937347
95.929482   178.720352  57.420261
96.036835   176.866089  56.597202
96.367905   175.587463  56.227852
96.914375   174.717102  55.717869
97.402176   173.638458  55.603867
97.991829   172.660385  55.632336
99.341370   171.743637  55.417358
100.011078   171.162613  55.367920
102.460915   170.317123  56.933598
103.063026   169.911194  57.406590
103.506721   169.391724  57.709583
103.115448   166.924103  57.166801
103.954384   166.637863  57.203068
105.065613   165.582382  57.119267
105.325729   165.153244  57.122444
105.601753   164.548462  57.268539
105.620865   163.797638  57.376438
105.596367   163.040863  57.360474
105.710014   162.164413  57.064686
106.097900   161.085281  57.047970
106.162727   160.612198  57.015903
106.402969   159.833496  57.186733
106.554581   159.095093  57.289238
106.579643   158.459183  57.353573
106.569489   157.648071  57.729626
105.769478   155.969635  58.308891
105.736794   155.317322  58.035828
105.766319   154.945145  57.944496
105.878761   154.503174  57.793823
106.177460   153.858032  57.783428
106.625999   153.153503  57.632206
106.751366   152.918625  57.594280
106.916779   152.530655  57.553478
107.029411   152.212021  57.519707
107.175720   151.840424  57.570778
107.377884   151.512909  57.644215
107.568748   151.314545  57.629036
107.651566   151.184494  57.553764
107.972801   151.118607  57.386600
108.198059   151.071457  57.267334
108.430763   151.082047  57.109592
108.737877   151.087189  56.996777
108.941788   151.236771  56.954430
109.521049   151.805664  56.873508
109.873123   152.162033  56.864101
110.152718   152.511353  56.828392
110.327072   152.909256  56.908627
110.852867   153.539108  56.956242
111.386650   154.373306  56.996292
111.654968   155.155548  56.997089
111.854424   155.860077  56.986568
111.922882   156.933807  57.539894
112.541794   158.549911  57.153172
112.494385   159.599045  57.156307
112.036888   160.610580  57.043568
111.956039   161.053146  57.034195
111.427338   162.774811  56.950264
110.090996   162.668976  56.126659
109.120911   162.950638  55.376881
108.077728   163.791183  54.890591
107.753754   164.190598  54.662781
107.696732   166.609238  54.392162
107.473106   167.589752  54.213940
106.529671   168.868393  54.048260
106.145622   169.518951  53.836243
104.596321   169.953873  53.403591
103.037926   170.122543  53.141296
102.284622   170.390717  52.954788
101.532730   170.818878  53.044617
100.995857   171.518768  53.093536
100.073677   172.254456  52.886898
98.666344   172.652237  53.586792
97.842758   172.617813  53.662830
96.039764   172.776428  54.046169
95.258163   172.629852  54.035763
94.207939   172.355362  54.103138
92.763512   171.584137  53.968456
92.448601   171.289566  53.886833
90.790565   169.705917  54.047802
90.248985   169.020752  54.136948
89.847336   168.016556  54.008884
89.194611   166.482422  54.084496
88.815147   165.316895  54.348103
88.760529   164.615891  54.408833
88.294411   163.213913  55.273903
88.322319   162.443344  55.376423
88.452721   161.896820  55.445602
88.709518   161.223663  55.563499
90.103470   159.872803  56.070587
90.737534   159.294479  56.300655
90.783699   159.241150  56.303505
92.915291   158.110092  56.680168
93.667458   157.759048  56.773029
94.920090   157.347717  56.869228
95.666100   157.137177  56.755886
98.492226   157.078659  55.988270
99.270500   157.060104  55.919418
100.738602   156.859421  55.982243
101.750061   157.005249  55.991394
102.653595   157.147537  56.169056
104.273712   157.710388  56.401527
105.756691   158.388123  56.625038
106.570168   158.663300  56.853695
107.739128   159.151016  57.011372
108.645035   159.521164  57.192215
109.718246   159.673218  56.740810
111.611015   160.368362  56.317089
112.137497   160.230804  56.426601
112.338905   160.382202  56.452515
112.892204   160.911972  56.555401
113.481163   161.896500  57.091957
114.330017   163.289185  57.358910
114.917778   164.844528  57.496101
114.743744   164.911346  57.170528
115.150032   165.468094  56.183372
115.167519   165.492188  56.092728
114.903717   166.332932  55.183781
114.690125   166.436234  54.771435
114.610527   166.524155  54.589931
114.346428   166.530655  54.170158
114.242256   166.718597  53.971249
113.428909   166.229874  53.473740
113.301895   166.226074  53.384758
113.271660   166.218918  53.159546
113.075211   166.064835  53.006031
112.789764   165.860764  52.886154
112.067581   164.107880  53.341732
111.606491   163.055038  53.782120
111.846436   162.457550  54.410370
112.264626   162.450027  54.694252
112.606018   161.991898  54.920300
112.996620   161.507263  55.191299
113.116341   161.167740  55.263096
113.483597   160.351303  54.851349
113.740845   159.925064  54.738838
114.343498   158.663101  54.597183
114.507668   157.935638  54.456100
115.002693   156.069809  54.085911
115.324593   155.272003  54.203899
116.487617   153.556442  54.455647
116.961479   152.902939  54.464127
117.427231   152.221710  54.408161
117.922348   151.440872  54.433216
119.022263   150.560974  54.466782
119.624191   150.191757  54.333485
120.302086   149.788879  54.564430
121.344238   149.299698  54.894077
121.587349   149.017914  54.900620
122.602493   148.629562  54.933514
122.974762   148.454544  54.945190
123.664307   148.209427  54.845993
124.173401   148.178101  54.779331
124.956360   148.179840  54.614502
125.627647   148.183136  54.494576
126.186974   148.227203  54.370232
127.024376   148.506073  54.157623
127.839989   148.747162  54.044594
128.665955   149.134323  54.186634
129.204819   149.386444  54.279469
129.600113   149.624542  54.380138
130.096603   150.044556  54.472904
130.978561   151.402557  54.326099
131.757416   152.094193  54.035389
132.361832   152.810806  53.578739
132.629150   153.721527  52.905766
133.050354   155.081787  52.228115
132.951538   155.609283  52.081673
132.853790   156.143051  51.705315
132.610367   156.819214  51.382298
132.373260   157.518097  51.099953
132.842880   158.352905  51.527554
132.722229   159.644058  51.326450
132.742706   160.137772  51.232769
132.776886   160.939209  51.034077
132.702133   161.682938  50.801273
133.040939   162.963821  50.052612
132.846039   164.387863  49.181225
132.847519   164.889313  48.812256
132.434174   165.131012  47.591869
131.564575   165.709427  46.989342
131.294937   166.035324  46.923962
130.857224   166.547226  46.803467
130.219986   166.935974  46.820324
129.278244   168.873764  47.437202
128.539124   169.957947  47.526005
127.958961   170.351379  47.528015
127.353355   170.576294  47.087017
126.754112   170.771149  46.730888
125.679482   171.045609  46.610123
124.872726   170.617737  46.555481
123.209290   170.346207  47.548359
121.645119   169.264252  47.908138
120.894783   168.802704  48.009186
120.404938   168.800018  48.454121
120.392723   168.904678  48.734756
120.164795   168.714264  48.838951
120.063568   168.544312  48.973141
120.104553   168.208954  49.904675
120.049416   168.060028  50.812492
120.365837   168.303909  51.521160
120.383133   168.330978  51.788231
120.552086   168.221863  52.072792
120.575256   167.951889  52.130573
120.728973   167.615158  51.847565
121.350479   167.194031  51.617172
121.942154   166.813263  51.043186
122.755798   166.330032  50.393158
123.514961   165.914017  49.914654
124.128639   165.640320  49.577660
124.797195   165.267532  49.313602
125.277626   164.993347  49.151478
126.057472   164.680939  48.965370
126.605438   164.488144  48.798161
127.753677   164.157425  48.457863
128.946701   164.126541  48.067116
129.811111   164.018127  47.621014
133.277802   164.692261  46.723804
133.645691   164.912903  46.537899
133.975937   165.218903  46.612320
134.341522   165.493240  46.721592
134.554672   165.877243  46.810493
135.218399   166.415741  46.562859
135.828934   166.469208  46.366104
136.193222   166.586670  46.261440
136.893433   166.218887  47.248432
137.102798   166.537384  47.500324
137.468109   166.921555  47.800056
137.989029   167.541748  48.267021
138.659088   167.878571  48.163811
138.995529   168.068298  48.136143
139.418884   168.255646  48.197338
139.833450   168.373383  48.281143
140.138550   168.416534  48.361198
140.389801   168.430267  48.423843
141.097107   168.317856  48.674744
141.446106   168.136475  48.846989
141.976074   167.878510  49.478958
142.390594   167.474884  49.868484
142.876831   167.062576  50.112854
143.052048   166.668869  50.555363
143.330673   165.988449  50.858212
143.656433   165.463470  51.123047
143.604980   164.416168  51.329441
143.577423   163.502014  51.477356
143.518951   162.521881  52.675854
143.443802   161.657791  53.660175
143.146866   159.697403  54.320515
143.178146   158.651382  54.446453
143.127167   157.426376  54.610737
142.954956   155.904480  54.794487
143.022171   154.524811  55.207424
142.952637   153.076843  55.391762
142.477081   151.667084  56.010811
142.321091   150.522415  56.238377
141.882324   149.333054  56.813236
141.588501   148.139465  56.863605
141.420685   146.906189  56.878624
141.236572   145.859329  57.268028
140.610001   144.377945  57.297039
140.575302   143.283096  57.428249
139.845825   141.667923  57.439007
139.773621   140.697586  57.535461
139.828674   140.048615  57.674397
139.906235   139.554260  57.772003
140.431808   138.842194  57.800537
140.936676   138.055496  57.774597
142.211273   138.053391  58.463203
142.914703   138.394577  58.590973
143.368591   138.463791  58.686909
143.567123   138.299088  58.739460
143.595779   138.101456  58.857937
143.623245   137.944824  59.012939
143.638062   137.814651  59.121326
143.641388   137.677567  59.214214
143.685043   137.752853  59.325241
143.837936   137.839218  59.404217
143.849258   137.635681  59.419594
143.890503   137.448532  59.486290
143.936981   137.357605  59.545937
144.064667   137.370193  59.636375
144.207413   137.421341  59.707115
144.392349   137.554504  59.832333
144.510010   137.695404  59.914875
144.640213   137.877747  60.006481
144.902634   139.543228  59.932396
145.002914   140.086182  59.962524
145.047867   140.187210  59.963562
145.044586   140.109177  60.003002
145.032730   139.996292  60.029587
145.079132   140.326691  60.328472
145.094009   140.519501  60.573570
145.134323   140.842361  60.914742
145.078751   141.022980  61.208408
145.146469   141.322037  61.519192
145.076355   141.152985  61.615879
145.077393   141.222992  61.702999
145.135406   141.740402  61.905392
145.188461   142.260025  62.115200
145.219086   142.462936  62.254822
145.218979   142.630844  62.463818
145.220032   142.832275  62.592869
145.210312   142.936203  62.682587
145.160614   142.837112  62.722157
145.119888   142.911148  62.785957
144.983643   142.912384  62.991276
144.836624   142.940674  63.261658
144.733688   142.907135  63.398232
144.644058   142.856705  63.502151
144.560455   142.711990  63.530273
144.395340   142.580948  63.477310
144.238739   142.451462  63.427345
144.034927   142.330948  63.329685
143.812851   142.198990  63.197975
143.605820   142.102921  63.068153
143.321060   142.150482  62.726746
143.096115   142.180649  62.460331
142.947098   142.219635  62.245872
142.737625   142.270584  61.996365
142.974625   142.514206  61.953293
142.990952   142.555664  61.791031
142.873901   142.525620  61.750439
142.663437   142.560867  61.695305
142.455719   142.601151  61.666142
142.300293   142.629288  61.644863
142.187454   142.729401  61.645737
142.010895   142.783401  61.548664
141.706772   142.853180  61.239140
141.514481   142.851578  61.234299
