-38.367599  145.865372  37.599243
-38.341549  145.853516  37.652275
-38.226574  145.810562  38.055702
-38.132389  145.815994  38.311165
-38.077168  145.834869  38.495823
-38.093048  145.865021  38.461327
-38.107197  145.812103  38.172237
-38.114841  145.777130  37.910988
-38.135399  145.748123  37.729198
-38.148994  145.729889  37.602856
-38.165989  145.726059  37.513470
-38.183548  145.728409  37.443222
-38.210754  145.771881  37.412617
-38.228863  145.819809  37.438061
-38.065929  145.925369  38.000328
-38.005928  146.023117  38.286976
-37.981213  146.102585  38.433285
-38.004108  146.171371  38.508041
-38.025490  146.214386  38.500122
-38.045082  146.289444  38.437649
-38.087051  146.362671  38.371742
-38.115879  146.427048  38.319366
-38.139183  146.478882  38.285694
-38.160675  146.550095  38.233875
-38.174648  146.656586  38.173000
-38.145096  146.803284  38.212696
-38.151360  146.939926  38.220577
-38.165672  147.059158  38.174919
-38.165627  147.178268  38.140190
-38.181278  147.334900  38.030144
-38.201477  147.443314  38.039642
-38.106441  147.635788  38.334763
-38.101028  147.789841  38.376423
-38.097832  147.884445  38.379147
-38.058422  148.029495  38.392197
-38.051613  148.145645  38.308857
-38.049232  148.275391  38.188354
-38.040642  148.398300  38.066204
-38.033875  148.511444  37.955326
-38.037910  148.615204  37.869873
-38.049618  148.715759  37.819115
-38.075027  148.804260  37.765106
-38.082588  148.869400  37.751148
-38.099670  148.933594  37.747604
-38.174755  149.231705  37.740093
-38.232849  149.544601  37.736931
-38.307423  149.842697  37.718826
-38.393154  150.050858  37.713135
-38.524345  150.257568  37.686535
-38.740307  150.477844  37.667194
-38.987450  150.632126  37.750710
-39.329807  150.752960  37.858185
-39.849731  150.785934  38.194046
-40.480068  150.768234  38.571777
-40.933983  150.746460  38.612331
-41.529514  150.692612  38.674522
-42.166851  150.594666  38.745468
-42.952850  150.369797  38.893497
-43.823353  149.611893  39.462681
-44.621464  149.300125  39.559383
-45.363186  148.951889  39.740551
-46.206230  148.411072  39.873318
-46.557747  147.663986  40.236153
-47.150536  147.166229  40.365841
-47.510181  146.588806  40.569752
-47.832134  145.958359  40.736633
-48.086906  145.031219  40.852119
-48.276154  143.690643  41.159527
-48.391331  142.528198  41.388000
-48.358749  141.006821  41.647743
-48.290974  139.721756  41.678516
-47.942020  137.934494  41.712761
-47.434532  136.378372  41.692848
-46.470108  134.619873  41.640137
-45.178211  132.711823  41.525002
-41.518204  130.332565  40.978401
-40.053898  129.690247  40.913689
-38.456020  129.209412  40.697170
-36.443604  128.829529  40.453705
-34.347664  128.590439  40.002399
-32.049564  128.162430  39.431393
-30.395876  128.105682  40.168819
-28.789177  128.144821  39.489250
-27.469982  128.399994  39.019257
-26.006762  128.852158  38.381866
-24.214067  129.626358  37.609653
-22.575218  131.139648  36.780792
-20.892067  132.603455  35.864651
-19.612616  134.071869  35.035881
-18.744957  135.628693  34.323566
-18.237556  136.998367  33.898849
-17.647545  138.265411  33.473442
-17.360872  139.867477  32.847404
-17.281256  141.237244  32.435707
-17.254795  142.463898  31.985931
-17.411495  143.762360  31.547567
-17.760477  144.999069  31.045910
-18.221949  146.043335  30.638733
-18.692104  147.190735  30.371107
-19.460238  148.515411  30.299881
-20.043770  149.285019  30.229488
-20.767574  150.100296  30.070341
-21.607258  150.742966  29.753515
-22.321898  151.235931  29.581419
-22.914719  151.599854  29.529491
-23.685247  151.972763  29.445889
-24.722319  152.448105  29.228163
-25.846970  152.824539  28.997257
-26.856936  153.073517  28.868790
-27.733110  153.216568  28.801706
-28.496336  153.285828  28.728165
-29.288216  153.232529  28.682041
-30.249754  153.072769  28.502007
-30.928600  152.887482  28.442736
-31.936138  152.614975  28.312057
-32.618881  152.327972  28.233967
-33.478054  151.965164  28.133997
-34.241100  151.666595  28.032501
-35.049015  151.396118  27.932482
-36.087269  151.183731  27.791813
-36.909386  150.961288  27.698902
-37.639400  150.873871  27.692892
-38.300499  150.707596  27.689020
-39.115437  150.455276  27.589584
-39.803974  150.233536  27.546741
-40.445522  150.021973  27.526546
-41.009933  149.898956  27.464766
-41.490372  149.775284  27.436911
-41.873466  149.665176  27.441145
-43.153008  149.631485  26.998152
-44.222000  149.500198  26.609381
-44.813454  149.438416  26.423296
-45.231682  149.242722  26.313328
-45.826218  148.881836  26.033123
-46.190987  148.822220  25.834681
-46.350643  148.726303  25.753086
-46.441929  148.626099  25.706192
-46.448837  148.488754  25.759001
-46.481678  148.369110  25.787016
-46.495327  148.278885  25.800386
-46.500355  148.207718  25.810482
-46.500225  148.140076  25.813311
-46.479801  148.042999  25.830530
-46.414856  147.922623  25.896803
-46.358662  147.825455  25.952423
-46.316704  147.743637  25.998806
-46.290447  147.669922  26.045540
-46.246929  147.633423  26.158154
-46.216702  147.622604  26.251493
-46.215332  147.672668  26.285269
-46.242645  147.696106  26.270454
-46.306915  147.770889  26.232386
-46.533596  148.062027  26.130087
-46.784595  148.519608  26.016356
-46.966587  149.089355  25.923788
-47.105366  149.911026  25.864393
-47.238186  150.856155  25.804192
-47.374657  152.062393  25.687119
-47.369858  153.204483  25.550032
-47.427589  154.339050  25.304832
-47.302925  155.962143  25.064037
-47.221951  157.713257  24.800488
-47.087273  159.497192  24.618542
-46.961132  161.571762  24.259975
-46.671906  163.669601  23.905819
-46.329899  165.801468  23.625832
-45.802876  167.960434  23.359850
-45.398731  170.306076  22.942261
-44.858570  172.549393  22.667431
-44.159088  174.933151  22.374380
-43.195938  177.539383  22.245667
-42.032032  179.717667  22.065928
-40.320564  182.862045  22.272360
-38.804047  185.078506  22.279676
-37.191833  186.894730  22.146494
-35.720646  188.548309  21.974560
-33.891071  190.262543  21.783009
-31.886629  192.194824  21.600554
-29.575182  193.815063  21.329514
-27.008078  195.054550  21.103237
-24.405136  196.252014  20.828369
-21.630327  197.441391  20.590837
-18.794828  198.407639  20.363369
-15.758743  199.295486  20.094273
-12.504916  199.800705  20.132931
-9.379865  200.138214  20.149765
-6.124244  200.024429  20.437380
-3.037543  199.945267  20.715361
-0.118880  199.666672  21.001375
2.595345  199.291199  21.193712
5.091388  198.712982  21.396378
7.321907  197.967651  21.576057
9.417781  197.000977  21.923639
11.408281  195.528931  22.464130
13.020156  194.175018  22.830742
14.249230  192.565430  23.172443
15.298430  190.579422  23.540848
15.963991  188.296860  23.637880
16.491623  185.760666  23.807768
16.782293  183.301117  23.895090
15.408933  176.543243  25.096413
14.620303  174.633865  25.356062
13.868511  172.705704  25.569427
12.771674  170.754791  25.968748
11.260507  169.070099  26.527342
9.655625  167.429138  27.170732
8.285920  166.076370  27.820618
6.590622  164.570480  28.849440
5.134390  163.353699  29.536915
3.637731  162.264786  30.359844
2.001900  161.097000  31.140495
0.835500  160.093033  31.580183
-0.003806  159.158432  31.838442
-1.165902  157.901215  32.338360
-2.099280  156.967056  32.683044
-3.091329  156.051086  33.105320
-3.663776  155.510040  33.140522
-4.169128  155.080841  33.237591
-4.543339  154.777710  33.333878
-4.750795  154.535416  33.404228
-4.818798  154.382339  33.449924
-4.913899  154.121033  33.533138
-4.945031  153.788849  33.658398
-4.727538  152.695633  34.222771
-4.385054  152.018738  34.577263
-4.113007  151.565277  34.768188
-3.206900  150.610794  35.622410
-2.779853  150.059875  35.826389
-1.673206  149.143372  36.311142
-0.899030  148.328018  36.474937
0.314331  147.377121  36.741989
3.159908  145.816986  38.190941
6.096584  144.434494  40.093540
8.298828  143.902100  41.019676
10.080420  142.781723  41.679310
12.005182  141.828308  42.444901
13.938606  140.483917  42.873615
15.758282  139.278854  43.175411
18.131660  137.251709  43.354065
20.326885  135.611557  43.212746
22.262091  134.546082  43.429932
23.946867  133.385361  43.605137
26.171766  132.646149  44.348808
28.692898  131.409195  45.625393
30.719482  130.569458  46.499454
32.357182  129.785538  46.842216
33.789928  128.994720  47.178120
35.529083  128.201370  47.209160
38.158192  126.980347  46.495548
39.606636  126.124184  46.401581
42.445004  124.111145  43.957912
48.457516  120.032082  37.248672
50.395145  118.870552  32.886677
52.366829  117.722015  29.901293
54.042248  117.271233  28.934225
54.931976  117.043449  28.815399
55.406544  116.716827  28.706343
55.616016  116.059196  27.544729
55.792397  115.683266  26.944733
55.617489  115.620728  26.514910
55.592865  115.527199  27.032495
55.414940  115.691299  26.808105
55.146549  115.509949  26.780830
54.593372  115.640816  26.520193
54.366055  115.847900  26.046553
53.867317  116.172241  25.559103
53.417397  116.596298  25.170309
52.917877  117.003296  24.756369
52.350723  117.474510  24.328432
51.885632  118.012695  23.866653
51.380016  118.383026  23.564655
50.887249  118.714867  23.315929
50.655788  119.003059  23.216413
50.569145  119.028297  23.161093
50.377735  119.055199  23.081093
50.206581  119.219147  23.172619
50.024963  119.252319  23.379171
49.600193  119.267410  23.278677
