-98.509193   143.208786  8.475845
-98.462173   142.953339  8.413694
-98.409790   142.849899  8.389994
-98.366608   142.773819  8.352962
-98.288414   142.689407  8.284858
-98.219002   142.632553  8.257274
-98.150169   142.585220  8.232779
-98.087761   142.537643  8.211658
-98.032509   142.496628  8.198599
-97.976692   142.467270  8.201063
-97.936234   142.441925  8.207599
-97.898537   142.422211  8.226117
-97.856049   142.406448  8.244207
-97.815758   142.394928  8.266946
-97.785698   142.388840  8.286481
-97.775620   142.382309  8.296026
-97.703735   142.333099  8.323569
-97.631927   142.279465  8.358005
-97.557922   142.246979  8.357451
-97.451508   142.221115  8.341523
-97.287643   142.231766  8.271886
-96.929039   142.346390  8.106122
-96.313522   142.577759  7.754237
-95.436310   143.003448  7.161944
-94.313850   143.705582  6.513680
-92.982941   144.765015  5.415132
-91.368355   146.217987  4.277635
-89.400658   148.925278  3.248609
-87.371475   152.893631  2.140597
-85.510284   157.756363  0.763006
-84.118752   163.591614  -0.539754
-81.807678   169.155670  -0.652659
-79.396812   175.429413  -0.538066
-77.435822   183.607574  -0.449891
-75.820549   190.766251  -0.154457
-73.455086   215.627029  5.532796
-74.368393   220.911316  7.755173
-75.275528   226.159424  9.557328
-76.898849   231.946884  12.438981
-79.030586   236.455002  15.681336
-81.472160   239.647858  19.231133
-84.575119   242.913101  23.498322
-87.988663   244.829697  27.126045
-91.453468   245.099869  30.972448
-95.435188   244.777069  35.084423
-99.810013   243.240402  38.494495
-104.101837   241.440704  41.645397
-107.802979   239.225891  43.936630
-111.420570   235.718277  45.898800
-115.311890   232.396454  48.170723
-117.870232   227.322815  49.566059
-120.322586   222.248016  50.423939
-121.593933   216.677139  50.468246
-122.243042   211.543045  50.502453
-122.608383   206.962128  49.613674
-122.253052   202.504547  48.217068
-121.193153   198.868912  46.811535
-120.147247   196.227264  44.912937
-118.581726   194.158554  42.565048
-116.137329   192.821915  40.041733
-112.516716   191.819687  37.060165
-108.698303   191.618042  34.007252
-103.650574   191.634888  30.652534
-98.614449   191.483231  27.275208
-93.816742   190.744583  24.023476
-89.317612   189.657196  21.371910
-85.146393   187.360596  18.846907
-81.419693   184.610077  16.988884
-78.359856   181.134476  15.210652
-76.332634   176.959229  14.017144
-75.220352   172.524292  13.536418
-74.805870   168.249771  13.532302
-75.391113   164.107651  13.646470
-76.673424   159.333130  14.245663
-78.868492   154.668213  15.400116
-81.489708   150.242783  16.905352
-84.747124   146.105179  18.549862
-88.387421   142.577927  20.714642
-92.475189   140.109650  23.416430
-96.276978   138.196808  25.808220
-100.247040   137.352341  28.321215
-104.370735   137.745743  30.387823
-107.541481   138.466400  32.103836
-110.565910   139.855789  33.598042
-113.284294   142.683548  35.949718
-115.182327   145.888245  38.349354
-116.174591   148.943237  40.041706
-117.047668   151.826981  41.197823
-117.277054   155.684296  42.557510
-117.178543   159.037186  43.266647
-116.812843   161.378113  43.423691
-116.152359   163.363861  43.456371
-115.244789   165.072144  43.523075
-114.342827   166.551910  43.376247
-113.392403   168.016998  42.727413
-112.170929   169.126266  41.885704
-110.672546   169.502258  40.946686
-109.072311   169.298309  39.773197
-107.217270   168.573181  38.335426
-104.512451   166.865982  36.372330
-101.438004   164.151520  33.948288
-98.719040   161.183472  31.541269
-95.521530   157.948700  29.595089
-92.843933   154.865112  27.816561
-90.257347   151.941467  25.698322
-87.383797   149.368378  23.997501
-84.925934   147.082703  22.301428
-82.341431   145.376129  20.532801
-79.289612   143.751160  18.789255
-76.337990   142.769424  16.854546
-73.213257   142.042755  14.971906
-69.746979   141.868057  13.140615
-66.347107   141.991806  11.395225
-62.812214   142.746597  9.637866
-59.313030   143.986359  8.051242
-56.086388   146.089111  6.950025
-52.942066   148.380768  6.718570
-49.746136   151.521255  6.287350
-46.833893   154.223175  5.717904
-44.638592   156.631729  5.646307
-42.545956   159.851868  6.000426
-40.638416   163.835220  6.222706
-39.275352   167.177063  6.478879
-38.590775   170.660919  6.950582
-37.956505   173.794266  8.089218
-37.964134   176.974213  9.247719
-38.059418   179.760696  10.621375
-38.549706   182.606918  12.012342
-39.523327   185.113205  13.292853
-40.765354   186.835632  14.400695
-42.156593   188.096741  15.516191
-43.605320   188.971329  16.792574
-45.247368   189.340775  18.163691
-47.135349   189.286240  19.406441
-49.161991   188.760803  20.502163
-51.323544   187.335968  21.664251
-53.436768   185.080215  22.802315
-55.540169   182.768845  23.624483
-57.398689   179.957947  24.277754
-59.086445   176.549683  24.809406
-60.299500   173.143936  25.049503
-61.396847   169.105850  25.071951
-61.971577   165.540009  24.980085
-62.125427   162.610733  24.894030
-62.202213   160.131912  24.621458
-61.664497   157.017166  23.844755
-60.642635   154.082031  23.087679
-59.340080   151.831787  22.278749
-57.884022   150.024460  21.346615
-55.999119   148.826950  20.356627
-54.016430   148.074265  19.099998
-51.541645   147.792145  17.960182
-48.827770   147.591080  16.325825
-46.725307   148.127960  15.317123
-44.598339   148.817368  14.268453
-42.470127   149.745621  13.513329
-40.589699   151.656982  12.756969
-38.642319   154.219131  12.371467
-37.008072   156.847321  12.452344
-34.903389   161.449875  13.779977
-33.335945   168.744400  14.454619
-33.257477   170.574966  14.687894
-33.116379   173.359253  15.289019
-33.161118   175.750717  15.883427
-33.338436   177.686249  16.356289
-33.500343   179.511505  16.704689
-33.951221   181.658356  17.163534
-34.325516   183.735626  17.732651
-34.703705   185.563110  18.799561
-35.087456   187.227631  19.980507
-35.514099   188.205185  20.815424
-35.939224   188.615189  21.415546
-36.382935   188.775131  21.937006
-36.949383   188.606415  22.526472
-37.598175   187.867661  23.076105
-38.367981   186.190445  23.751043
-39.127003   184.519684  23.938034
-39.668098   182.449234  23.885925
-40.149406   179.966949  23.587196
-40.513470   176.978851  23.181801
-40.684361   173.923447  22.773439
-40.673134   171.032654  22.282167
-40.548336   167.972641  21.570200
-40.059963   164.606613  20.692432
-39.815426   159.810913  18.735008
-38.932858   156.243027  17.039846
-38.898315   151.574371  13.692098
-37.968544   150.244797  13.300534
-36.524097   147.558212  11.226171
-35.025677   145.965469  9.928405
-32.861656   144.811432  9.418880
-30.183544   144.114624  8.609491
-27.018415   143.856491  7.907399
-23.866999   144.182281  6.935821
-21.103941   144.747528  6.112197
-17.840326   146.504776  5.966244
-15.110849   148.980194  5.893516
-12.966702   151.187820  5.687093
-11.142738   153.230408  5.366459
-9.274896   155.637283  5.396956
-7.932708   157.653748  5.843639
-6.788071   160.494873  5.658065
-5.836362   164.472092  5.386856
-5.206439   167.867996  5.459808
-4.509826   171.253433  5.906343
-4.249694   174.242310  6.238180
-3.830428   177.384506  6.420377
-3.058987   180.130920  6.958998
-2.173102   183.084686  7.665235
-1.550656   185.495682  8.294909
-0.891348   187.141327  8.920897
-0.250251   188.629852  9.522206
0.379309   189.854202  9.945721
0.901772   190.858246  10.375859
1.642176   191.919220  10.926012
1.961048   192.340195  11.154356
2.386411   192.701904  11.425860
2.617521   192.804031  11.595796
2.737717   192.753464  11.705402
2.807434   192.300247  11.834541
2.806843   191.456604  12.033820
2.183925   190.117737  12.186575
1.426010   189.058685  12.051998
0.474529   187.949402  12.073970
-0.602374   186.935745  12.124139
-1.946727   185.750305  12.252618
-3.283804   184.770660  12.312524
-4.531833   183.865112  12.390326
-6.528337   182.382431  12.629692
-7.712661   181.669296  12.843358
-8.762801   181.095245  12.988317
-9.721538   181.094315  13.420741
-10.687300   180.496124  14.028121
-11.490191   179.780777  14.343450
-12.160502   178.932877  14.768335
-12.723861   178.092117  15.012178
-13.045251   177.171783  15.440233
-13.494249   175.399124  16.435270
-13.419104   173.997528  17.081898
-13.624635   172.595520  17.071482
-13.140376   170.309464  17.425344
-12.657260   167.714188  17.596262
-11.674450   164.945511  17.662243
-10.273457   161.910797  17.348627
-8.918833   159.158127  16.556719
-7.372178   156.476059  15.743665
-5.763446   154.211990  14.873675
-4.006249   152.159134  13.904614
-2.298884   150.388474  12.853656
-0.217658   148.932465  11.611213
1.963161   147.765701  10.424842
4.144331   146.977615  9.251643
6.345009   146.483932  8.163183
10.007983   149.069595  5.625222
11.230828   150.429489  2.882216
13.002318   150.958191  2.160270
15.329010   153.416504  2.178716
17.381266   156.403381  1.720597
18.957121   159.631699  1.155895
20.634594   163.045105  1.360513
22.169977   166.784561  1.734723
23.294142   170.577896  1.746354
24.408470   174.372192  1.870175
25.277302   178.167633  2.000997
26.916113   183.860184  2.865807
27.998846   188.474731  3.354373
28.783661   192.527512  3.889974
30.035160   197.322891  4.987460
30.932747   202.022949  6.023054
31.998142   206.920120  6.840474
33.030403   211.863678  7.738439
34.686310   218.910934  9.395619
35.658195   224.075714  10.410820
36.766106   228.703506  11.968714
38.385307   234.271713  13.907411
39.234795   237.806946  15.356471
41.074448   243.020752  17.608767
42.579025   245.907562  18.698505
43.696918   248.671936  20.530647
44.633667   250.990631  21.890522
45.050560   252.128372  22.551182
45.261284   252.737656  22.910942
45.437763   253.160477  23.227249
45.565800   253.434692  23.695980
45.587097   253.530731  24.069910
44.271694   248.942413  23.319647
43.499878   245.036880  22.759171
42.254578   240.365280  22.628843
40.769604   232.589279  22.594826
39.659798   226.987381  22.548271
38.356911   222.214447  21.745861
36.844372   216.395676  20.879217
35.231987   210.201065  19.921217
33.303303   205.122757  18.496452
31.633705   199.790359  17.586958
30.114933   194.346725  16.974516
28.631613   189.398193  16.392076
26.863321   184.923172  15.489284
25.926910   180.654602  14.916292
24.555967   174.377258  14.442915
24.140491   170.657440  14.087657
23.707079   167.916763  14.078119
23.247261   164.064682  14.171559
22.783056   161.295563  13.986202
22.465879   159.138229  14.249866
21.997694   156.439545  14.420108
21.872946   155.173187  14.792006
21.455069   153.021469  14.429041
21.212072   151.932205  14.293400
21.293240   150.949356  14.960015
21.201111   150.659073  14.947636
21.408283   150.368851  16.176031
21.428961   150.998550  16.206507
21.975147   152.669250  17.514774
21.669531   154.959930  16.736031
22.047897   157.258148  17.552670
22.541756   160.127045  19.050312
22.836851   162.133530  19.116217
22.790966   165.241257  18.408932
22.856619   167.556915  17.950138
23.520826   172.133804  17.765865
24.063108   174.226334  18.172640
25.038412   177.377777  18.612856
26.217730   180.945984  18.517950
27.740587   184.373749  18.438150
28.499819   185.831650  18.345543
29.296722   187.052261  18.190334
29.919563   187.655487  18.146751
30.635612   188.418091  18.029089
31.729866   189.624207  18.252781
33.200912   189.821457  18.730492
33.747219   189.452148  18.333675
34.730930   188.597580  17.788177
36.767895   187.259338  17.934114
38.261543   184.918564  18.100851
38.081245   181.976395  17.089781
38.181129   179.310837  16.138786
38.793320   175.600159  15.031195
39.437122   172.298645  14.264210
39.904381   168.476334  12.650815
40.342743   166.097046  11.301275
41.159210   163.216034  10.109698
42.822716   161.397903  8.937663
44.958649   159.396057  7.987197
46.189232   157.165497  7.112913
47.603195   154.395691  6.210879
48.738449   152.661438  5.363964
49.958111   151.030121  4.583315
51.077133   149.786209  3.562389
53.000568   148.053024  2.324234
54.438034   146.927094  1.956084
55.632191   146.251862  1.521172
57.529762   145.506027  0.906499
58.766212   145.179062  0.498774
59.976971   145.114166  0.253412
60.910633   145.945618  -0.051308
62.578758   147.646484  -1.163054
63.290047   148.401077  -1.637170
63.756584   149.325241  -1.948119
64.222694   150.695877  -1.952809
64.848145   153.536957  -1.870191
66.407318   157.089066  -1.248379
66.804405   160.394852  -0.795344
66.928673   162.926376  -0.467442
67.219528   164.696899  -0.022951
67.467125   168.504181  1.089112
67.397270   171.283432  1.937605
68.215515   175.411499  3.100200
68.512512   178.196518  4.189202
69.265289   183.325790  6.129717
69.282318   185.430603  7.070958
69.537056   187.693207  8.401529
69.555870   189.139404  9.150100
69.308441   191.406616  9.956418
68.703781   193.102005  9.846026
68.828690   194.197601  10.267873
68.884521   194.854660  10.515049
68.867210   195.091034  10.639589
68.805031   195.293365  10.810845
68.752609   195.410034  10.960394
68.571053   195.274384  11.138676
68.385063   194.882355  11.315275
68.094170   194.191559  11.285789
67.553673   192.501892  10.799649
66.779526   190.183823  10.066204
66.299980   188.511124  9.531962
65.529564   184.028580  8.613498
65.077560   180.663544  7.994811
64.648003   177.279144  7.179070
63.978027   173.300583  6.304339
63.722633   170.640106  5.572411
63.477276   166.284973  4.682156
63.603558   163.670242  4.131482
63.312027   159.199936  2.892320
63.988319   156.308731  2.538402
64.373390   154.614014  2.341474
65.048775   151.755661  1.845375
65.600327   149.861710  1.567145
66.368813   147.408066  1.054643
66.933266   145.681320  0.919582
69.175110   142.817307  1.258253
71.062988   141.449646  1.928653
72.893951   140.430923  2.343869
74.298897   139.414932  2.310299
75.454567   138.930969  1.945016
77.095062   137.964691  1.420062
78.592583   138.261673  1.152278
79.929062   138.598495  0.925128
82.242294   140.258118  0.020427
83.661926   141.827484  -0.686167
87.525330   149.259140  -0.757674
88.074364   151.269577  -0.712268
88.471741   153.468536  -0.333570
88.639427   155.524872  -0.006723
88.744278   159.466644  0.558806
88.834099   162.682327  1.266365
88.974464   166.569946  2.558168
88.693184   170.016190  3.273665
88.430916   172.388168  3.837904
88.201218   176.021164  4.781617
88.923172   179.860184  6.858932
88.978737   182.856094  8.677698
88.865372   184.470200  9.681416
89.183701   187.363190  11.595444
89.752800   189.989288  13.749372
89.532585   190.410782  14.202837
89.026993   190.926926  14.379290
88.607063   191.112930  14.218558
88.646835   191.360626  14.572976
88.886566   191.445602  15.383741
88.746223   190.769150  15.255006
88.622810   189.733521  14.968853
88.504189   187.189713  14.396823
88.534180   184.837814  13.862936
88.349220   182.817871  13.084869
88.244041   179.944550  12.077187
87.900322   177.155685  10.419338
87.561653   173.911392  8.966572
87.081360   168.399506  7.481175
86.811775   164.517960  6.622837
86.531181   160.990387  5.848602
86.481598   156.420273  5.096873
86.581429   154.170807  4.613799
86.621254   150.609512  3.753598
86.792175   148.554794  3.253920
86.964134   146.857559  2.833531
87.282997   144.518097  2.414482
87.425041   143.385422  2.182698
87.574188   141.825180  1.945109
87.660439   141.321274  1.852509
87.746956   140.760437  1.751360
87.794647   140.559952  1.699608
87.897171   140.506058  1.449175
87.989822   140.600937  1.317888
88.042664   140.969070  1.054877
88.104637   142.538086  0.637898
88.120728   143.965500  0.488046
88.323105   145.958344  0.527355
88.546249   150.588409  1.762188
88.196762   152.889648  2.357414
88.352188   156.373154  2.636117
88.176155   158.908539  2.871789
87.613823   162.451553  3.196319
87.421623   165.311203  3.675897
87.658012   169.713974  3.559636
88.052711   173.365662  3.772806
88.607025   176.268173  4.413249
88.952461   178.293747  4.616964
89.237747   180.728561  4.829807
89.802971   182.430130  5.131013
90.373375   183.874298  5.421493
91.359589   185.956589  6.133114
92.215874   187.597595  6.725078
93.314209   189.075790  7.363242
94.486732   190.381012  7.984876
95.692459   191.307480  8.609591
97.156219   192.109314  9.291910
99.083466   192.573822  10.342723
100.968010   192.338333  10.749853
102.711533   191.682556  10.891039
103.890724   190.521881  10.687012
104.971642   189.013306  10.187374
106.110382   187.079254  9.385585
107.048859   184.468445  8.284829
108.036758   182.609360  7.606068
109.108727   179.556305  5.854672
110.165405   176.493637  4.617585
111.007561   173.240555  4.069045
111.831871   169.731903  3.381176
112.109077   165.547424  2.569194
112.805679   161.386002  2.037235
113.867401   156.759552  1.432787
114.507805   153.542892  1.118165
115.426224   150.716766  1.032437
115.996124   146.089905  0.788588
116.796257   143.181961  0.858710
117.545067   141.619110  0.476619
119.587349   140.054214  -0.218935
121.049690   138.493668  -1.029139
121.654831   137.955948  -1.381974
122.484215   137.452652  -1.898410
124.377357   137.486511  -2.443738
125.706482   137.562714  -2.854070
127.594460   137.841278  -4.257676
129.680847   139.285706  -5.395836
131.331192   141.468918  -6.416644
132.617798   143.358658  -6.847576
134.294403   145.467957  -6.990760
135.790253   147.887589  -7.176043
136.921341   149.942139  -6.906777
137.324448   151.143463  -6.786367
137.553680   152.201477  -6.726456
139.679138   154.329239  -5.397366
140.592438   155.617569  -4.479390
140.530380   158.303375  -6.116043
140.101364   159.400024  -7.794243
140.985657   160.676102  -11.774686
118.709648   137.574463  -24.934238
134.290756   124.174141  -16.997343
148.015442   118.141655  -18.217447
151.613907   117.466553  -19.832523
151.908905   115.035187  -22.012980
153.937607   113.296135  -23.066626
