-97.691933   240.224258  1.479085
-97.572807   239.766495  0.924038
-97.554268   239.728104  0.839976
-97.544617   239.711411  0.767533
-97.527885   239.705704  0.707006
-97.513374   239.701492  0.651663
-97.467674   239.654160  0.549221
-97.431862   239.598587  0.420188
-97.396294   239.624496  0.337907
-97.362633   239.643799  0.267822
-97.318298   239.641190  0.198929
-97.286697   239.639221  0.152364
-97.264557   239.745422  0.146792
-97.169937   239.757446  0.101567
-97.064323   239.825729  0.012527
-96.902817   239.883087  -0.173039
-96.700439   239.864975  -0.355929
-96.527916   239.858276  -0.414489
-96.208153   239.795410  -0.571030
-96.014961   239.813217  -0.650703
-95.729881   239.642700  -0.866179
-95.594543   239.557281  -0.974562
-95.560165   239.606644  -0.965242
-95.518738   239.632767  -0.948914
-95.477219   239.641357  -0.926510
-95.440659   239.597214  -0.909132
-95.422318   239.736115  -0.786756
-95.388054   239.885742  -0.639035
-95.286011   239.699249  -0.683034
-95.252121   239.735916  -0.641640
-95.167923   239.602158  -0.682263
-95.146805   239.616150  -0.646861
-95.076950   239.529419  -0.690817
-95.029167   239.536636  -0.689414
-94.985374   239.545074  -0.682889
-94.942093   239.505493  -0.699025
-94.899895   239.493713  -0.712178
-94.830086   239.512039  -0.736057
-94.804619   239.531235  -0.748148
-94.757851   239.570282  -0.768537
-94.726593   239.626938  -0.793950
-94.706642   239.676117  -0.811597
-94.691116   239.721268  -0.826030
-94.680832   239.780014  -0.836202
-94.676064   239.907547  -0.820346
-94.673782   240.040558  -0.798802
-94.720444   240.367615  -0.691066
-94.878159   241.039612  -0.341243
-94.865662   241.102615  -0.295993
-95.041656   241.733032  0.091318
-95.172768   242.220078  0.442745
-95.153488   242.376816  0.596609
-95.118637   242.471939  0.720567
-95.078087   242.553146  0.817264
-95.023216   242.645676  0.905774
-94.976898   242.760559  0.982982
-94.937515   242.902496  1.058002
-94.921562   243.016617  1.117752
-94.897995   243.112564  1.172141
-94.882935   243.196045  1.221962
-94.889328   243.358826  1.309951
-94.902496   243.531876  1.411689
-94.913216   243.676514  1.511289
-94.918892   243.821075  1.613325
-94.940559   243.930695  1.712878
-95.006035   244.110550  1.843884
-95.070496   244.241409  1.959375
-95.123177   244.301147  2.041454
-95.108017   244.213638  2.022423
-95.129021   244.120743  2.008837
-95.123817   243.949539  1.964193
-95.147728   243.786118  1.930022
-95.038628   243.115784  1.777820
-94.988831   242.424545  1.632472
-94.984253   241.416992  1.493889
-94.931625   240.025711  1.304240
-94.844177   238.040314  0.952107
-94.823006   235.784119  0.780350
-94.768158   233.412506  0.529561
-94.677368   230.380737  -0.560382
-94.713921   227.334671  -0.630566
-94.873833   224.604355  -0.526237
-94.881218   221.662796  -0.511186
-94.936737   218.526871  -0.099028
-94.949730   215.575455  0.371685
-95.007851   213.264969  0.617585
-94.911240   210.569199  1.011299
-94.885811   207.504135  1.582797
-94.850662   204.700409  2.199785
-94.940544   202.657562  2.464080
-94.623146   198.066360  2.994251
-94.666145   196.446594  3.254483
-94.822937   194.933685  3.508855
-94.994659   193.633469  3.748129
-95.280861   192.691788  3.850946
-95.556763   192.023865  3.916422
-96.058937   191.926758  4.094548
-96.516151   192.023651  4.289512
-96.973305   192.100800  4.140932
-97.873726   193.139160  4.121880
-98.480751   194.390015  3.965255
-99.338280   196.295502  3.852993
-100.651527   199.068222  3.144257
-101.684883   202.661011  2.261657
-102.763741   206.636215  1.520241
-103.596214   210.956497  0.860912
-104.247314   215.875122  0.007926
-104.634773   222.587234  -0.268177
-104.737137   228.017624  -0.724113
-104.653236   233.797531  -1.664504
-104.160240   239.646469  -1.983347
-103.436707   244.222900  -2.218867
-102.685127   248.313004  -2.377657
-101.977577   253.749802  -2.835334
-100.921417   257.811737  -3.969455
-100.079147   262.942535  -4.193783
-98.649330   266.415466  -4.933348
-97.216270   269.661224  -5.243390
-95.526825   272.377808  -5.532408
-93.499214   275.242188  -5.781336
-91.599770   277.133514  -6.203433
-89.417435   278.525726  -6.777012
-87.188515   279.532196  -7.401575
-85.025177   279.991882  -7.954127
-82.859077   279.712280  -8.657225
-80.744415   278.212433  -9.501609
-78.698547   276.213135  -10.517948
-76.849518   273.860809  -10.952480
-75.634628   270.909760  -11.145939
-74.943329   267.786407  -11.238543
-75.182808   263.126007  -11.098167
-76.080414   258.124054  -10.813195
-77.523148   253.711533  -10.322472
-79.216110   249.023163  -10.707887
-81.418823   244.604004  -9.629656
-83.738190   241.022568  -8.452079
-86.230064   236.836411  -7.277505
-88.549843   234.042770  -6.433606
-90.406654   231.795364  -5.637972
-92.094872   230.117889  -4.867113
-93.462547   228.982971  -4.324562
-94.364952   228.206757  -4.190840
-94.883644   227.814682  -4.109107
-95.258720   227.502762  -4.261503
-95.437248   227.535065  -4.307231
-95.565170   227.727478  -4.376946
-95.543892   228.106201  -4.552679
-95.256416   228.979599  -4.756922
-94.573853   229.848175  -5.166541
-93.515045   230.655624  -5.599023
-92.261009   231.437378  -5.874234
-90.763443   232.305740  -6.274235
-89.194405   233.347763  -6.429569
-87.545769   233.604675  -6.428307
-85.865982   233.609055  -6.526115
-83.952782   232.950027  -6.675489
-82.027336   231.973862  -6.793765
-79.943268   230.303940  -6.923777
-77.709869   228.507614  -6.732344
-75.905167   226.605820  -6.720235
-73.805008   224.499405  -6.392075
-68.721321   219.904678  -5.932930
-67.791298   218.993378  -6.057682
-67.079224   218.250565  -6.167315
-66.449608   217.689163  -6.255719
-65.959869   217.185593  -6.423019
-65.492165   217.078568  -6.620106
-65.232056   217.384674  -6.765041
-65.034035   218.164978  -7.034705
-64.771027   219.721146  -7.857452
-64.650261   221.666290  -8.662320
-64.536606   224.104065  -9.074201
-64.069000   227.556732  -9.556286
-63.268208   230.661942  -10.049293
-62.381474   233.197464  -10.537572
-61.066425   235.914780  -11.136943
-59.521931   238.135895  -11.640829
-57.948284   239.839783  -12.106918
-56.166656   241.256424  -12.590511
-54.202248   242.363403  -13.334059
-52.236759   243.081451  -13.985777
-50.519726   243.562881  -14.384248
-48.783382   243.476410  -14.718743
-47.187515   243.007202  -15.141057
-45.678547   242.268768  -15.506426
-44.420712   241.546921  -15.734245
-43.433830   240.792114  -15.796402
-42.737915   240.126816  -15.724924
-42.097000   239.495819  -15.668983
-41.799484   238.962341  -15.584342
-41.737904   238.358505  -15.531091
-41.815712   237.927887  -15.479215
-42.047092   237.569839  -15.486834
-42.456570   237.290482  -15.589711
-43.205101   237.081070  -15.699903
-44.424633   237.055054  -15.771917
-46.132774   237.562241  -15.626139
-48.358810   238.354996  -15.593676
-50.783165   239.319107  -15.261919
-53.316788   239.564514  -14.829556
-55.546345   239.850296  -14.283283
-57.868790   239.958893  -13.732521
-59.963699   239.641006  -13.072772
-61.716366   238.821503  -12.310623
-62.986351   237.927841  -11.819892
-63.981613   236.522202  -11.224247
-64.517052   234.903656  -10.721573
-64.722511   233.071014  -10.305196
-64.746040   231.309433  -9.939106
-64.480125   229.280792  -9.607525
-63.781258   227.269348  -9.527775
-62.881592   225.389587  -9.575000
-61.778862   223.958099  -9.611814
-60.369316   222.817963  -9.893557
-58.726486   222.277908  -10.293802
-56.986309   221.976669  -10.820733
-55.144222   222.173538  -11.435192
-53.256592   222.601639  -12.284340
-51.663948   223.548492  -13.065659
-50.452686   225.335083  -14.099036
-49.353859   226.826630  -14.976932
-48.381863   227.850098  -15.757293
-47.685921   229.505280  -16.251448
-47.222530   230.578125  -16.563814
-46.800938   231.713181  -16.876637
-46.548561   232.546707  -16.946007
-46.347160   232.957611  -17.051672
-46.139530   233.103317  -17.110458
-45.971924   233.003143  -16.991285
-45.556084   232.488281  -16.708694
-44.749466   231.573944  -16.381353
-43.649876   230.578278  -16.041235
-42.084709   229.338181  -15.659232
-39.999290   228.015778  -15.566382
-37.828930   226.651199  -15.602562
-35.623333   225.722061  -15.627113
-33.410110   225.071274  -15.560102
-31.264284   224.924484  -15.629090
-29.351330   225.105362  -16.137651
-27.718199   225.283875  -16.681393
-26.384779   225.586487  -17.068029
-25.142323   227.261765  -17.699991
-23.987806   228.957794  -18.269024
-23.267712   232.367920  -18.147327
-22.543592   235.238968  -18.017282
-21.711445   237.906097  -18.256824
-20.490852   241.186478  -18.519667
-19.190647   243.274597  -18.842890
-17.653099   244.915100  -19.185148
-15.770779   246.417892  -19.485865
-13.766480   247.653076  -19.625528
-11.859094   248.530289  -19.696785
-9.685083   249.061920  -19.728827
-7.573987   249.114227  -19.761065
-5.574656   248.582321  -19.731016
-3.807142   248.122284  -19.540707
-2.231982   247.758057  -19.333750
-1.038530   247.220581  -19.111721
-0.318328   246.887268  -18.977602
0.064861   246.696350  -18.911613
0.168679   246.637924  -18.956102
0.130657   246.725494  -18.977921
-0.059835   246.952209  -19.020273
-0.697508   247.445984  -19.085970
-2.037043   248.167755  -19.083782
-4.137341   248.966217  -19.369072
-6.530010   249.267105  -19.632345
-8.961594   249.748962  -19.696867
-11.309443   250.192245  -19.577162
-13.416285   250.542084  -19.180208
-15.337519   250.243576  -18.615248
-16.811909   249.284027  -17.983679
-17.805592   248.503601  -17.516039
-18.608353   247.471008  -16.965252
-19.082006   245.886566  -16.209715
-19.182907   244.081451  -15.784789
-18.663044   242.283432  -15.233191
-17.778330   241.060577  -14.907636
-16.519394   240.093018  -14.828757
-15.003187   239.342209  -14.846416
-13.197161   239.065720  -14.970349
-11.323742   239.414429  -15.677017
-9.475728   239.998886  -16.435787
-7.800446   241.146759  -17.425697
-6.374259   242.383789  -18.318001
-5.442714   244.406357  -18.395102
-4.996365   246.005600  -18.596735
-4.922374   246.368668  -18.620407
-4.821744   246.658035  -18.579571
-4.770939   246.538803  -18.481760
-4.490977   245.002029  -18.243679
-3.831169   241.415573  -17.702890
-2.854446   236.481430  -16.893711
-1.665365   231.078949  -15.474894
-0.589013   225.765396  -14.431599
0.875327   219.863235  -13.364644
1.927228   213.902664  -12.021263
2.732373   208.758072  -10.528018
2.651316   203.432175  -9.276576
1.998868   198.382767  -7.792677
0.287885   196.145874  -4.850201
-1.180005   193.021286  -3.247004
-2.734165   191.075073  -2.541685
-4.259594   189.929718  -2.117553
-5.692889   189.207993  -1.961696
-7.074090   189.472763  -2.214790
-8.557652   190.542862  -2.802624
-9.656325   194.182190  -3.778647
-9.809188   199.166901  -5.202274
-9.491619   204.482162  -6.840194
-8.448339   211.774994  -7.973372
-6.961749   219.187943  -9.463312
-5.014130   226.015884  -10.728209
-2.852620   233.521423  -11.926620
-0.849740   240.383667  -12.910996
1.391074   247.151688  -13.834771
3.157147   254.329041  -14.300178
4.613967   259.989288  -14.915623
5.563305   265.704803  -15.328976
6.335598   269.865112  -15.796330
6.543594   272.508026  -15.991078
6.827465   274.311890  -16.310345
6.775987   275.426575  -16.605227
6.679115   276.037994  -16.759443
6.681832   276.250641  -16.943933
6.743090   276.221375  -17.066374
7.023776   275.131042  -17.410780
7.560719   272.448639  -18.054600
8.360531   268.004303  -18.575657
9.121948   263.034729  -18.899416
9.929973   258.032562  -19.109854
10.853716   252.257233  -19.023766
11.662478   247.490891  -18.813583
12.674034   242.560883  -18.752171
13.261038   238.236908  -18.494146
13.638748   234.251984  -18.064922
13.928542   231.721420  -17.738285
13.985542   230.224625  -17.451241
14.045409   229.358093  -17.301329
14.131338   228.787399  -17.174152
14.194747   228.514053  -17.083004
14.274829   228.611877  -17.010580
14.510118   229.325119  -16.961651
15.069481   231.581390  -16.916891
15.776983   234.792389  -16.776417
16.499636   237.748062  -16.888399
17.171286   240.374344  -16.943783
18.212172   244.210403  -17.032610
19.386127   247.837326  -17.289457
20.600451   250.822433  -17.582886
21.357212   252.187134  -17.614645
22.097034   253.157944  -17.451012
22.627848   253.548645  -17.212759
23.354984   253.442795  -16.830170
24.192907   252.381027  -16.364010
25.462496   250.808441  -15.890407
27.104425   248.375702  -15.410470
28.700926   244.637390  -14.598138
30.513597   241.710159  -14.066695
32.216103   238.851395  -13.373856
33.870773   236.687103  -12.867640
35.383987   234.959549  -12.662437
36.940983   233.696106  -12.528944
38.267166   232.903336  -12.460591
39.311829   232.491470  -12.425553
40.122395   232.507828  -12.480350
40.859505   232.719849  -12.680293
41.684826   233.578003  -13.022779
42.284679   235.301346  -13.342843
42.777073   238.276901  -13.434715
43.033607   241.389343  -13.560331
43.064743   243.893524  -13.410334
43.118896   246.298004  -13.457302
43.054401   247.631866  -13.460397
42.943230   248.307465  -13.467616
42.824200   248.597260  -13.444965
42.750965   248.641541  -13.430849
42.662106   248.397583  -13.462769
42.487122   247.205597  -13.608491
42.318089   244.561127  -13.122625
42.758762   241.814072  -12.882687
43.642975   239.479019  -12.740501
44.830181   237.284882  -12.750045
46.166164   235.411697  -12.832488
47.327408   233.769424  -12.935701
48.437290   232.731262  -13.001504
49.539116   232.438705  -13.316273
51.166168   233.336639  -13.706063
51.713337   233.715698  -13.825332
53.457458   236.383911  -14.296386
53.942738   237.473083  -14.456602
54.451923   238.893921  -14.603214
54.821396   240.242020  -14.713752
55.066505   241.302643  -14.821091
55.407673   242.077301  -14.987431
55.932449   242.571579  -15.030549
56.523022   242.754974  -15.010039
57.327312   242.713104  -14.963486
58.480164   241.972672  -14.706645
60.116821   240.463699  -14.367735
62.112152   238.829910  -14.001126
64.492928   237.321304  -13.907554
66.757797   235.943924  -14.059978
68.866692   234.874435  -13.959657
70.569557   234.239731  -13.916058
71.833961   233.958069  -13.814047
72.756920   234.093491  -13.685082
73.734108   235.263657  -13.157975
74.377335   236.635971  -12.755057
72.371208   243.920258  -11.758711
71.424072   245.963165  -11.676445
69.691109   248.657059  -11.051835
67.959122   250.715561  -10.741997
66.243912   252.004089  -10.518369
64.950294   252.911438  -10.234983
64.155312   253.431778  -10.005613
63.712917   253.728394  -9.865880
63.475590   253.836670  -9.524803
63.535164   253.863297  -9.212377
64.107063   253.836258  -9.150924
65.609207   253.685318  -9.120156
68.002754   253.584305  -9.240099
71.111961   253.613342  -9.501568
74.137001   253.549515  -9.478156
76.933273   253.491333  -9.762093
79.602539   253.310242  -10.209517
82.132545   253.418427  -10.706407
83.995613   253.460098  -10.876378
85.349907   253.376770  -10.924436
86.313255   253.164703  -10.904708
87.034973   252.821472  -10.877995
87.548027   251.727859  -10.447417
88.110428   250.462708  -10.104218
88.709747   248.667419  -9.471345
89.551048   246.838226  -8.923961
90.499313   244.612289  -8.037532
91.757263   242.385178  -7.462043
93.280357   240.268951  -6.929626
94.974823   238.467209  -6.420171
96.797989   236.962845  -6.058960
98.843498   235.995239  -6.356896
100.413246   235.334763  -6.476669
101.704369   235.281891  -6.678056
102.782906   236.052139  -6.847604
103.529648   237.391312  -6.777438
103.866371   239.033188  -6.896691
104.322250   242.021805  -6.574440
104.303894   244.826416  -6.590851
104.273567   247.235672  -6.661008
104.518837   249.307587  -6.499804
104.673485   250.696030  -6.455424
104.946968   251.750580  -6.385942
105.771492   252.875854  -6.438073
106.743614   253.789612  -6.326965
107.778099   254.299393  -6.170762
108.977951   254.386169  -6.160123
110.281784   254.170532  -6.094030
111.784119   253.686615  -6.005961
113.120064   252.952591  -5.859070
114.298065   252.233109  -5.751971
115.092468   251.530762  -5.680325
115.620209   250.941940  -5.666411
115.878044   250.565170  -5.666159
115.935600   250.484009  -5.690703
115.908783   250.507843  -5.706743
115.687401   250.717133  -5.776773
114.904190   251.201218  -5.985967
113.470940   251.790939  -6.460264
111.555573   252.677200  -6.952394
109.514336   253.457031  -6.972208
107.528107   254.357254  -7.025422
105.512466   254.940521  -6.458081
104.018272   255.160156  -6.266111
102.801659   254.793121  -5.962485
101.975006   254.315521  -5.733663
100.917511   252.696671  -5.115702
100.392807   251.046860  -4.647574
100.230736   248.773544  -4.090310
100.697525   246.721954  -3.572528
101.727432   245.133408  -3.366275
102.938812   243.847214  -3.271106
104.199738   242.995605  -3.402708
105.335648   242.578522  -3.772439
106.132736   242.329544  -4.000223
106.930099   242.631439  -4.158665
107.710991   243.428177  -4.303633
108.242393   244.442429  -4.570030
108.444717   245.819824  -4.733147
108.453468   247.058975  -4.955794
108.405319   247.886215  -5.031601
108.302841   248.349731  -5.043855
108.235542   248.611404  -5.051459
108.226067   248.562561  -4.982059
108.269379   248.271317  -4.892622
108.595459   246.958817  -4.389553
109.257507   245.189804  -3.860430
110.279610   243.205795  -3.333086
111.532135   241.369019  -2.909557
112.950706   239.559738  -2.606148
114.629494   238.383972  -2.335712
116.154465   237.696335  -2.186435
118.099762   237.573563  -2.690210
119.598442   237.955750  -3.058233
120.916634   239.137131  -3.108678
121.909187   240.727875  -3.178995
122.824280   243.128906  -3.219960
123.549309   246.188675  -2.842255
123.962036   249.043182  -2.574095
124.172104   251.429764  -2.607310
124.211220   252.804779  -2.571558
124.268120   253.389938  -2.541359
124.319733   253.470825  -2.588343
124.427582   253.149094  -2.581134
124.794464   251.927673  -2.661484
125.363731   249.608978  -2.775762
126.128281   246.178131  -3.120390
127.281059   243.026047  -3.311358
128.134201   240.364319  -3.320888
128.916473   238.189926  -3.611705
129.440735   236.859375  -3.755657
129.725601   235.984192  -3.857748
129.804825   235.750366  -3.864602
129.812927   235.831375  -3.795676
129.731613   236.150925  -3.706507
129.551041   237.280960  -3.608336
129.420837   239.852676  -3.426006
129.311707   242.794632  -3.172346
129.302719   245.511765  -3.011565
129.525650   247.750275  -2.924226
129.920349   249.480499  -2.920544
130.469360   250.689560  -3.018364
131.163315   251.379227  -3.060842
132.256027   251.680634  -3.127430
133.625809   251.474152  -3.147358
138.401779   245.419083  -3.427468
139.374084   243.684067  -3.492288
140.356186   241.836990  -3.567288
140.867538   240.377411  -3.541047
141.075363   239.426300  -3.544286
141.025604   238.951538  -3.608874
140.924896   238.829483  -3.656678
140.793854   238.839020  -3.674123
140.440689   239.298752  -3.716006
140.386414   241.784729  -4.330234
140.617645   245.645538  -5.327000
141.058167   249.539261  -4.573485
141.454910   252.613922  -4.165279
141.984589   254.855057  -3.793225
142.680725   256.689056  -3.422894
143.652771   258.157684  -3.117790
145.165604   259.409363  -2.719068
146.989685   259.910095  -2.186918
149.144608   259.290009  -1.693630
151.330475   257.294647  -1.284503
153.538956   253.597397  -1.345195
155.851379   249.318680  -1.566348
157.461853   243.720459  -1.438762
158.784058   238.708649  -1.302996
159.798538   233.957077  -1.349836
160.339478   229.418884  -1.436970
160.781586   225.972488  -1.577685
161.026382   223.632156  -1.558938
161.112640   221.990097  -1.465250
161.147095   220.770096  -1.054330
161.011597   219.974518  -0.809050
160.862488   219.519272  -0.608507
160.740173   219.347061  -0.511264
160.577408   219.316574  -0.413805
160.394669   219.347809  -0.348593
160.081055   219.498032  -0.171841
159.678146   219.780579  -0.031628
159.157867   220.165009  0.118116
158.565567   220.768372  0.308149
158.081314   221.607895  0.520670
157.525879   222.800278  1.079271
157.089279   224.175705  1.541199
156.743149   225.697586  2.049188
156.676117   228.127823  2.920639
156.602417   232.747131  5.601468
156.555191   238.486542  9.904064
155.821808   243.278488  13.681520
154.476532   245.953003  16.170095
154.109924   253.329727  23.077074
132.136749   219.945999  38.457909
122.893288   211.712540  45.985989
111.197769   202.650162  65.433121
