-13.327003  32.067635  -158.435364
-13.733976  32.117748  -158.431885
-13.960647  32.185139  -158.417999
-14.254992  32.272789  -158.399399
-14.339498  32.297951  -158.393906
-14.483015  32.340576  -158.384308
-14.613441  32.379299  -158.375412
-14.730456  32.413990  -158.367249
-14.834770  32.444855  -158.359802
-14.930114  32.473000  -158.352844
-15.015708  32.498199  -158.346451
-15.094037  32.521194  -158.340485
-15.166095  32.542282  -158.334885
-15.231996  32.561504  -158.329651
-15.293135  32.579273  -158.324707
-15.349919  32.595715  -158.320007
-15.401937  32.610718  -158.315628
-15.451540  32.624962  -158.311371
-15.496923  32.637939  -158.307404
-15.552922  32.642971  -158.307770
-15.606849  32.647812  -158.308060
-15.659369  32.652512  -158.308289
-15.721764  32.658081  -158.308472
-15.752606  32.660820  -158.308517
-15.796168  32.664661  -158.308517
-15.837245  32.668274  -158.308472
-15.965670  32.685516  -158.337830
-16.166355  32.719482  -158.394562
-16.345018  32.749691  -158.444656
-16.559160  32.719898  -158.493683
-16.744135  32.694092  -158.535629
-16.895275  32.672916  -158.569504
-17.020607  32.655273  -158.597290
-17.130716  32.639694  -158.621414
-17.251215  32.622917  -158.636765
-17.366283  32.606846  -158.651215
-17.463814  32.593170  -158.663254
-17.826218  32.513588  -158.512238
-18.335344  32.392315  -158.277023
-18.798973  32.282314  -158.061752
-19.143393  32.200817  -157.901093
-19.444262  32.112698  -157.781006
-19.689144  32.041096  -157.682892
-19.889128  31.982687  -157.602493
-20.057125  31.933653  -157.534729
-20.190752  31.894661  -157.480682
-20.548763  31.827803  -157.344147
-20.850489  31.772045  -157.228760
-21.097933  31.726688  -157.133881
-21.427586  31.651218  -156.979630
-21.705828  31.587807  -156.849152
-21.929203  31.537060  -156.744156
-22.109953  31.496084  -156.659012
-22.261227  31.461838  -156.587601
-22.389204  31.432888  -156.527084
-22.499880  31.407864  -156.474640
-22.595432  31.386257  -156.429276
-22.986948  31.241095  -156.248688
-23.324772  31.116554  -156.092606
-23.585606  31.020828  -155.971863
-23.911678  30.941187  -155.922928
-24.248779  30.895050  -155.905960
-24.616999  30.782156  -155.952438
-24.842293  30.562429  -156.081818
-25.370237  31.100225  -156.564743
-25.531992  31.294975  -156.482285
-25.882620  31.444162  -156.568085
-26.252607  31.972988  -156.820358
-25.991142  32.552696  -157.560577
-26.467411  32.718685  -157.717407
-26.825579  32.759132  -157.796616
-27.180037  32.463329  -157.609100
-27.435638  32.247601  -157.471954
-27.870356  31.982576  -157.123688
-28.187277  31.786259  -156.865707
-28.802107  31.509323  -156.390823
-29.453804  31.352892  -155.798096
-29.785501  30.866402  -154.898544
-30.268391  30.429548  -154.203354
-30.173199  30.155012  -152.692780
-29.722404  29.668743  -151.730042
-29.452623  29.378313  -151.154190
-29.134489  29.112032  -150.734741
-28.685987  28.691319  -149.926468
-28.080549  28.357599  -148.748215
-27.202248  28.104704  -147.603104
-20.777744  27.069962  -144.993149
-18.930925  26.449936  -144.280731
-17.058050  25.837210  -143.979095
-15.186952  25.867554  -144.301178
-13.485154  25.752514  -144.461197
-12.885752  25.552208  -144.264114
-12.989890  25.340601  -144.180847
-13.495163  24.976828  -143.588104
-14.075501  24.500231  -143.067795
-14.570892  23.693001  -142.466721
-13.678232  22.452614  -140.820740
-13.082808  21.624882  -139.670013
-12.595340  21.118740  -138.786301
-12.336264  21.804800  -137.665771
-12.824067  23.203770  -136.915359
-13.776732  24.025345  -136.476669
-14.208819  24.395636  -136.190414
-14.765792  24.558483  -135.946396
-15.113010  24.101538  -135.550690
-15.304951  23.992849  -135.305634
-15.611020  23.926382  -135.238846
-16.187536  24.391653  -135.851181
-16.692734  24.581558  -136.234100
-15.459747  23.379564  -135.106125
-13.516300  20.861858  -133.769043
-11.480824  18.964722  -132.811752
-9.562656  17.878586  -132.053131
-7.123670  18.019255  -131.602798
-1.628178  20.149368  -131.275543
1.936338  21.702503  -130.897934
6.094985  24.382004  -130.401489
9.466702  27.527248  -130.495224
11.181832  29.061979  -130.360886
12.385925  29.892723  -130.072418
13.368143  30.957123  -130.144547
14.054576  31.861660  -130.331680
14.431933  32.620064  -130.706482
14.193078  33.307915  -131.381363
14.287600  34.260914  -132.176224
14.499139  34.623569  -132.219833
14.603562  35.123531  -132.473312
14.571357  35.499485  -132.723083
14.311391  35.554317  -132.924713
13.915339  35.498257  -133.240540
12.934212  33.929008  -133.310516
14.717878  31.732470  -130.618988
16.125025  29.958527  -128.092194
17.648880  30.605360  -126.219551
18.856817  32.009678  -124.440277
19.056889  32.547604  -123.199585
19.157484  33.988533  -122.423111
19.186647  34.906406  -122.022774
18.675077  35.639042  -121.263527
19.183407  37.875557  -120.095306
19.900612  39.345898  -119.455513
20.594927  42.158081  -118.170921
19.802366  44.036812  -116.359505
19.139168  44.937935  -115.772308
18.564322  45.177952  -115.427917
18.495817  44.023758  -114.742775
17.334675  44.623783  -116.958046
16.360691  44.249073  -118.242310
14.351803  42.229725  -119.492905
12.815698  42.269318  -120.955360
11.688099  41.014622  -121.402679
10.275157  40.075569  -124.031006
8.674036  38.368870  -124.822456
7.667182  36.821014  -125.605011
7.263619  35.590149  -125.402618
5.253909  34.815624  -126.828545
3.597631  34.296291  -127.697937
2.117007  33.532810  -128.239380
0.346519  32.765224  -128.690613
-1.134049  32.124252  -128.156006
-2.716813  31.614891  -128.311966
19.169289  39.722824  -128.466187
16.984327  39.016327  -128.983185
13.817172  37.661610  -129.561966
10.766354  36.697598  -130.046875
8.392955  36.149448  -130.603104
-27.300684  54.249561  -89.188179
-49.710983  71.445068  -87.160172
-54.001106  73.169067  -87.064789
-56.617626  73.535820  -87.281723
-59.989872  72.413795  -88.895531
-62.520412  71.163147  -89.824081
-64.250587  71.339851  -88.512810
-64.712837  69.177589  -89.587265
-64.900475  67.953163  -89.881767
-65.713028  66.616089  -91.114555
-66.140343  66.874237  -92.550049
-66.251472  67.526871  -92.635101
-66.804207  68.136597  -92.702293
-66.387878  69.357040  -93.225746
-67.029884  70.556801  -93.112442
-67.579559  70.771957  -92.913765
-67.431923  69.567116  -92.685104
-67.133987  69.379410  -92.144928
-67.126999  69.667496  -91.389481
-67.053352  69.767845  -90.963478
-67.603874  71.351135  -90.264038
-67.909225  72.516609  -89.991882
-67.950638  73.267509  -89.965179
-67.968605  73.960648  -90.086906
-67.934341  74.957863  -90.448448
-67.830116  75.720734  -90.764809
-67.708321  76.146713  -90.935875
-67.525360  76.304222  -91.066368
-67.197975  76.109978  -91.368988
-66.663872  75.663490  -91.636604
-64.064262  74.923538  -92.832367
-61.823341  73.509155  -93.145088
-60.659554  70.915947  -93.888687
-59.288780  67.471535  -95.702988
-57.330986  65.013725  -97.001923
-56.075558  62.673111  -97.769424
-54.953773  60.790241  -97.527725
-53.975368  59.267769  -97.434021
-53.135178  56.741367  -97.907188
-52.530964  53.171410  -99.043114
-52.778580  50.690510  -99.783066
-52.921581  48.806278  -100.066719
-52.891762  46.873158  -99.144554
-51.950062  45.986996  -98.581474
-48.570477  46.364243  -95.220169
-47.577141  46.554520  -94.437683
-52.704033  97.884964  -132.546417
-61.585445  113.830658  -141.860413
-65.115303  119.593681  -141.430908
-66.754730  122.673668  -139.470169
-68.013542  125.089195  -136.833710
-75.425301  97.605324  -94.916756
-45.390427  64.394829  -76.769974
-44.128658  62.347858  -75.922112
-43.534370  61.346363  -75.638405
-43.343842  60.879948  -75.358902
-43.856430  60.761124  -75.274803
-45.403564  61.827709  -75.504311
-47.256779  62.879875  -77.559189
-49.902473  63.200634  -79.257774
-53.343575  64.068054  -81.745781
-56.267002  64.258156  -83.665443
-59.338814  63.827278  -85.022484
-61.488911  63.762993  -85.488426
-63.171139  64.726250  -85.164948
-64.978775  65.868645  -83.976212
-68.198273  67.303177  -82.306076
-71.359299  68.596107  -80.360390
-74.807350  69.871086  -78.415459
-76.825188  73.281746  -79.314499
-79.195320  78.138359  -81.740913
-80.432137  80.882698  -83.719185
-80.803612  82.721367  -86.513069
-81.707138  84.486160  -88.438454
-82.769005  85.796028  -92.054771
-84.109215  87.127274  -93.408699
-85.017723  87.811195  -94.111839
-85.907761  88.542625  -94.405708
-86.805344  89.037193  -94.856575
-87.768219  89.432343  -95.176170
-88.975845  90.547523  -97.788132
-89.926392  90.979988  -99.211510
-72.647079  87.227211  -101.481003
-72.426453  87.785469  -103.978966
-72.296585  88.394402  -107.151527
-71.604012  88.891251  -109.834953
-70.793930  89.594444  -111.186958
-70.005707  90.202499  -112.540665
-70.054771  90.542549  -114.554260
-70.384514  90.786079  -116.150467
-70.284508  90.878479  -117.268311
-69.909241  91.069061  -118.229713
-69.504692  91.170082  -119.086800
-68.854202  91.277641  -120.104752
-68.118141  91.383560  -121.090042
-67.173225  91.461159  -121.983795
-66.228104  91.499588  -122.786896
-65.438164  91.596024  -123.434570
-64.414825  91.630318  -124.164261
-63.315739  91.667107  -124.824730
-62.502060  91.668823  -125.349213
-61.432774  91.638458  -125.901024
-60.303261  91.626434  -126.501129
-59.036953  91.556137  -127.194122
-58.072067  91.483307  -127.726921
-57.179546  91.424034  -128.291214
-56.702431  91.450127  -128.675385
-56.300083  91.461266  -128.874344
-55.498547  91.620560  -128.646881
-54.558273  92.044914  -127.666061
-54.118500  92.071098  -127.417770
-53.822884  92.039604  -127.515686
-53.413940  92.133492  -127.361740
-53.098755  92.124352  -127.462921
-52.826675  92.114075  -127.612381
-52.516102  92.119995  -127.779671
