-100.903427   206.684662  -10.284534
-100.476768   206.698212  -10.825033
-99.558304   206.325958  -10.927817
-99.186188   205.975555  -10.896149
-99.261078   205.612900  -11.066019
-99.382210   205.275299  -11.206576
-99.625916   205.115631  -11.204165
-99.893867   204.884048  -11.374342
-100.112137   204.682663  -11.560084
-100.353439   204.422943  -11.849614
-100.959122   204.130234  -12.534092
-101.391136   203.738785  -13.141109
-101.724777   203.422455  -13.615608
-102.061440   203.413467  -13.990915
-102.395454   203.248199  -14.417839
-102.697662   203.099182  -14.776993
-103.207489   203.033371  -15.706704
-103.668938   203.203918  -15.870893
-103.819023   203.552612  -15.647646
-103.813072   203.924377  -15.335773
-104.047073   203.953339  -15.291518
-104.143890   203.849991  -15.375008
-104.174332   203.827591  -15.446213
-104.148476   203.762939  -15.525752
-104.127960   203.710815  -15.591299
-104.105972   203.692490  -15.626792
-104.096123   203.721909  -15.593534
-104.053253   203.684814  -15.689595
-104.126549   204.055649  -15.366487
-104.165100   204.413513  -15.083126
-104.271919   204.622467  -14.892685
-104.384239   204.814346  -14.714252
-104.541573   204.968185  -14.549603
-104.664566   205.104782  -14.413054
-104.916237   205.121246  -14.400399
-105.020081   205.026978  -14.579206
-105.105637   204.952362  -14.719121
-105.276894   204.781067  -14.983875
-105.424904   204.659256  -15.173255
-105.508560   204.544678  -15.386811
-105.610451   204.568893  -15.394222
-105.759018   204.571609  -15.379318
-105.888237   204.565674  -15.369767
-106.078171   204.560928  -15.316304
-106.268829   204.563995  -15.251261
-106.389664   204.500916  -15.223881
-106.535110   204.452255  -15.182574
-106.824280   204.361496  -15.129607
-107.135162   204.047104  -15.180490
-107.325455   203.896896  -15.158724
-107.493141   203.927658  -14.934260
-107.725212   203.970886  -14.620312
-107.912552   204.007263  -14.353926
-108.033157   204.120453  -14.093882
-108.090996   204.330017  -13.845053
-108.246742   204.681717  -13.361773
-108.627769   205.542999  -11.941636
-108.943459   205.950134  -11.155708
-109.070511   206.098801  -10.912333
-109.148773   206.220520  -10.728761
-109.635262   206.992722  -9.351876
-109.846245   207.130737  -9.130735
-109.975204   207.263123  -8.977585
-110.116386   207.395432  -8.797223
-110.666168   207.504562  -8.379056
-111.046623   207.647980  -8.031227
-111.301582   207.776398  -7.772297
-111.413574   207.963135  -7.634824
-111.491432   208.114685  -7.533453
-111.495155   208.282684  -7.453733
-111.547699   208.660950  -7.251362
-111.599121   208.807922  -7.158102
-111.615982   208.991684  -7.064493
-112.246208   209.435349  -6.309849
-112.076752   209.653824  -6.518059
-112.032349   210.004211  -6.346864
-113.053940   210.859955  -4.573927
-113.006851   210.739273  -5.051822
-112.811989   210.956268  -5.055067
-112.645653   211.187683  -5.006493
-112.382042   211.303009  -5.164944
-112.072868   211.308426  -5.514304
-111.843643   211.331879  -5.723795
-111.556190   211.316559  -6.016114
-111.526825   216.719589  3.124038
-110.830307   220.069885  8.697389
-110.108192   222.175049  11.743799
-109.106262   223.763153  13.593781
-109.442307   219.431274  4.370846
-109.632446   217.546890  0.703459
-109.648277   216.740112  -0.915118
-109.518150   216.155289  -2.025045
-109.416946   216.134827  -2.177587
-109.378197   215.197083  -3.871153
-109.508598   214.657883  -4.923351
-109.576096   214.329544  -5.663661
-109.721138   210.344376  -9.895959
-109.512482   209.754089  -10.514324
-109.528702   210.377853  -9.510863
-109.463600   210.520020  -9.348413
-109.371582   210.632111  -9.256454
-110.232803   209.769241  -8.813750
-109.865288   209.826950  -8.751482
-109.634079   209.975983  -8.659501
-109.378593   210.083786  -8.673107
-109.211044   210.124207  -8.700843
-109.085175   210.165222  -8.711839
-108.991463   210.176498  -8.733184
-108.890839   210.194550  -8.754443
-108.804848   210.199692  -8.779702
-108.724785   210.203064  -8.805217
-108.636597   210.216400  -8.825015
-108.572372   210.215927  -8.842995
-108.488792   210.221466  -8.865417
-108.427177   210.220123  -8.882557
-108.321358   210.228180  -8.911598
-108.150757   210.351669  -8.939542
-107.962982   210.481995  -9.051727
-107.817841   210.566635  -9.159337
-107.691521   210.632233  -9.254865
-107.567215   210.762192  -9.390913
-107.459496   210.866837  -9.599650
-107.182053   211.043610  -10.039738
-106.886139   211.474152  -10.251401
-106.694649   211.752579  -10.428097
-106.641327   211.843704  -10.702497
-106.597000   211.927170  -10.888741
-106.552032   211.983368  -11.033955
-106.501518   212.017303  -11.153581
-106.372063   212.148651  -11.368963
-106.222359   212.262314  -11.553138
-106.106926   212.347794  -11.691966
-106.015656   212.401428  -11.807866
-106.028748   212.506973  -12.020321
-106.070396   212.623215  -12.291515
-106.247772   213.381256  -12.566244
-106.445839   214.721664  -11.544203
-106.597694   215.477997  -11.204013
-106.538895   216.264191  -10.914003
-106.002373   217.956696  -9.940827
-105.695908   218.955978  -9.359001
-105.217392   219.401031  -9.292140
-105.099190   219.419632  -9.534619
-104.890335   219.534729  -9.770213
-104.753723   219.644348  -9.904270
-104.485329   219.746109  -10.161100
-104.152626   219.880707  -10.446014
-103.969757   219.783096  -10.781139
-104.049545   219.522263  -11.153716
-104.079124   219.099319  -11.610058
-104.309479   218.383743  -12.303766
-104.590645   217.627945  -12.952673
-104.902756   215.548447  -14.782991
-105.460075   212.168945  -17.315882
-105.905060   207.896759  -19.816000
-106.550911   203.563354  -21.516699
-107.479614   199.598831  -22.536966
-107.311531   195.871490  -23.774717
-107.380646   191.930847  -24.836094
-106.473747   189.110550  -24.534210
-106.300621   185.013168  -25.082739
-106.153641   180.848251  -25.630941
-106.597343   178.318939  -25.162329
-106.596405   174.559479  -25.611834
-106.838036   171.696579  -25.295469
-106.768402   168.296890  -26.096159
-106.886635   165.854965  -25.828613
-106.880463   162.146378  -26.221121
-106.893478   158.611298  -26.621061
-107.119461   154.792191  -26.899109
-106.958595   150.561600  -26.784004
-106.867577   146.582458  -27.137650
-106.634865   142.799530  -27.706442
-106.094208   138.870575  -27.563322
-106.033035   136.291122  -26.578312
-105.742538   132.865341  -26.551659
-106.006508   129.294724  -26.390911
-106.071327   125.955948  -26.486885
-106.297356   122.575623  -26.567005
-106.692589   119.627495  -25.787968
-107.215462   116.984261  -25.037430
-107.414986   113.856277  -24.344728
-107.594673   110.970795  -24.056787
-107.879471   108.250381  -24.022129
-108.164360   106.346138  -24.074890
-108.503532   104.486717  -24.075703
-108.499931   103.369728  -24.001244
-108.663528   103.191071  -23.664127
-108.537033   102.617622  -23.534224
-108.659607   102.221786  -23.297041
-108.635468   101.798691  -23.041704
-108.498161   101.737114  -22.830448
-108.296898   102.028442  -22.704636
-108.028748   102.598991  -22.644142
-107.525909   104.049461  -22.553104
-107.148811   106.085846  -22.534458
-106.679413   108.396576  -22.450089
-106.412743   112.171959  -21.944107
-105.679749   115.863274  -21.322039
-105.096321   118.690651  -21.055679
-104.943291   122.454163  -20.847248
-105.269714   126.426125  -20.683472
-104.727654   130.252090  -20.092758
-104.790939   133.395401  -19.241804
-104.509552   136.376984  -18.571543
-104.428146   139.072449  -17.660419
-104.132713   142.851898  -16.552553
-104.271362   146.028824  -15.643220
-103.911964   147.894318  -15.321217
-103.534256   149.331009  -15.200706
-103.359276   152.523880  -14.320792
-103.167564   154.882141  -13.636065
-102.964973   157.527054  -12.917655
-102.834358   159.890839  -12.310445
-102.617233   162.735367  -11.542236
-102.597427   165.509796  -10.689842
-102.321037   167.708038  -9.880094
-102.097206   169.330597  -9.464032
-101.993507   171.076645  -9.175939
-101.727768   172.466446  -9.065896
-101.511696   173.703629  -9.002791
-101.250885   174.956497  -9.042598
-101.255051   176.353317  -8.921681
-101.679581   177.990875  -8.895283
-101.987465   179.452530  -8.910304
-101.963806   180.676117  -8.991255
-102.246490   182.566574  -8.630019
-102.427864   184.665268  -8.376697
-102.350922   186.478531  -8.115538
-102.428642   187.736954  -8.645694
-102.712547   189.052368  -9.003906
-102.783936   190.047348  -9.174563
-102.877983   190.611923  -9.250026
-102.976746   191.524765  -9.318111
-103.030647   192.580826  -9.160522
-102.777145   193.181274  -9.079131
-102.777657   193.744431  -9.036579
-102.937477   194.178391  -9.183842
-103.089821   194.609726  -9.249718
-103.204590   194.917282  -9.287374
-103.439171   195.207809  -9.441599
-103.739563   195.707748  -9.654875
-104.111900   196.886673  -9.357255
-104.366982   197.657562  -9.157938
-104.510742   198.256454  -9.002526
-104.729469   198.702393  -8.861600
-104.865730   199.424423  -8.604452
-104.984543   200.530334  -8.062386
-105.133331   201.508667  -7.545958
-105.390175   202.871124  -6.805293
-105.483284   204.098007  -6.354960
-105.246758   205.483948  -5.895134
-105.229210   206.749191  -5.417866
-104.885361   207.921219  -5.167428
-104.491234   208.912750  -4.989894
-104.049538   210.489548  -4.638439
-103.459480   211.962769  -4.391090
-102.748772   213.494278  -4.289217
-102.280602   214.784378  -4.566771
-101.631927   216.191071  -4.799438
-100.564285   217.540176  -5.251144
-99.465691   218.782928  -5.704004
-98.531570   219.940781  -6.108920
-97.095955   221.049545  -7.082263
-95.594299   221.912277  -8.066566
-93.888794   222.628433  -8.769522
-92.463524   223.148468  -9.527700
-90.666557   223.724274  -10.242185
-88.572952   223.941666  -11.793978
-86.835289   223.793732  -13.169891
-84.749489   223.301559  -14.986084
-82.038261   222.888168  -16.358671
-79.521614   221.889832  -17.804214
-77.091805   221.026657  -19.023581
-75.223534   220.127960  -20.289892
-73.323952   218.645844  -21.572918
-71.423141   216.888199  -22.573805
-70.159744   215.930542  -22.868183
-69.365021   214.724991  -23.415361
-68.741776   213.172440  -24.220411
-68.423065   211.877029  -24.703098
-68.113213   210.257751  -25.458128
-67.794342   208.107376  -26.099094
-67.490662   206.051697  -26.760929
-67.351517   204.116699  -27.743879
-67.803505   202.193802  -28.314852
-68.073807   201.015411  -28.662880
-68.680939   199.857697  -28.931664
-69.605194   197.695633  -28.694622
-70.583069   195.248138  -28.362024
-71.824181   193.080856  -27.868639
-72.819252   191.541763  -27.465715
-75.156006   189.058365  -27.311296
-77.614143   186.737396  -27.353657
-78.534409   184.888290  -27.112261
-79.820557   182.974655  -26.005720
-81.098816   181.147964  -25.046429
-82.847702   179.238846  -23.926748
-84.398430   177.569626  -22.237953
-86.009323   176.727737  -20.526472
-87.830597   175.588257  -19.170282
-89.523232   174.487656  -18.116098
-90.895363   173.384048  -17.273357
-92.745796   172.251541  -16.245039
-94.246758   171.981400  -14.716935
-95.836990   171.326675  -13.693119
-97.269600   170.763992  -12.853513
-98.451118   170.741089  -11.601516
-99.517532   170.535507  -10.760593
-100.417641   170.464127  -10.049831
-101.145966   170.430817  -9.478665
-101.894600   170.398651  -8.889130
-102.589127   170.533890  -8.230805
-103.315460   170.534988  -7.728668
-103.877541   170.432602  -7.401939
-104.295517   170.269653  -7.206359
-104.855591   170.156815  -7.276625
-105.477219   170.010941  -7.658878
-105.829590   170.272980  -7.914371
-106.476349   170.696533  -8.164103
-106.653854   171.634445  -8.420017
-106.779625   172.209320  -8.588338
-106.906639   172.619202  -8.737971
-106.938591   172.990356  -8.933974
-106.897675   173.482239  -9.285679
-106.830246   174.071579  -9.580508
-106.138191   174.631210  -9.925706
-105.165359   175.275101  -9.956910
-104.086800   175.535019  -10.198341
-102.961227   176.159576  -10.007277
-101.407326   176.841751  -9.709641
-100.266182   177.516083  -9.524367
-98.571213   178.094543  -9.683435
-95.955559   178.887573  -9.547991
-94.411125   179.770004  -8.931888
-93.067848   180.434341  -8.671626
-91.651619   180.774612  -8.649549
-90.127510   181.305237  -8.356286
-88.213211   181.835495  -7.948738
-86.640663   182.215073  -7.827420
-84.025902   182.439941  -7.659487
-82.201851   182.850037  -7.353935
-80.061684   183.023544  -7.131574
-77.946762   183.298660  -7.237540
-76.368797   183.411682  -7.572709
-74.826263   183.490372  -8.203036
-73.886299   183.495026  -8.800027
-72.963226   183.443314  -9.193334
-71.356659   183.809753  -9.198450
-69.828827   184.225647  -9.162121
-68.683403   184.369766  -9.351195
-67.647713   184.395142  -9.593429
-66.162544   184.374954  -9.984173
-64.839645   184.303848  -10.646732
-63.909634   184.333313  -11.207305
-62.845779   184.256638  -11.876721
-62.051785   184.179932  -12.378074
-61.484589   184.389801  -12.598162
-61.008244   184.626022  -12.757706
-60.524361   184.886017  -12.973529
-59.823586   185.100571  -13.318903
-59.227413   185.119797  -13.703655
-58.734398   185.093750  -14.027843
-58.470188   185.233582  -14.021589
-58.166607   185.344925  -13.861315
-57.970947   185.382797  -13.756954
-57.982666   185.292099  -13.655211
-58.120277   185.177658  -13.571485
-58.321732   184.978073  -13.560206
-58.637897   184.798325  -13.484895
-59.473907   184.476044  -13.537703
-60.576347   184.336365  -13.554829
-61.964642   183.907959  -13.567464
-63.574974   183.369553  -13.506577
-65.553398   182.457169  -13.564221
-67.902794   181.189240  -13.384344
-69.721558   179.995316  -13.216145
-71.219528   178.615326  -12.673560
-72.884003   177.225632  -12.111980
-74.860107   175.059067  -12.125557
-76.368996   172.788986  -11.936406
-76.866226   170.169159  -12.019229
-77.645859   168.243652  -11.187473
-78.127983   166.105148  -10.680717
-78.378578   163.205521  -9.764840
-78.860321   159.567627  -9.398489
-79.540588   157.112839  -9.058826
-80.048012   154.769806  -8.617059
-79.392410   151.989395  -7.550172
-78.951500   149.220154  -6.121230
-78.367691   146.130676  -5.154217
-78.232864   143.213776  -4.749013
-78.692947   140.872269  -4.538030
-79.120361   138.379303  -4.389887
-79.067940   136.314026  -4.169270
-78.908165   134.069489  -4.009412
-78.667297   132.002686  -3.849254
-78.421669   130.022980  -4.124829
-78.497055   128.833694  -4.403973
-78.311897   126.877235  -5.271050
-77.202652   124.694611  -5.446750
-76.469322   123.077766  -5.384878
-75.690536   121.816437  -5.362407
-73.544281   120.050232  -5.160880
-71.414337   117.858208  -5.041719
-70.239136   116.402130  -5.112082
-69.016861   114.956818  -5.599225
-67.938042   113.788277  -6.041142
-66.592430   112.325905  -6.652943
-65.271439   111.070084  -7.132794
-63.380878   110.312927  -7.454742
-62.191376   109.818871  -7.769350
-61.581711   109.588463  -7.939270
-60.289341   109.243187  -8.527435
-58.457176   108.226082  -9.906554
-57.002544   107.901176  -11.108459
-56.137383   107.773430  -11.928910
-55.388935   107.846840  -12.537695
-54.550350   107.974564  -13.075397
-53.243587   108.228798  -13.998553
-51.766785   109.057449  -14.800035
-50.546879   109.842323  -15.415559
-48.972637   111.279823  -16.284027
-47.492184   112.843597  -16.978306
-46.110577   114.379723  -17.692871
-44.929211   115.836975  -18.311022
-43.585075   118.083496  -19.142267
-42.370396   119.793060  -19.734285
-41.010277   122.863838  -20.539345
-39.930744   125.596718  -21.184118
-39.110626   128.031952  -21.648148
-38.560394   129.745560  -21.962889
-38.078465   132.465393  -21.934259
-37.560432   135.038544  -21.733023
-37.337826   138.078354  -21.716356
-37.203728   140.293076  -21.791143
-37.164654   142.415421  -21.874207
-37.070347   143.983994  -22.035536
-37.101788   146.539413  -21.859482
-37.317451   149.630600  -21.573019
-37.658951   152.360443  -21.370644
-38.358952   154.788712  -21.516638
-39.254627   156.624573  -21.731163
-40.115635   158.740936  -21.504793
-41.007668   161.299026  -21.290819
-41.618160   163.800247  -21.011229
-42.540005   166.205521  -20.796936
-43.301937   167.920731  -20.427420
-43.865559   169.052582  -20.097614
-44.678944   170.031418  -19.616201
-45.712498   171.391327  -19.063442
-46.832340   172.648560  -18.507372
-48.022877   173.777496  -17.808491
-49.381386   175.342911  -16.911961
-50.914886   176.764801  -15.813895
-52.620380   178.421478  -14.615515
-54.181431   179.325348  -13.875865
-55.574154   179.676544  -13.377022
-57.063137   180.161285  -12.872302
-58.396103   180.489883  -12.340465
-59.962116   180.811752  -11.797447
-61.531181   180.955856  -11.042249
-62.686596   180.496979  -10.269034
-63.898716   180.346603  -9.413688
-65.335403   179.673813  -8.548742
-66.779121   178.991943  -8.049085
-68.406799   178.200485  -7.420393
-70.180893   177.167740  -6.939505
-71.679688   175.867096  -6.340005
-72.994781   175.015656  -5.811322
-74.199852   173.796005  -5.446422
-75.080963   172.874130  -5.173520
-75.745148   172.177612  -4.921809
-76.230438   171.615875  -4.652705
-76.533020   171.105530  -4.442680
-76.771515   170.676315  -4.277219
-76.921562   170.362808  -4.175722
-77.010231   170.113403  -4.107872
-76.963486   169.936523  -4.081411
-76.811203   169.813217  -4.096481
-76.553391   169.830276  -4.147217
-75.973854   169.988358  -4.196795
-74.959625   170.435150  -4.205482
-73.810181   170.842285  -4.140514
-72.593048   171.286484  -4.229775
-71.323257   171.751694  -4.356070
-70.023453   172.202164  -4.518182
-68.495392   172.885818  -4.595518
-66.767250   173.575150  -4.505752
-65.016830   174.413681  -4.516123
-63.268330   175.132019  -4.346354
-61.327488   176.050049  -4.302401
-59.865021   176.659714  -4.355820
-57.637978   177.058167  -4.397318
-54.975132   177.318283  -4.580165
-52.669647   177.478958  -4.770835
-50.585274   177.812210  -5.081663
-48.497383   178.152786  -5.450700
-46.272030   178.626816  -5.579740
-44.097652   178.827164  -5.970389
-42.023304   178.968781  -6.489945
-40.194321   179.363281  -6.884319
-37.835655   180.056641  -6.675807
-35.824364   180.619766  -6.720756
-33.725700   181.324127  -6.952941
-31.191383   181.551010  -7.278607
-29.297962   181.580460  -7.618996
-26.925472   181.537582  -7.701273
-24.871130   181.556122  -7.900776
-23.245838   181.328323  -8.446823
-21.902893   180.834061  -9.274349
-20.644854   180.513443  -9.965508
-19.390228   179.996750  -10.587468
-18.160988   179.762115  -10.845027
-16.999901   179.599854  -10.980952
-15.942677   179.361771  -11.217656
-15.181726   179.272751  -11.418922
-14.633779   179.228485  -11.722292
-14.180846   179.174637  -11.999907
-13.793874   179.060181  -12.184694
-13.582098   179.099777  -12.552959
-13.421670   179.129410  -12.917410
-13.246501   179.330719  -13.127708
-13.165081   179.467133  -13.252115
-13.114878   179.583694  -13.325847
-13.128748   179.645569  -13.376799
-13.163278   179.700241  -13.414862
-13.420697   179.668259  -13.559991
-13.804677   179.610794  -13.718870
-14.402539   179.530762  -13.775187
-15.228208   179.213135  -13.839461
-15.987135   179.186020  -13.743878
-17.076393   178.847610  -13.750480
-18.061932   178.618057  -13.701010
-19.330770   178.365646  -13.605806
-20.915747   177.782593  -13.569337
-22.338261   176.919662  -13.423375
-23.683050   175.921356  -13.191347
-25.040926   174.722977  -12.847969
-26.682659   173.182510  -12.412619
-28.654747   170.969574  -12.215690
-30.645287   168.655640  -11.988233
-31.923319   165.948441  -11.856923
-33.303177   162.980576  -11.365891
-34.389771   159.794968  -10.832443
-35.266052   156.426788  -9.861351
-36.122723   153.505630  -8.836099
-37.035419   150.474792  -8.012539
-37.845539   147.019958  -7.555663
-37.865337   144.379410  -6.422302
-37.857628   141.356903  -5.815371
-37.864803   138.005325  -5.016869
-37.809299   135.016327  -4.166334
-37.678417   132.425888  -4.098207
-37.775604   130.530914  -4.255330
-37.621532   128.484970  -4.548265
-37.214592   126.270126  -4.943620
-34.834721   123.877205  -4.862745
-32.777504   121.885895  -4.897130
-31.147839   119.751640  -5.231468
-30.057669   118.102379  -5.248328
-28.835735   115.764351  -5.794445
-27.183170   113.509811  -6.468367
-25.072973   111.953049  -6.872485
-22.983944   110.790161  -7.381080
-20.559683   109.881569  -7.620952
-18.144539   108.961258  -7.813667
-15.928170   108.310913  -8.149486
-14.043175   107.702415  -8.774457
-12.242589   107.089546  -9.487746
-10.589326   106.782265  -10.400655
-9.075228   106.713943  -11.273157
-7.150643   107.046074  -12.240476
-5.430840   107.586678  -13.391084
-4.185502   108.259300  -14.444015
-2.917331   109.269257  -15.355753
-1.525085   110.606377  -15.829379
-0.389971   112.183510  -16.503872
0.568054   113.695160  -17.188307
1.317895   115.284210  -17.793797
2.139171   117.535446  -18.354099
2.661640   118.819260  -18.703077
3.011675   120.703209  -19.204184
3.448171   123.281418  -19.645586
3.697999   125.617180  -19.971796
3.786278   127.967575  -20.401186
4.013987   130.680832  -20.525715
4.332426   133.452530  -20.747862
4.673702   135.973358  -21.006601
5.015936   137.815948  -21.116463
5.207674   139.693924  -21.218508
5.341321   141.794601  -21.146893
5.335515   144.062698  -21.139597
5.276894   146.843521  -21.017691
5.394693   149.875549  -20.949919
5.393900   152.308853  -20.652027
5.194049   154.110992  -20.434181
4.670842   155.980484  -20.419884
4.178370   157.885330  -20.333042
3.428602   159.810654  -20.271360
2.684442   161.124634  -20.077110
1.997594   162.467117  -19.966513
1.074577   163.754211  -19.712032
0.242493   166.153641  -18.909491
-0.702209   166.883072  -18.414856
-1.790409   167.565765  -18.015308
-3.191092   168.808685  -17.503956
-4.538580   169.922424  -16.821970
-6.199329   170.181580  -16.177521
-7.963058   170.512573  -16.050207
-9.496261   170.942001  -15.744543
-11.156054   171.280930  -15.014593
-12.689428   171.598251  -14.422421
-14.405171   171.734253  -13.843308
-16.190500   171.777512  -13.301047
-17.892183   171.454865  -12.792756
-19.627085   171.487442  -12.139704
-21.054970   171.482132  -11.654891
-22.835762   171.220993  -11.281127
-24.192183   170.434341  -10.760550
-25.275000   169.902679  -10.329259
-26.481825   169.267090  -9.897019
-27.769035   168.299637  -9.468302
-29.077332   167.123688  -8.966479
-30.275757   165.814545  -8.477020
-31.057091   165.015900  -8.006206
-31.876627   163.528183  -7.620662
-32.640297   161.721436  -7.319104
-33.260368   160.270599  -6.979216
-33.802670   159.002716  -6.522152
-34.074448   157.961914  -6.254121
-34.168262   156.927780  -6.035088
-34.101322   155.676514  -6.032067
-33.782295   154.795807  -6.114240
-33.369495   154.018265  -6.294243
-33.150486   153.628571  -6.771521
-32.668526   153.211899  -7.350811
-32.218388   152.863358  -7.813301
-31.618414   152.610229  -8.258514
-30.657703   152.376770  -8.763841
-29.380892   152.328278  -9.239921
-28.021147   152.644287  -9.726149
-26.699993   152.697662  -10.171350
-25.451479   152.674103  -10.480930
-23.990423   152.335327  -10.870575
-22.265608   151.878998  -11.208293
-20.832254   151.465164  -11.623339
-19.497673   151.336929  -12.000879
-18.037418   151.586838  -12.395605
-16.429758   151.307343  -12.794966
-14.809832   150.892639  -13.127319
-13.187391   150.600418  -13.604868
-11.626310   149.836700  -14.108790
-9.947822   148.891281  -14.543163
-8.440601   148.109894  -14.801062
-6.909901   147.901550  -15.064719
-5.773831   147.777878  -15.753581
-4.198292   147.334320  -16.346874
-2.499599   146.883911  -16.952154
-0.930140   146.686783  -17.580639
1.056949   146.668427  -18.191969
2.784645   146.638947  -18.941513
4.568638   146.549637  -19.824865
6.125544   146.526871  -20.701618
7.618416   146.327621  -21.407013
9.229586   146.810806  -22.163420
10.853439   147.347412  -23.224918
12.324798   147.897293  -24.017948
13.528181   148.424057  -24.569035
14.636136   148.982498  -24.997990
15.732015   149.688721  -25.465809
16.729734   150.432434  -25.940155
17.824158   151.454208  -26.519978
18.821518   152.661423  -27.259571
19.537601   153.625137  -27.733486
20.100534   154.638733  -28.124029
20.632753   155.687958  -28.468153
21.197874   156.731384  -28.737980
21.680191   158.587158  -29.285707
21.966715   159.810440  -29.561888
22.287199   161.420517  -29.696075
22.393751   162.746460  -29.720636
22.384735   164.328918  -29.780827
22.289274   165.557007  -29.756939
22.252853   166.232040  -29.739605
22.017588   167.004044  -29.621218
21.771105   167.558105  -29.472292
21.358923   168.339417  -29.266294
21.185364   168.705048  -29.143839
21.002542   168.945328  -29.049492
20.871975   169.183685  -28.984905
20.674162   169.264755  -28.866222
20.356548   169.374237  -28.795668
20.163288   169.274246  -28.780773
19.719282   169.186981  -29.022057
19.411911   169.005310  -29.186731
19.139994   168.834442  -29.215958
18.912790   168.689941  -29.222244
18.546412   167.970581  -29.259544
18.251030   166.535599  -29.289722
18.011116   165.349274  -29.339252
17.688200   163.692490  -29.267893
17.476053   161.432999  -28.967730
17.258413   159.372208  -28.654871
16.964443   156.648346  -29.082994
16.965725   154.000717  -29.506924
16.998064   151.538895  -29.786478
17.066719   149.696533  -29.970703
17.118343   147.049194  -30.312441
17.138008   144.028931  -30.599909
17.255926   141.298035  -30.871910
17.128014   138.581421  -31.043234
16.781775   135.755081  -31.139532
16.529840   132.368607  -31.024382
16.280760   129.124100  -30.868023
16.184999   126.367546  -30.701714
16.144690   123.690575  -30.457373
16.204733   120.940704  -30.168085
16.393543   118.354401  -29.961283
16.529526   115.768715  -29.944546
16.495800   113.023811  -29.656715
16.470562   110.354401  -29.422701
16.157206   107.412979  -28.997362
16.104113   104.676071  -28.235767
15.715535   102.176254  -27.757267
15.333502   100.147453  -27.364288
15.143998   97.821732  -26.710939
14.854050   95.160904  -26.288336
14.205767   92.006042  -26.196707
13.292646   89.025314  -26.229607
12.086238   86.183144  -26.230679
11.013976   83.598335  -26.167799
10.381706   81.955696  -26.047659
9.599964   80.175774  -25.648157
8.397257   78.607224  -25.014471
7.041871   76.461433  -24.252863
5.412115   74.857552  -23.267378
3.998528   73.773819  -22.289906
2.947236   73.054642  -21.465714
1.690866   72.777382  -20.371107
0.594435   72.493904  -19.417725
-0.734357   72.690002  -18.738922
-1.457527   72.734711  -18.136168
-2.213190   72.863449  -17.631145
-3.096370   72.967339  -17.008760
-4.124579   73.280777  -16.915644
-4.592101   73.206955  -16.849817
-5.420455   72.809776  -16.034718
-6.080849   73.308189  -15.606238
-6.881148   74.182503  -15.523172
-7.931904   75.209808  -15.088988
-9.563076   76.591469  -14.529247
-11.042823   78.255913  -14.190867
-11.903517   80.397522  -13.680247
-12.054337   81.636887  -13.455942
-11.756113   82.901718  -13.545281
-11.207671   84.579834  -14.067140
-10.960473   85.788597  -14.364970
-10.840603   86.614799  -14.694086
-10.122896   88.030388  -14.696179
-9.904168   89.199440  -14.654705
-9.503653   90.685349  -14.703681
-9.296100   91.475365  -14.702177
-8.707960   92.578156  -14.779351
-8.050505   93.480217  -15.089819
-7.838484   94.019073  -15.515060
-7.634379   94.337097  -16.372456
-7.470816   94.537727  -17.034811
-7.315359   94.678101  -17.602192
-7.214336   94.778526  -18.002396
-7.100583   94.834625  -18.384079
-6.957314   94.781693  -18.786234
-6.772858   94.540909  -19.178499
-6.631312   94.273407  -19.756573
-6.432189   93.976898  -20.239149
-6.359202   93.323936  -20.661057
-6.283801   92.812149  -21.017977
-6.193296   92.435623  -21.245554
-6.111824   92.120216  -21.454433
-6.037795   91.589943  -21.570557
-5.868379   91.381996  -21.725800
-5.734986   91.121223  -21.880943
-5.627260   90.845604  -22.078058
-5.555132   90.602486  -22.253368
-5.612825   90.336502  -22.321951
-5.646451   90.284935  -22.380533
-5.665800   90.334030  -22.430723
-5.702307   90.443939  -22.450546
-5.776560   90.683258  -22.447100
-5.819169   90.992622  -22.411261
-5.701461   91.693268  -22.037334
-5.565805   92.668015  -21.738306
-5.315827   94.055214  -21.286240
-4.931061   95.177048  -21.192286
-4.582825   96.110771  -21.010038
-4.278899   96.931686  -20.773918
-3.730287   97.914131  -20.451180
-3.236294   99.135513  -19.897650
-2.337294   100.783096  -19.429741
-1.018939   103.501007  -18.838888
-0.268963   105.521477  -18.540228
0.251751   107.624489  -18.496695
0.950980   110.052330  -18.484829
1.964808   112.431328  -17.977917
3.219714   115.257408  -17.164814
4.199919   117.337540  -16.572687
5.339561   120.279655  -15.648970
6.213252   122.852859  -14.919903
7.485130   125.735710  -14.224576
9.547553   129.141907  -13.360580
10.928592   132.611969  -12.853681
12.190123   135.384308  -12.646198
13.222277   137.638580  -12.695219
14.164860   140.448441  -12.467565
15.299619   143.189056  -12.350739
16.459663   145.507065  -12.164119
17.751421   147.627426  -11.936565
18.830399   149.710876  -11.725003
19.963448   151.492706  -11.616723
20.863665   153.079880  -11.606365
21.469067   154.600250  -11.914490
21.854931   156.104584  -12.296666
22.370407   157.690643  -12.612175
22.916445   159.336090  -12.982378
23.316977   160.920502  -13.612292
23.560743   162.587402  -14.616404
23.763514   163.551590  -15.320350
23.976837   164.422607  -16.307114
24.280296   165.103394  -17.195236
24.462414   165.721497  -18.147816
24.709684   166.675369  -19.422247
24.691166   167.236252  -20.991514
24.367815   167.583725  -22.644203
24.061974   167.375275  -24.038603
23.833612   167.104355  -25.540421
23.859718   167.333389  -26.888496
23.662498   166.815567  -28.249868
23.063211   166.026215  -30.257141
22.405190   165.183731  -32.253380
21.747856   164.540634  -34.204178
21.286985   164.301819  -35.559540
20.788446   163.865372  -36.531513
20.420506   163.738602  -37.553669
19.782757   163.476563  -39.023327
19.396658   163.332916  -39.900246
19.338928   163.363693  -40.553566
19.100561   163.373215  -41.049503
18.881443   163.308731  -41.381058
18.619783   163.295303  -41.558743
18.339725   163.337021  -41.679138
18.135014   163.494232  -41.732300
17.963991   163.707413  -41.685513
17.858620   163.983688  -41.579266
17.893444   164.501495  -41.296455
17.894056   165.031235  -40.872578
18.068174   165.546448  -40.018147
18.890776   166.315338  -38.823292
19.710354   166.900513  -37.404385
20.523710   167.442841  -36.312061
21.031555   167.810654  -35.587292
21.512583   168.026840  -35.024792
22.166323   167.903046  -33.854443
23.184591   167.770844  -32.519245
24.515825   167.587601  -30.859261
25.816410   166.735764  -29.874823
26.585932   165.741501  -28.870962
27.617403   164.847443  -27.914059
28.366051   164.148773  -27.350803
28.908926   163.544495  -26.940248
29.800159   162.697205  -26.456097
31.061756   161.852386  -25.670925
32.122288   161.367294  -25.074842
32.994595   160.670288  -24.445177
33.703461   160.214996  -23.994194
34.645367   159.476837  -23.564283
35.482529   158.960098  -23.126190
36.197830   158.295074  -22.787897
36.941750   157.371597  -22.361473
37.550438   156.449585  -22.059065
38.139668   155.306107  -21.935783
38.891663   154.182281  -21.448038
39.372292   153.139664  -21.259546
39.720810   152.072388  -21.276794
39.917580   150.574524  -21.409534
40.044281   148.399338  -21.471930
40.229027   146.398834  -21.611267
40.237717   144.212891  -21.951464
40.869205   142.236771  -22.214415
41.736431   140.265656  -22.288765
42.943165   138.425095  -22.564276
44.222145   136.999771  -23.212624
45.291508   135.790039  -23.698065
46.238926   134.650925  -24.194347
47.185314   133.529541  -25.154860
48.249096   132.452286  -25.881771
49.232956   131.385895  -26.609375
50.054142   130.310745  -27.288389
51.108582   129.838089  -28.233007
51.959698   129.208939  -29.143297
52.682430   128.846497  -29.585186
53.380104   128.613297  -30.376350
54.042133   128.571396  -31.090254
54.769325   129.204269  -32.107552
55.585369   130.173584  -33.207573
56.189842   131.051407  -33.977226
56.661312   132.075729  -34.696651
56.806633   132.986343  -35.259411
57.015404   134.497559  -35.801521
56.863297   136.022400  -36.246361
56.465656   138.016144  -36.609879
55.868961   139.416397  -36.768398
54.812798   140.866272  -36.951694
53.909275   142.209137  -36.975182
52.684036   143.675491  -37.095425
51.532196   144.971527  -37.245281
50.533611   146.102768  -37.243690
49.281002   147.066452  -37.281403
47.900620   148.020294  -37.255291
46.628757   148.818848  -37.078648
44.961922   149.560287  -36.918552
43.554070   150.088791  -36.737137
42.387531   150.632263  -36.188351
40.999813   150.969254  -35.773209
39.259663   151.188416  -35.444092
37.657330   151.246246  -35.187763
35.905258   150.998688  -34.711464
34.167797   150.111420  -33.895447
32.601089   149.260712  -33.276512
30.937508   148.072983  -32.615925
29.293043   146.747314  -31.953049
27.597919   144.774384  -31.315861
26.042288   142.435150  -30.654146
24.626457   139.700195  -30.136253
23.080395   136.819855  -29.736055
21.905975   133.374084  -29.008709
21.157188   129.870926  -27.996994
20.327391   126.657417  -27.322784
19.583536   123.601585  -26.728806
18.653351   120.138542  -26.279512
17.923296   116.863274  -25.877544
17.742092   113.104385  -25.270849
17.860643   109.561089  -24.558132
17.917736   106.620110  -24.770046
17.870533   103.766479  -24.747101
17.943323   101.557472  -24.755615
18.193014   98.312096  -24.849033
18.769730   96.010475  -25.221161
19.297293   93.285202  -25.635033
20.144979   91.166862  -25.988220
21.192724   88.734787  -26.586651
22.053421   86.638542  -27.176754
23.492325   84.215302  -27.850615
25.036785   82.634422  -28.303371
26.244436   81.646942  -28.770988
27.571835   80.982849  -29.391125
29.297880   80.602928  -29.854574
31.335163   80.255920  -30.580517
33.613857   80.258705  -31.585672
35.565620   80.862297  -32.218418
36.807541   81.659912  -32.849331
39.581909   83.433762  -34.310165
41.078995   85.412735  -35.427082
41.958725   87.161362  -35.989574
42.348682   89.048508  -36.553722
43.115204   91.876030  -37.329498
44.121311   95.785530  -38.570087
45.467323   99.075508  -39.475212
45.797337   102.556465  -40.190666
46.351120   106.257828  -40.450268
47.094059   109.971748  -40.538853
47.843166   113.745804  -40.727314
49.047905   116.812607  -41.016121
49.986183   120.368996  -40.938732
50.275539   124.078697  -40.655132
50.599785   127.537231  -40.588165
50.497822   130.846634  -40.755360
50.729420   134.070313  -41.017986
51.089504   136.577576  -40.750023
51.688751   139.180237  -40.597107
52.105530   141.284958  -40.479210
51.926582   143.775894  -41.077278
51.755924   145.716293  -41.666672
51.840809   147.517670  -42.049732
52.257057   148.991241  -42.327019
52.639244   150.061508  -42.360146
52.856358   150.783798  -42.376431
53.186428   151.424973  -42.319218
53.437416   151.935135  -42.185982
53.628193   152.262802  -42.110329
53.722187   152.459366  -42.104427
53.840446   152.556808  -42.125858
53.986771   152.499542  -42.082020
54.113480   152.405884  -41.934288
54.195934   152.052032  -41.873108
54.159962   151.299988  -41.947483
54.187263   150.197647  -42.162514
54.148926   148.572830  -42.575508
54.328964   146.474045  -42.595215
55.025265   144.037231  -42.048885
55.376259   141.056412  -41.338207
55.110340   138.505356  -41.112770
54.950573   135.397293  -40.852791
54.437260   132.180801  -40.508644
54.644527   128.910355  -39.534027
54.782902   125.979233  -39.089062
54.777195   123.180199  -38.443867
54.861641   120.640205  -38.096302
54.853695   117.796707  -37.672604
54.839962   114.936386  -37.293919
54.967815   111.564079  -36.716038
54.770931   108.402748  -36.475101
55.052288   105.851189  -36.428467
55.624962   102.964119  -35.999237
55.871395   99.453781  -35.101784
57.188885   97.068161  -35.414860
57.992386   94.487526  -35.054638
58.859772   92.128868  -34.486782
59.811962   90.081078  -34.556686
61.010307   87.668320  -34.488216
62.100731   85.256912  -34.195175
62.888195   83.160812  -34.188057
63.747250   81.443146  -34.231201
64.523788   79.548210  -33.958801
65.314842   78.218376  -33.906528
65.960670   77.105064  -33.796501
66.691818   76.186691  -33.743477
67.232574   75.426956  -33.965050
67.823601   75.382828  -34.329369
68.600128   75.462471  -34.753403
69.482460   75.807129  -35.242611
70.341789   76.469696  -35.772190
70.825226   77.000099  -35.879238
71.528839   77.942978  -36.244255
72.437286   79.073593  -36.669102
73.034645   80.150803  -37.137051
73.367249   81.536156  -37.496105
73.574921   83.282509  -38.041012
73.689560   85.297379  -38.332081
74.358353   87.982857  -38.643066
74.795715   90.478050  -38.580093
74.976685   92.643517  -38.248066
75.116959   94.718971  -37.857281
74.731941   96.546097  -37.602787
74.977287   98.158218  -37.595406
74.854439   100.225334  -37.352261
74.708755   102.185776  -37.139923
74.269112   104.100098  -37.033176
73.730240   105.460747  -36.832325
73.175156   106.428337  -36.545895
72.835945   107.379784  -36.251179
73.011192   108.892883  -35.892048
72.938454   109.974457  -35.541401
72.656548   110.899101  -35.202465
72.280502   111.569695  -34.909668
71.934517   112.021568  -34.685410
71.625183   112.348953  -34.448055
71.191589   112.730240  -34.119213
