-20.783781  150.993042  11.493489
-20.790709  151.048340  11.471181
-20.822031  151.110474  11.457818
-20.869570  151.183670  11.464701
-21.013863  151.583954  11.638617
-21.219543  151.799393  11.756516
-21.470963  151.879181  11.834307
-21.732988  151.973679  11.875079
-22.093155  152.058426  11.915880
-22.480755  152.159897  11.955480
-22.872519  152.223618  11.988483
-23.379663  152.253372  12.018534
-24.076385  152.374771  12.178102
-24.904953  152.484146  12.330032
-25.983728  152.529556  12.456467
-27.226498  152.406128  12.541040
-28.693226  152.114197  12.585540
-30.495613  151.807983  12.608558
-32.293831  151.504120  12.589622
-34.508125  150.962311  12.540810
-36.770218  150.622498  13.097713
-38.704948  150.156525  13.497635
-40.625774  149.535767  13.729069
-42.606575  148.698471  14.723195
-44.435081  147.381393  15.362391
-46.065010  146.188385  15.821906
-47.359837  144.460526  16.684433
-48.707336  142.655960  17.553444
-49.960518  140.942795  18.294312
-51.035843  139.457047  18.958475
-51.803478  137.105713  20.656210
-52.331879  135.208817  21.858671
-52.781063  133.876755  22.539604
-52.326378  131.484299  24.642687
-52.173218  129.617706  25.963099
-52.164082  128.542938  26.566624
-51.983330  127.552536  26.967159
-51.691349  126.565605  27.498684
-50.937031  124.372284  28.016863
-49.725277  122.168785  28.926794
-48.539059  120.389938  29.585632
-47.837658  119.186401  30.342291
-46.038044  117.348465  31.583033
-45.064034  116.647827  33.454166
-44.468838  116.827950  34.132797
-43.936565  117.318192  34.011196
-42.604210  118.347427  33.915371
-39.927200  118.520844  34.172092
-37.443768  118.960968  33.596218
-36.253765  119.099678  33.252930
-34.972706  119.572639  28.795998
-32.958389  119.863167  26.208422
-31.288391  120.292549  24.951311
-29.380484  120.425964  23.841881
-27.189348  120.391884  22.858465
-25.063059  121.762177  22.032280
-23.126837  123.328400  21.348089
-21.412167  124.476479  20.635811
-19.739635  125.625427  19.880383
-17.746466  126.567528  19.078135
-16.192532  127.893135  18.103212
-14.958942  129.078415  17.334963
-13.864202  130.220139  16.624765
-13.183496  132.115601  14.914426
-12.679970  133.419617  13.260898
-12.440749  134.518188  11.852005
-12.861993  135.588745  9.963128
-13.195584  136.229050  8.742235
-14.132559  137.233704  7.659973
-14.668154  137.845734  6.734719
-15.926188  138.346329  3.216885
-17.130898  138.557068  1.869723
-16.515242  140.146652  1.866678
-16.294451  141.117203  1.892069
-17.495367  141.175629  2.245022
-19.444693  142.549377  3.334445
-21.030294  143.312027  3.972250
-22.064171  143.822769  3.649125
-23.191671  144.235718  3.515463
-24.210989  144.729431  3.443819
-25.605839  145.384659  3.307331
-27.399557  146.024750  3.180449
-29.103092  147.394730  3.412379
-31.083654  150.454254  3.853588
-32.386185  152.498795  4.035367
-32.846954  153.715851  4.107202
-33.176739  154.475067  4.080568
-33.410072  155.070480  4.021960
-33.637680  156.087814  3.904042
-33.669102  157.788422  3.703170
-33.601971  159.842941  3.330856
-33.315487  163.313019  3.165061
-33.049110  165.598999  3.084461
-32.881458  168.716644  2.049963
-31.760031  171.838943  1.166792
-30.370724  174.796722  0.310877
-27.412729  177.573273  -0.365943
-25.172682  180.341324  -0.958468
-23.157478  182.524673  -1.856608
-20.911867  184.445770  -2.510746
-18.618128  186.689835  -3.017310
-16.042782  189.380203  -3.223586
-13.051700  191.801254  -3.379578
-9.801023  193.853271  -3.487948
-6.527179  195.528397  -3.615112
-3.276864  196.600586  -3.722556
0.124706  197.462601  -3.630954
10.352989  196.671722  -3.302677
13.091854  196.620377  -2.790373
16.235378  196.063019  -2.018987
19.345190  194.736679  -0.886176
21.885479  193.249786  -0.104877
24.235931  191.263763  0.586967
26.157923  188.944427  1.390712
27.304655  186.326599  2.080723
28.555550  183.100174  2.653614
28.788036  179.326660  3.016322
29.187426  175.326996  3.612650
29.779043  170.309814  4.836650
29.799017  164.862198  6.346597
28.812353  159.647552  7.786667
27.287207  154.694427  8.568981
25.793213  150.795303  9.357553
23.404205  145.985336  10.451307
20.971918  142.317856  11.072647
18.848398  136.899765  12.004422
16.510952  133.373840  12.888628
14.104392  130.366440  14.195982
9.949521  127.308754  16.744555
7.537240  126.100952  21.340109
4.139371  124.109993  24.693352
2.278052  122.748154  26.497526
0.232108  121.572662  27.855959
-1.700739  121.303673  28.008120
-3.376269  120.066551  29.262207
-4.092697  119.695564  29.555113
-5.179197  119.667999  29.638811
-6.102496  119.444412  29.957464
-6.687245  119.457359  30.096006
-6.905681  119.298996  30.098576
-6.804049  118.991074  30.179319
-6.678233  118.759254  30.223164
-6.096879  118.004898  30.371443
-5.628076  117.828171  30.263447
-4.912569  117.400917  30.235695
-4.005894  116.886024  30.284042
-2.487672  115.739021  30.646328
-0.669192  114.489334  31.077887
1.381215  112.890579  31.354401
3.340252  111.646309  31.561934
5.736258  109.902672  32.313087
7.661371  108.392799  33.060909
8.943793  107.919006  33.244007
10.700904  107.346901  33.578625
12.281633  106.890366  33.951355
13.334042  106.700813  34.118622
16.322252  107.645325  37.262798
19.442606  109.127228  38.561501
20.554340  109.988304  39.134167
21.065214  110.319023  39.409393
21.553251  110.518578  39.614098
21.781487  110.578552  39.663933
22.202049  110.587219  39.672329
22.753971  110.597649  39.795410
23.163633  110.680885  39.880341
23.520653  110.869232  40.124729
23.937576  111.013268  40.260960
24.229168  111.117767  40.356705
24.404894  111.231796  40.325520
24.617655  111.348648  40.390003
24.787485  111.455246  40.427788
24.926302  111.545982  40.453804
25.026737  111.650459  40.453972
25.102514  111.758392  40.448009
25.153839  111.868042  40.438915
25.205065  111.983223  40.434376
25.233612  112.116722  40.463028
25.275930  112.265091  40.472065
25.287714  112.401382  40.468765
25.304005  112.510864  40.475449
25.308937  112.624969  40.486725
25.286888  112.740234  40.515541
25.258142  112.857887  40.535175
25.197380  112.996964  40.557041
25.208658  113.093391  40.511684
