-76.925720   174.061249  -49.943916
-76.786423   173.926956  -49.879292
-76.754280   173.889404  -49.867149
-76.726547   173.854584  -49.855328
-76.702087   173.825974  -49.841564
-76.683601   173.808350  -49.832890
-76.674133   173.799973  -49.827732
-76.672844   173.804596  -49.819935
-76.681030   173.821457  -49.811573
-76.689110   173.837921  -49.803875
-76.696053   173.853088  -49.797775
-76.723885   173.886612  -49.779694
-76.749794   173.918060  -49.762646
-76.773941   173.947144  -49.746578
-76.794525   173.973953  -49.734840
-76.812317   174.006851  -49.731075
-76.830223   174.045853  -49.731827
-76.844765   174.085190  -49.734917
-76.856499   174.115616  -49.739220
-76.867592   174.140411  -49.740799
-76.886406   174.172012  -49.740715
-76.904205   174.203720  -49.741650
-76.921158   174.233459  -49.742054
-76.975578   174.312912  -49.735615
-77.036949   174.399490  -49.724373
-77.109612   174.502975  -49.712276
-77.175514   174.596603  -49.701385
-77.270088   174.723343  -49.691750
-77.378456   174.895126  -49.680866
-77.478783   175.068222  -49.662846
-77.605911   175.236404  -49.636753
-77.713257   175.379333  -49.615307
-77.801270   175.495178  -49.597771
-77.861885   175.570984  -49.583641
-77.922928   175.650894  -49.571182
-77.973328   175.715912  -49.560440
-78.002136   175.749573  -49.550564
-78.004608   175.718018  -49.540665
-78.008240   175.687271  -49.497646
-77.979881   175.601547  -49.452194
-78.287323   174.333450  -49.013737
-78.290871   173.870026  -48.810856
-78.229034   172.957520  -48.331036
-77.924500   171.665939  -47.550392
-77.235542   169.722458  -46.976128
-76.399353   167.587570  -46.550274
-75.284195   165.172195  -45.786308
-74.304504   161.793198  -44.141010
-73.062103   158.624161  -42.316597
-71.747322   155.360458  -40.329540
-70.522865   151.942993  -38.216152
-69.429848   149.324249  -36.273148
-68.192612   147.375671  -33.077221
-67.211929   145.489395  -30.683298
-65.894981   145.669922  -26.572237
-64.180634   145.935593  -23.929121
-63.086815   146.344803  -22.594910
-62.090012   147.279648  -21.621639
-61.042564   148.271545  -20.725655
-59.649418   150.703934  -19.955263
-57.729637   154.298233  -19.943510
-55.937107   158.317795  -20.545818
-54.045834   162.651337  -21.430738
-52.227222   167.656662  -22.519064
-50.350853   173.393356  -23.518591
-48.306419   178.511002  -24.105848
-46.506233   183.706421  -25.185120
-44.518147   188.806396  -26.465986
-42.390625   193.699463  -28.528574
-40.666512   198.481598  -29.569233
-39.687485   202.988327  -30.149841
-38.958107   206.666122  -30.525337
-39.152336   210.701050  -30.873024
-38.706539   214.550415  -30.657772
-39.255787   217.727570  -29.568155
-40.038200   220.304657  -28.522013
-40.822113   222.209946  -27.670221
-41.351780   224.519241  -26.547705
-41.782646   225.943008  -25.417223
-42.141251   226.973434  -24.486629
-42.309494   227.720627  -23.695061
-42.647034   228.239548  -21.110516
-42.702011   228.364029  -19.103455
-42.432835   227.962143  -16.556166
-42.158745   226.602127  -14.815470
-41.771271   224.815033  -13.545503
-41.309292   221.146454  -13.335266
-40.699860   217.163788  -12.892428
-40.145210   212.445755  -12.942105
-39.315254   206.857330  -13.934034
-37.663795   201.525101  -14.519645
-35.629436   196.572693  -15.177164
-33.449303   193.232300  -16.007030
-31.014484   191.033356  -17.219156
-28.048077   189.406631  -18.544479
-24.841497   188.663895  -19.668287
-21.975170   188.435043  -20.583019
-19.100155   188.811401  -21.291622
-16.857718   189.867645  -22.138029
-14.923726   190.716705  -22.865761
-13.482602   192.783005  -23.704283
-12.266181   194.500763  -24.564241
-11.050211   196.264450  -25.735662
-10.254332   197.617889  -26.645414
-9.901681   199.509232  -27.515511
-9.813420   201.313187  -28.270247
-10.092974   204.143158  -29.279587
-10.854682   206.983887  -30.282009
-11.864614   208.999603  -30.726927
-13.013884   211.039703  -31.173996
-14.262985   212.442062  -31.251446
-15.607301   213.581833  -31.071293
-16.861307   214.416458  -30.830898
-18.169582   214.922852  -30.511126
-19.319023   214.844269  -30.275089
-20.771049   214.091675  -29.269438
-22.248966   212.236710  -27.979080
-23.542494   210.174896  -27.265440
-24.659237   206.047058  -26.404547
-25.356230   201.128250  -25.467869
-25.531609   195.110275  -24.858408
-25.154644   189.752365  -24.455339
-24.608437   183.030685  -23.993374
-24.234556   176.780655  -23.661247
-23.434599   170.397858  -23.635038
-22.821949   164.404068  -23.083252
-21.786928   159.008972  -22.635817
-20.722681   154.580368  -21.902548
-19.759449   151.087952  -21.286360
-19.144474   148.034271  -20.572859
-18.753189   145.834976  -19.918997
-18.511139   144.419144  -19.397997
-18.339165   143.513229  -18.999846
-18.223530   143.108704  -18.624117
-18.241894   143.099838  -18.187860
-18.336605   144.689392  -17.104704
-18.367779   146.588379  -16.237705
-18.290512   149.376709  -15.394951
-18.249426   152.621353  -15.052524
-17.968081   155.383469  -14.904024
-17.576904   158.012634  -14.824720
-16.853144   161.424850  -15.177581
-15.565495   166.701965  -16.019741
-14.076761   171.109360  -16.623026
-12.406237   175.020309  -17.699816
-9.671141   179.041809  -18.984829
-7.471968   181.960648  -20.106606
-4.164758   184.733276  -22.417788
-1.463703   186.370316  -23.972128
1.012494   186.913055  -25.362484
3.092611   187.454315  -25.886644
5.147124   187.684433  -26.363077
7.389930   187.548431  -26.719839
9.239822   187.003235  -26.891939
10.811681   185.510147  -27.199697
12.382841   182.639404  -27.679787
13.388872   179.789474  -28.019485
14.579771   175.880325  -27.977045
15.430415   170.911835  -27.219173
15.763599   165.693954  -25.585800
15.956351   160.162384  -23.676138
15.782890   155.722046  -22.019756
15.654369   152.062103  -19.998436
15.761714   149.476089  -18.053589
15.585014   146.770721  -16.862993
14.989425   144.005615  -15.044706
15.101466   144.318771  -14.675615
15.190878   145.545792  -14.301365
15.391658   147.461502  -13.687575
15.620769   149.374878  -13.491571
16.076130   152.231934  -13.380381
16.718945   155.810440  -13.604827
17.768246   159.785812  -14.008035
19.596836   164.619736  -14.810346
21.578403   169.589310  -15.353345
23.415266   173.659775  -15.751291
25.666666   177.743835  -16.391329
28.146576   181.392120  -17.487343
30.390821   184.360840  -18.458483
33.127075   187.325897  -19.626987
35.372246   189.487778  -20.508013
37.354168   191.251678  -21.198915
39.333569   192.751785  -21.723967
41.154293   193.658218  -22.167150
42.894012   193.889389  -22.500278
44.671001   193.364120  -22.851870
46.569374   192.386719  -23.063242
48.519077   190.682190  -23.417339
50.739269   188.361099  -23.577435
52.880486   184.868057  -24.245373
54.761063   181.117905  -24.346926
55.901299   175.922684  -23.299234
55.825146   170.839462  -21.616228
55.118423   167.028336  -19.816214
54.881218   164.099304  -18.925793
54.886227   161.675079  -18.596493
54.087025   159.017670  -17.057335
53.802135   157.551941  -15.886228
53.946930   157.051178  -15.105303
54.396069   157.458633  -14.431430
54.976177   158.785767  -13.330832
56.131687   160.660187  -12.203209
57.755589   162.671326  -11.143522
59.696568   164.727798  -10.030346
62.209076   167.012833  -8.853910
65.342201   169.139969  -7.658176
68.127190   171.074234  -6.685587
70.559456   172.881378  -6.058099
72.730186   175.476349  -5.691911
74.459831   178.265579  -5.866737
76.007713   180.739975  -6.334474
77.664223   183.682693  -8.034922
78.161949   185.999908  -10.072952
77.696556   187.903580  -11.356944
77.210487   190.560425  -13.425256
75.501625   191.893463  -14.683284
73.158615   192.859924  -16.764872
70.281433   192.991150  -18.425041
67.448906   193.192154  -19.580774
64.782089   192.708481  -20.544394
61.813927   190.746155  -21.553795
59.297699   188.768890  -22.180393
57.204880   186.553558  -22.427393
55.336597   183.786621  -22.611761
54.238808   180.091370  -22.560572
53.843769   176.166229  -22.462040
54.126209   172.137222  -22.066303
54.941608   168.220993  -21.186201
56.659119   165.336731  -20.464241
58.881493   163.078217  -19.780493
61.709015   161.317123  -18.994976
64.519875   159.743225  -18.746799
67.079857   158.823257  -18.773586
69.740227   158.936325  -19.018616
72.246613   159.700012  -19.363201
74.438469   161.074539  -19.661129
76.233963   162.569305  -19.941435
77.723755   165.279984  -20.643953
78.571861   167.311874  -21.074429
78.867493   168.560715  -21.300541
78.768555   169.582870  -21.396368
78.640228   170.447006  -21.454920
78.463890   171.117645  -21.481079
78.262527   171.891739  -21.613184
78.009872   172.227982  -21.791006
77.854149   172.119675  -21.930742
77.645988   171.162399  -22.307087
77.856361   169.655228  -22.859137
78.066986   167.079391  -23.446108
78.388397   162.995895  -23.483669
79.083664   157.900238  -23.296162
80.208488   152.725189  -22.595316
81.775955   147.525253  -21.878448
83.936874   143.873062  -20.708651
86.240211   141.046188  -19.365311
88.850403   138.867218  -18.277872
91.202385   138.001221  -17.172359
93.577499   138.422058  -16.088423
96.080078   140.091949  -15.375999
98.553993   142.058975  -15.412416
100.704643   144.087280  -15.584334
102.851448   147.197906  -15.862394
105.377579   152.685913  -16.437576
107.163170   158.288177  -16.356895
108.064049   163.700882  -15.702029
108.568726   168.823044  -15.233448
109.260056   175.414230  -14.702857
109.203972   181.494553  -14.624121
108.246971   186.870697  -14.736375
106.848831   191.882385  -14.999046
105.225784   196.156769  -15.320125
103.653145   199.497940  -15.791078
101.539215   201.815506  -16.430286
99.590942   203.496246  -17.092491
97.580597   204.016098  -18.400166
95.736389   204.036346  -19.488390
94.225258   203.559738  -20.480965
93.154305   202.664719  -21.316626
92.507797   200.947083  -22.157024
92.396286   198.177261  -22.962608
92.812508   193.361099  -23.652996
94.250832   188.402054  -23.989361
96.296654   183.719391  -24.281313
98.953491   179.109863  -24.240131
102.131569   175.279648  -23.998978
105.433281   172.360901  -23.516674
108.934647   170.322113  -23.211660
113.231316   170.416168  -22.933096
116.850235   171.069534  -22.791689
119.965767   173.029816  -22.712978
127.522545   185.294846  -23.996950
128.608826   188.350861  -24.105015
129.003311   192.212967  -24.343126
128.879425   195.095535  -24.556835
128.484085   197.518188  -24.731504
127.906204   199.715897  -24.958466
127.382797   201.448456  -25.188889
126.911659   202.497192  -25.563530
126.673187   203.143280  -25.798897
126.400993   203.189194  -26.326895
126.324600   202.781097  -27.002848
126.488281   201.220673  -28.249815
127.179871   198.885040  -29.363358
128.508957   195.436356  -30.186049
130.859055   190.918518  -30.698587
133.876678   183.851547  -31.092705
136.446411   175.993500  -30.103649
138.516571   167.788010  -28.249920
139.435013   158.157333  -25.654869
139.443466   148.655365  -22.656857
137.872360   138.723160  -19.139383
135.430923   130.821014  -14.335951
132.207825   123.827179  -10.522595
127.328148   117.046997  -7.069633
123.203552   112.141899  -4.537279
119.188736   107.911934  -1.919231
115.645691   104.790749  0.254440
112.056549   103.419449  2.390559
108.918945   103.882111  3.817986
106.970947   105.644531  3.520255
105.137596   107.469398  3.354130
103.363312   110.901794  2.787160
102.695770   116.579399  1.646719
103.925461   124.173813  -0.243452
106.691795   132.952972  -2.355645
110.465645   141.949661  -3.993491
114.853218   150.645752  -5.694782
119.969292   159.680542  -7.214054
133.021393   177.859818  -11.183894
145.223984   193.174698  -14.504984
150.269943   198.306335  -16.024799
161.377808   208.669418  -20.713524
164.826279   211.547256  -22.423529
173.271652   216.167374  -29.678438
174.786423   216.687363  -31.369947
175.963486   217.200409  -32.583725
176.590912   217.530533  -33.311504
176.369064   217.399475  -34.563641
176.234787   217.355042  -34.774818
175.736267   217.000641  -35.261391
174.772736   216.702789  -35.737320
174.198013   216.603516  -35.776947
173.374283   216.631393  -35.786652
169.724152   215.886337  -34.449680
167.066498   215.667267  -32.841454
165.951889   215.818817  -31.949080
164.345535   216.657471  -30.637774
159.464996   217.271149  -27.455866
153.278015   218.959091  -23.267134
144.349030   220.784134  -19.280685
139.501587   221.433853  -16.954479
133.186295   222.034332  -13.384035
