-54.677830   162.721802  -25.077511
-54.858433   162.653961  -25.021004
-54.922958   162.642792  -25.020975
-54.980453   162.636002  -25.021353
-55.031208   162.628159  -25.022181
-55.074272   162.620712  -25.024622
-55.098633   162.611603  -25.028811
-55.120373   162.607742  -25.034307
-55.135769   162.606094  -25.040525
-55.144939   162.609482  -25.055033
-55.167919   162.597107  -25.079462
-55.183250   162.598282  -25.109337
-55.260113   162.482330  -25.284147
-55.293098   162.418289  -25.442478
-55.307556   162.373352  -25.562946
-55.339916   162.338608  -25.671583
-55.361336   162.324081  -25.752651
-55.375103   162.312653  -25.821228
-55.379211   162.324417  -25.862150
-55.382751   162.335861  -25.897711
-55.398819   162.403915  -26.014339
-55.411701   162.476624  -26.115820
-55.404839   162.557892  -26.197973
-55.403278   162.637314  -26.287046
-55.386154   162.737228  -26.378538
-55.369087   162.857986  -26.495232
-55.353050   162.996048  -26.630272
-55.376350   163.174362  -26.729771
-55.388119   163.378052  -26.777214
-55.427067   163.732239  -26.876442
-55.460579   164.553665  -27.237341
-55.459915   164.587372  -27.250439
-55.444843   164.827057  -27.351170
-55.436035   165.027679  -27.437248
-55.412392   165.229004  -27.528908
-55.431152   165.480545  -27.612116
-55.434586   165.734131  -27.685295
-55.415833   166.062607  -27.800446
-55.392174   166.443542  -27.876057
-55.392525   166.761795  -27.933325
-55.396526   167.035446  -27.979471
-55.381588   167.359955  -28.025408
-55.341747   167.787094  -28.075525
-55.311279   168.231552  -28.111116
-55.282288   168.606232  -28.109724
-55.376583   168.584122  -28.219002
-55.659115   167.328873  -28.460913
-55.649536   163.713074  -29.153444
-55.680573   157.513168  -29.506351
-55.579895   149.477921  -28.902159
-54.883297   139.456757  -27.820845
-54.508823   129.061264  -26.119074
-52.460514   98.854935  -17.883062
-52.212460   96.323044  -16.916924
-51.867901   88.309280  -13.929411
-51.683125   81.540527  -10.630967
-51.948811   77.392250  -7.869256
-53.089733   75.053101  -5.904040
-54.062466   74.507828  -4.837301
-55.192898   75.252556  -4.737291
-58.303097   80.082817  -6.690449
-62.998158   88.964279  -9.727407
-66.585213   97.822037  -11.844795
-68.370338   107.641762  -13.532512
-69.122879   115.961563  -14.297235
-69.230392   125.670044  -14.111323
-67.921692   133.277740  -14.488357
-65.155540   139.909851  -14.560473
-61.111423   145.042862  -14.355680
-56.135036   147.746170  -15.121152
-50.648499   149.342926  -16.207489
-44.578648   149.137085  -17.637478
-38.643875   147.730103  -19.547144
-33.014202   146.457916  -21.263693
-20.209322   145.361801  -26.197443
-19.209906   145.328323  -26.673769
-16.770140   146.020798  -28.061729
-14.303510   148.975632  -29.892879
-12.308767   153.628998  -31.984190
-11.736019   160.892258  -33.679623
-12.245112   169.902710  -33.835522
-13.467957   179.512207  -33.200382
-15.162315   188.922897  -32.434475
-16.149597   198.614990  -31.421356
-16.780090   207.883713  -29.981091
-17.185860   219.507538  -26.592491
-16.822515   227.195251  -23.908136
-16.614357   233.993805  -21.157257
-16.041191   236.909332  -20.063942
-15.795957   237.768829  -19.905870
-15.859807   237.397369  -20.084427
-16.157732   235.656860  -20.569187
-17.388233   226.932602  -22.635698
-19.111219   212.100357  -25.215405
-18.979000   193.472961  -24.701731
-18.715994   175.394547  -22.731237
-18.724726   157.715500  -19.149027
-18.368484   141.151810  -14.747197
-17.272247   126.067688  -9.933200
-15.437729   115.246826  -5.693385
-13.378169   107.567429  -2.731936
-10.823764   103.154297  -1.766375
-8.297134   101.457726  -1.490244
-6.903497   101.235626  -1.897915
-5.410506   102.307777  -3.079995
-3.391381   107.192001  -4.810934
-0.568589   113.676590  -7.214148
1.902451   120.067085  -10.488010
4.351389   129.591019  -12.681122
6.577518   140.349609  -14.200373
9.196055   150.924042  -15.376966
12.169024   160.393738  -15.912293
15.213660   168.624680  -15.815437
18.084957   175.654327  -16.957092
20.365698   181.064056  -18.068325
23.080248   189.011887  -19.394852
23.533710   190.095306  -20.192493
22.823992   189.881851  -21.018137
21.700994   188.657272  -21.424107
20.350523   186.610321  -21.333609
17.475151   181.013382  -21.023928
13.383739   172.691299  -19.145016
9.153830   162.393936  -16.633371
6.901207   154.007706  -13.095748
5.732242   148.800110  -10.466922
5.833024   146.498566  -8.551821
7.114258   146.118210  -7.704865
8.890804   147.623703  -8.118464
11.982147   150.761749  -9.290204
16.116396   155.477676  -11.582489
20.885958   160.343735  -13.467369
25.829723   165.785538  -15.488936
30.380333   170.789063  -17.310629
34.286556   176.625717  -18.700712
37.147602   183.025116  -19.517090
40.107307   188.239365  -20.273838
42.149982   191.600784  -20.715389
44.169220   194.432327  -21.051958
45.537792   196.335373  -21.255352
46.743076   197.518890  -21.510880
47.230785   197.296097  -21.641573
47.235825   196.507004  -21.623722
46.759506   194.203751  -21.730793
45.958893   189.983963  -21.782307
44.431217   180.695953  -20.300283
43.617477   170.710541  -17.565769
43.577297   162.447556  -14.565747
44.287361   156.346573  -11.938468
45.583378   151.736603  -9.877966
47.348896   148.472626  -8.863514
49.919598   146.619339  -8.409867
53.102863   145.853500  -8.420545
56.721691   146.227280  -8.768266
60.729305   147.439117  -9.828304
64.495415   149.518646  -11.331543
68.086327   153.129471  -12.422596
70.795769   156.617615  -13.167539
73.327423   161.882858  -14.291843
74.767624   167.911179  -14.960073
75.497467   175.302124  -16.012949
76.077003   182.871857  -16.908468
75.707695   190.171371  -17.654192
74.890175   197.545563  -17.092672
73.968750   203.011780  -16.955538
72.913757   208.604477  -17.193783
70.833145   214.353012  -16.735443
68.441833   218.050262  -16.524065
66.652519   219.779846  -15.872109
64.882080   221.048950  -15.704993
63.466316   221.569473  -15.128079
62.721516   220.356339  -14.250677
62.811043   218.431000  -13.098113
63.717270   216.149368  -12.592774
65.637718   213.267242  -12.146249
68.784973   210.143692  -11.622992
72.665421   207.200729  -11.153326
76.273193   204.254684  -10.546141
79.506386   200.033478  -10.014308
81.827919   194.848770  -10.309796
83.608757   187.703995  -10.495485
84.101898   179.612228  -10.843495
83.700363   170.839233  -9.347774
83.191948   162.607544  -7.280345
83.081566   156.279419  -5.526390
83.208549   151.772995  -4.270037
83.602333   149.246353  -3.552495
85.339622   148.214142  -3.464914
87.715607   148.347214  -4.025400
91.457031   150.295074  -5.257190
96.150307   153.677887  -5.708262
101.144127   157.413498  -6.387703
106.238327   162.013046  -6.985918
112.308708   166.965179  -7.163628
118.901749   172.692642  -6.276478
124.636024   178.562424  -5.686097
129.087799   183.874542  -5.291135
133.276215   189.724838  -4.540406
136.087463   194.697464  -3.917978
137.938980   197.772690  -3.751403
139.189194   199.807709  -3.905013
140.438675   201.267838  -4.195578
140.760010   201.201553  -4.608567
140.484543   200.455917  -4.867737
139.906433   199.319244  -5.065287
137.850937   195.933716  -5.213344
132.588104   187.948532  -4.372143
126.651283   178.234009  -3.205559
119.549332   168.149811  -0.707721
111.443420   158.057083  3.051923
104.702690   149.802353  7.698693
99.735191   143.826599  13.145309
95.207535   138.634247  18.188751
91.356888   133.860901  23.292957
88.672607   129.602615  26.876629
87.403328   127.114029  29.024788
88.305305   126.118492  30.200579
89.166451   125.640038  30.480402
90.953117   125.479805  29.329533
92.611969   125.776764  28.606718
92.818001   125.825737  28.370409
91.964035   124.965935  28.524040
87.500854   123.548904  30.674463
81.441193   121.259865  33.580139
75.842842   121.113686  37.473194
70.800552   118.936943  42.133476
66.711571   116.988091  46.723934
64.983170   116.814865  49.961483
65.802063   117.421349  50.125065
68.978981   119.190819  48.848907
77.562927   122.719162  44.883461
90.059708   126.002533  39.206165
103.681587   128.978668  33.102207
119.586548   132.218979  26.162643
136.787750   135.552399  20.267925
153.969925   137.720444  15.403514
169.250381   140.183395  12.246620
181.790268   141.629364  10.218852
192.696274   142.494217  8.731683
199.068115   143.141022  7.877787
202.067017   143.805145  7.186694
198.827621   148.448563  6.279645
197.129654   149.628296  6.310234
192.517883   151.234558  7.099737
187.804611   152.568832  8.307620
184.659286   153.305908  9.078581
183.026138   153.449448  9.518448
182.467728   153.182663  10.136903
182.626785   152.677643  10.587499
183.876572   151.473694  11.030104
186.959885   149.238998  11.361611
190.195526   146.874176  11.670018
193.526123   144.700363  11.735946
195.705811   143.303925  11.838222
197.582687   142.568130  11.723211
197.899872   141.871124  11.869314
197.513397   141.450134  12.044264
196.923279   141.150299  12.271716
195.845612   140.839386  12.596320
193.559631   140.874725  13.194250
190.058167   141.047424  14.244969
187.109512   141.373672  15.150424
183.348282   142.465607  17.411417
179.098770   143.915039  19.335588
176.649490   144.297012  20.803322
174.224365   144.249863  22.395685
172.539413   144.156357  23.562084
171.139771   143.786957  24.706457
170.062149   143.118973  25.814558
169.224594   142.327255  27.037649
168.399872   141.459793  28.459499
167.910721   140.535660  29.846279
167.429306   139.926224  31.084549
167.043457   139.393723  32.044865
166.732132   138.924149  32.813839
166.557129   138.665222  33.276478
166.331726   138.567764  33.628929
165.819901   138.731583  33.976547
164.903107   139.706360  34.764526
164.142120   140.563202  35.525959
163.599319   141.844772  36.427574
162.962982   144.294312  37.861477
161.818222   147.327805  40.023388
160.987320   149.088577  42.227421
161.705887   153.627304  43.980560
162.734756   159.324158  46.748436
162.409866   161.392654  48.821636
162.243454   163.403564  50.283905
160.937866   162.551544  51.357204
159.245544   161.846527  52.279907
158.105637   161.207291  53.049500
157.383286   161.785553  53.978668
156.234421   161.892792  54.743568
