-140.605988   135.819809  108.170059
-140.622650   135.853775  108.352486
-140.638199   135.859406  108.378777
-140.657166   135.849609  108.388351
-140.675674   135.841293  108.397987
-140.686935   135.849609  108.398651
-140.693527   135.762161  108.422981
-140.700302   135.687332  108.446220
-140.708069   135.628357  108.466469
-140.724228   135.578613  108.488686
-140.748779   135.527512  108.513245
-140.837906   135.522507  108.548996
-140.916168   135.531479  108.570213
-141.097763   135.479721  108.670876
-141.255386   135.435776  108.760956
-141.290695   135.420425  108.801941
-141.385773   135.469025  108.874176
-141.448090   135.607162  108.821175
-141.527725   135.616180  108.840050
-141.605194   135.595428  108.866760
-141.697495   135.521912  108.921234
-141.923981   135.750488  108.861710
-142.132843   135.736984  108.919899
-142.332809   135.625824  108.960091
-142.539215   135.618088  108.911003
-142.658829   135.595032  108.897247
-142.726028   135.586060  108.811752
-142.766739   135.439392  108.798248
-142.799026   135.319504  108.785530
-142.826767   135.220062  108.776009
-142.841705   135.144135  108.763710
-142.848938   135.064468  108.744888
-142.857269   135.012131  108.776665
-142.853622   134.966568  108.808434
-142.819885   135.010788  108.584091
-142.784149   135.046356  108.464218
-142.760696   135.048111  108.410728
-142.743744   135.039276  108.364571
-142.723526   135.038742  108.320885
-142.707352   135.036407  108.283325
-142.693130   135.035538  108.250084
-142.682220   135.030273  108.220978
-142.671448   135.025772  108.194046
-142.668564   135.001587  108.172302
-142.424622   134.882309  108.017532
-142.243118   134.714233  107.841515
-142.394730   134.018097  106.863609
-143.353912   134.259094  106.150124
-143.905655   134.251205  105.717995
-144.317230   134.300568  105.331924
-144.636719   133.787781  105.259827
-144.946030   133.113419  105.362785
-144.851929   132.302338  105.766930
-144.986526   131.606964  106.009415
-144.953140   130.620041  106.017418
-144.988281   130.197006  106.123001
-145.027786   129.961304  106.051918
-145.299240   129.766663  106.029152
-145.528732   129.216278  105.785378
-145.741989   128.645401  105.678345
-145.807556   128.144470  105.688187
-145.796188   127.733566  105.497231
-145.689667   127.478531  104.518791
-145.322662   126.853477  103.297081
-144.586090   126.682182  101.717773
-144.222992   126.370201  100.833702
-143.803360   126.293121  99.909142
-142.174866   129.711853  97.513863
-141.305908   131.595139  96.543526
-140.104111   136.276260  95.298828
-139.312073   143.233246  93.017906
-138.995163   150.314911  91.143471
-138.276199   157.477280  89.208626
-137.939407   166.378723  87.242981
-138.125381   174.873413  85.796570
-137.699860   181.067032  86.990158
-143.113663   189.665955  84.923080
-143.264374   198.757996  83.733459
-141.760818   206.159973  84.755348
-141.153259   212.002441  84.484734
-141.413895   218.040970  84.272011
-140.752808   224.598862  84.031204
-140.299332   231.392899  84.244499
-139.624573   237.419495  83.851776
-138.703857   243.154495  83.566917
-137.589890   248.335190  83.811676
-136.820023   254.405991  83.815552
-135.551971   260.024872  84.678024
-134.698990   266.011963  84.766335
-132.710999   270.325897  84.233627
-131.249832   275.121918  84.230186
-129.192398   278.463226  83.900719
-127.782303   284.205505  84.810440
-126.299278   288.863770  85.011421
-124.947029   292.934143  85.504082
-123.085457   296.984039  86.403641
-121.027306   299.966003  86.868431
-119.048775   302.354248  86.352524
-117.572418   305.164917  87.005432
-115.615822   306.757263  86.787865
-113.746849   308.683197  86.129784
-112.170555   311.245117  86.602921
-110.068710   312.354523  85.899643
-108.202240   313.433960  85.802223
-106.393669   313.728363  85.392975
-104.568184   314.068542  85.461388
-102.539749   314.035004  85.019867
-100.254143   314.204437  84.683029
-97.951340   314.009918  84.454910
-95.884056   313.847626  84.222527
-93.230179   313.073425  83.693909
-91.084908   312.263458  83.455841
-88.534096   310.756836  82.785988
-86.097008   308.993958  82.475792
-83.966965   306.478241  81.842850
-81.687759   302.526642  81.372238
-79.920914   299.785431  81.121773
-78.337288   296.933960  80.803513
-77.334305   295.200958  80.939384
-76.842087   293.396423  81.274254
-76.444138   291.564026  81.214890
-75.826622   288.463165  81.414917
-75.507072   284.475983  81.828140
-75.393059   280.665283  81.989159
-75.801262   277.469116  82.489731
-76.399872   274.992950  82.932808
-77.146088   271.775604  83.760918
-78.196838   269.090302  84.399117
-79.272141   266.494141  84.976448
-80.654953   263.880951  85.383339
-82.183228   260.668457  86.815842
-83.851006   258.298920  87.713814
-85.675545   255.747849  88.631622
-87.362015   253.560089  89.686111
-89.109093   250.976791  90.632500
-90.549553   246.987457  92.513382
-92.339211   244.267105  93.882698
-93.833817   242.290375  94.495720
-95.350021   240.512985  95.366341
-96.673683   238.949249  95.741959
-98.122253   237.495255  95.954391
-99.584702   235.942657  96.367828
-101.111282   234.362976  97.077393
-102.469963   232.982224  97.270813
-103.590721   232.122437  97.408531
-104.661339   231.556458  97.618698
-105.733292   231.086731  97.956535
-106.775696   230.565689  98.340973
-107.802612   230.324570  98.752968
-108.590912   230.086227  99.115219
-109.219353   229.929443  99.376144
-110.290443   230.034134  100.283234
-111.064140   230.121902  100.888748
-111.607475   230.187302  101.277245
-112.054459   230.241791  101.566978
-112.455109   230.348068  101.726563
-112.760559   230.505249  101.898224
-113.103607   231.026520  102.197006
-113.142471   230.941345  102.213181
-113.254601   231.153091  102.339188
-113.283562   231.400391  102.394943
-113.293541   231.613632  102.438850
-113.128487   231.774979  102.465439
-112.957115   231.964005  102.495758
-112.337601   232.215073  102.646370
-111.530548   232.219498  102.506897
-110.653389   232.213837  102.377113
-109.622437   231.883728  101.820854
-108.481499   231.469940  101.474297
-107.053329   230.725327  100.420868
-105.728996   229.980453  99.678734
-104.452309   229.078384  98.898331
-103.062889   227.915588  98.387901
-101.582687   226.752670  97.683823
-100.265556   225.292633  97.080986
-98.968559   223.905273  96.400124
-97.542610   222.281464  95.558167
-95.965134   220.580765  94.646431
-94.611069   218.712585  93.928802
-93.242104   216.470688  92.883217
-91.786018   214.326294  92.346718
-90.462425   212.440506  91.892578
-89.355888   210.840561  91.506981
-88.124161   208.926819  91.128166
-87.116074   206.956406  91.070358
-86.564667   205.650772  90.982765
-85.591957   203.806198  90.786819
-84.253258   201.387421  90.841057
-82.627274   198.880844  91.011765
-80.498886   195.688461  91.216660
-78.541656   192.513962  91.972961
-77.128220   189.779816  92.100266
-71.017998   178.156799  92.458359
-69.402306   175.112122  92.671730
-67.808022   172.048157  92.393959
-65.693222   168.931503  91.496178
-63.570709   166.402802  91.014008
-61.648560   164.335434  90.522469
-60.417622   162.660950  90.323433
-58.493122   160.370117  89.916695
-55.795223   158.114471  89.263748
-52.985432   156.359085  88.832375
-50.620140   155.061981  88.224617
-48.242050   154.107224  87.705368
-45.751045   153.646683  87.230858
-43.078087   153.359344  86.693634
-40.169353   153.605560  86.049011
-37.379391   153.904358  85.586166
-34.952843   154.484009  85.063118
-32.201286   155.774292  83.764267
-29.604691   157.334869  82.429977
-27.169127   159.047043  81.507446
-24.952171   161.257813  80.457848
-22.750553   164.170502  79.367340
-20.785856   166.969925  78.719963
-19.281818   170.232117  77.962547
-18.203154   173.072662  78.429276
-17.467045   177.296478  78.064728
-16.425354   181.341965  77.636688
-15.108428   186.444000  77.327606
-14.456004   190.926620  76.933159
-13.842563   195.492645  76.180954
-13.325398   200.559998  75.523605
-12.784534   205.733459  75.679001
-12.564610   210.545166  75.214012
-12.732980   215.264420  74.776169
-12.937579   220.091980  74.298332
-13.314370   225.187836  74.250481
-14.054173   230.180969  74.353432
-14.494963   235.629562  74.656097
-15.175245   240.916443  74.420624
-16.005013   245.765045  74.365265
-17.129923   251.013794  73.839722
-18.721956   255.510361  73.702637
-20.295069   260.233398  74.689156
-21.956070   265.129700  74.561913
-23.524763   269.666229  74.746902
-25.265530   273.886841  74.867058
-27.255178   278.054138  75.200134
-29.382330   282.039490  76.137497
-31.697243   286.344147  76.477013
-34.055252   289.556305  76.818230
-36.432465   292.689911  77.032310
-38.679985   296.993561  76.007172
-40.986252   301.701691  76.281281
-43.677197   303.954041  76.818771
-46.267342   306.264618  77.438736
-48.945351   308.132965  78.272346
-52.865906   311.740875  78.606857
-55.999016   314.685303  80.924339
-59.103905   316.651062  82.683044
-62.282295   319.027100  84.403625
-65.473747   320.182159  85.314064
-68.855324   321.379211  86.513084
-72.138191   321.763336  87.035576
-75.868256   322.182526  88.054298
-79.446396   322.124207  88.637123
-83.279015   321.904755  89.524002
-87.039902   321.061981  90.511551
-90.592201   320.032440  91.379990
-94.370842   317.999146  92.074074
-98.107681   315.659882  92.875015
-101.452774   313.506592  93.233902
-105.045418   310.167267  93.223022
-108.410934   306.074036  93.306953
-111.819382   302.196716  93.927055
-114.849777   297.631683  94.018005
-117.540306   292.833923  94.199432
-119.976578   286.753815  94.898102
-123.021194   281.413696  95.075371
-126.277618   276.226440  94.341957
-128.809509   270.673737  94.258255
-131.381989   264.300446  94.796776
-133.542694   257.914337  94.849709
-134.844162   250.991150  95.214096
-136.273682   244.041550  95.998276
-137.446777   236.929901  96.157646
-138.668091   230.453430  96.201447
-139.407990   223.898697  96.133797
-140.781830   217.352173  95.164948
-140.679184   209.969757  94.232674
-140.385971   203.532028  95.133179
-139.580368   196.117783  95.628113
-137.741776   188.286713  95.415680
-137.499588   181.981186  96.473953
-136.438095   175.434296  97.501610
-134.696854   168.605270  98.820969
-132.758560   163.407242  99.449234
-131.581726   157.730011  99.431297
-129.350052   152.035187  99.668900
-127.004143   145.727814  100.555779
-124.350838   141.078217  101.979263
-122.294373   137.322189  102.777718
-120.189674   133.966476  102.668274
-118.266083   130.592636  101.502876
-116.651970   127.981728  100.435997
-113.472641   123.536934  98.224564
-109.767525   118.379417  96.390717
-104.635963   112.322258  92.030289
-96.746712   105.082169  88.199471
-92.645508   101.600449  88.192764
-89.013489   99.953415  87.396507
-85.347717   99.342934  87.168259
-80.574120   97.554626  87.220139
-75.810776   97.582047  87.520668
-70.172440   96.303635  87.670479
-65.484261   96.482483  87.026581
-63.536026   98.503479  87.156685
-60.660549   100.159790  87.425613
-58.399208   102.244286  87.321297
-55.346588   105.071686  86.459038
-52.787605   107.311539  86.271576
-49.695717   109.302811  85.658791
-47.459568   110.386421  85.187126
-44.199657   112.941040  84.397179
-39.818943   117.416199  84.005577
-38.772381   123.037125  84.093269
-28.707146   139.343826  88.419556
-28.105497   143.738907  88.893860
-26.086281   148.442657  90.664772
-24.767065   153.555679  91.838020
-22.756521   158.263535  92.001091
-21.029854   163.202377  91.698738
-19.992580   169.388824  91.418846
-18.644449   174.723892  91.136024
-16.788553   181.133514  90.196289
-15.820445   188.819382  89.215851
-14.947674   194.617889  89.065407
-14.455194   200.411255  88.741554
-14.439372   205.404480  88.530891
-14.220450   211.715195  88.139755
-13.964793   217.719269  87.557594
-14.186432   223.420853  87.375923
-14.582530   228.492188  87.172661
-14.897819   234.488953  87.022285
-15.352635   239.735977  87.176048
-15.713460   245.441788  87.281288
-16.174887   250.355621  87.258530
-16.922779   255.447647  87.122246
-17.479187   260.480621  86.534142
-17.947426   265.181305  86.655647
-18.403130   270.285980  87.161514
-18.911980   274.408112  86.953255
-19.150854   278.508606  87.641975
-19.700453   282.051086  87.873581
-20.129725   285.905029  87.644211
-20.650587   289.882263  87.237251
-21.123734   293.219025  87.036713
-21.482809   295.509369  86.962738
-21.639971   298.143005  86.934517
-21.729082   300.167786  86.743385
-21.860970   301.762665  86.811279
-21.996439   302.984619  86.956009
-22.157127   304.094818  87.124771
-22.167084   305.081085  87.247009
-22.205534   305.811707  87.340935
-22.214363   306.316467  87.338669
-22.213747   306.623535  87.289818
-22.228109   306.758698  87.250809
-22.219645   306.748932  87.240494
-22.212717   306.343964  87.186714
-22.147760   305.545715  87.007980
-22.154095   303.943878  86.686607
-21.793308   301.287903  86.374573
-21.675253   297.891022  86.074432
-21.318106   294.312836  85.513496
-20.782310   291.171722  85.237556
-20.120604   287.760895  86.041359
-19.712673   283.830261  86.556145
-19.818733   280.230133  87.286118
-19.645475   276.487885  88.228477
-19.746309   272.375488  88.934021
-20.068502   268.674713  89.868881
-20.275015   265.173645  91.662552
-20.511902   260.897400  92.342613
-20.712854   256.790405  93.351120
-20.550900   252.330765  93.877556
-20.434479   248.133652  95.198219
-20.234890   243.827255  96.050247
-20.114191   239.004105  96.785667
-20.124014   233.795166  97.655594
-19.944506   229.105499  98.807495
-20.107590   224.108063  99.631248
-20.354179   218.453964  100.094223
-20.792135   213.478195  100.934448
-20.355219   210.794540  102.416801
-20.020271   208.469696  103.723785
-19.972021   205.259811  104.922661
-20.447369   200.934875  106.507629
-20.688295   198.497910  107.977119
-20.664112   196.000046  108.816544
-20.994751   193.929825  109.619728
-21.497995   191.787109  110.265343
-21.626589   190.427887  111.985733
-21.558243   188.784286  113.014900
-21.438011   187.345123  113.113785
-21.620461   186.540970  113.256561
-21.871502   185.868881  113.233009
-22.186367   185.445923  113.489944
-22.625769   185.292007  113.827217
-23.070637   184.664673  114.502701
-23.920155   184.494705  115.497520
-24.565853   184.351974  115.790047
-25.666801   185.069794  115.488060
-26.430143   185.697662  115.386009
-26.866411   187.192642  115.388397
-27.252600   190.658722  115.386169
-27.439554   194.538361  114.915390
-27.452517   198.438126  114.521263
-26.425203   201.880402  114.249702
-25.713762   204.876266  114.155861
-25.269722   211.604843  112.766602
-24.417395   216.518295  112.309219
-23.180389   220.578064  112.065842
-22.460199   225.677292  112.191818
-21.385181   230.343689  111.797691
-19.727253   235.675186  111.133072
-18.182619   240.468689  110.545006
-16.637300   245.759537  110.408386
-15.015217   249.894485  109.355797
-13.999399   253.741043  108.694572
-12.548739   257.727661  108.410851
-11.080044   261.398193  107.733337
-9.512665   265.099823  106.804047
-8.181035   268.576233  106.332138
-6.502018   271.797974  105.856339
-4.560835   274.515656  104.928276
-2.491010   277.127869  103.405670
-0.303245   279.710632  101.742935
1.679505   281.753845  100.942772
3.485788   283.278748  100.296280
5.378397   284.627197  99.351746
7.719641   286.153564  98.058571
10.357041   287.938995  96.860222
12.612855   288.844818  95.730865
14.629825   289.214783  94.746536
16.394140   289.436829  94.018837
17.919006   289.510162  93.464180
19.410482   289.368103  92.990250
20.424309   289.253479  92.662178
21.484686   288.749084  92.406143
22.536364   288.292511  92.236946
24.109865   285.190216  91.262802
24.463736   284.289673  90.744942
24.736956   283.150177  90.369553
24.768072   281.666809  89.964355
24.373650   278.980316  89.336868
23.494442   276.461304  88.889465
22.346085   274.488342  88.505112
21.267460   272.101898  88.222694
19.681082   269.616119  88.353134
17.936653   266.984100  88.474014
16.090666   264.315063  88.634712
13.679014   261.534851  89.181160
11.457682   258.834259  89.907166
9.246583   256.026947  90.146309
6.705901   253.021210  90.266060
4.496476   250.136856  90.744576
2.030659   247.794373  92.270248
-0.314987   245.386642  93.216240
-2.735842   243.491531  93.785378
-5.016415   241.699097  94.387123
-7.416223   239.846451  95.013657
-9.406022   238.294128  95.938210
-11.332262   235.883621  96.572647
-13.450089   234.088074  97.079514
-15.192964   232.328995  97.324074
-16.657320   231.103699  97.459702
-18.041990   230.308929  97.584869
-19.085878   229.292450  97.869720
-20.094763   228.159393  98.115562
-21.104040   227.165955  98.225708
-21.871191   225.990189  98.425232
-22.593821   225.024185  98.752838
-23.113262   224.384308  98.916862
-23.562237   223.819122  99.053810
-23.953232   223.272186  99.316727
-24.258677   222.817139  99.486458
-24.470901   222.442657  99.612274
-24.602255   222.116791  99.659912
-24.643892   221.954361  99.661514
-24.640751   221.782990  99.662048
-24.551537   221.551254  99.674454
-24.385014   221.242249  99.684975
-24.095642   220.917526  99.673653
-23.540163   220.540970  99.646416
-22.794664   220.062775  99.443039
-21.849026   219.481171  99.282104
-20.773756   218.955551  99.107300
-19.613489   218.413956  99.144447
-18.489792   217.823944  99.240616
-17.031181   216.994110  99.345512
-15.442397   215.592850  99.343903
-13.835473   214.178970  99.323006
-12.218700   213.076874  99.002007
-10.931694   212.541641  99.152756
-9.446875   211.968811  99.548317
-7.677119   209.888260  99.814453
-5.841167   208.185883  99.741318
-4.389000   206.371033  99.548386
-2.970516   205.050079  99.531723
-1.501894   202.966003  100.236748
0.162740   201.099838  101.016693
1.692319   199.754623  101.587822
3.094897   198.579422  101.939453
4.975233   196.963501  102.547729
6.227987   194.112564  102.639702
7.075529   192.228714  102.654884
8.707153   190.008438  102.954659
10.129053   187.879501  104.064713
11.515035   184.938873  104.634071
12.471713   181.989166  105.215034
13.122806   181.089417  105.556335
13.934995   180.167450  105.767151
14.673750   179.385559  105.855698
16.750679   177.260071  106.019814
18.521946   175.608841  106.053864
20.161736   174.095749  106.169624
21.555845   173.261642  106.232895
23.602072   172.518509  106.223396
25.219955   171.981400  106.108582
27.404610   171.516312  105.992714
28.919882   171.345383  106.002373
30.810665   171.277130  105.782341
32.638824   171.166809  105.545464
34.607811   171.537613  105.666489
36.014393   172.123993  105.583168
37.214279   172.945450  105.439827
38.645939   174.215012  104.875000
39.969242   175.733902  104.228928
40.689671   176.970551  103.787025
42.524918   179.240753  102.651756
43.791180   181.597580  101.289421
45.043751   184.224304  99.914864
45.841465   187.030045  98.669510
46.726151   190.375275  98.358376
47.302433   193.313828  97.813469
48.555695   199.060959  97.622551
49.375328   203.143341  97.100037
49.506180   206.991592  96.860786
49.236771   209.982285  96.679726
49.112720   213.042252  96.920860
48.745487   215.417465  96.815826
48.193634   217.553650  96.491661
47.715775   221.384995  97.604256
46.890976   222.468521  97.284790
45.850590   223.813278  96.981857
44.816483   224.928314  96.814819
42.633507   226.529190  95.633743
40.602642   227.771606  94.824028
38.902664   228.722855  94.362343
37.183464   229.409149  93.908226
35.598358   229.886093  93.584351
33.748596   230.319901  93.464516
31.789223   230.438644  93.095192
30.108660   229.971100  93.194305
28.266968   229.208786  93.654228
26.539284   228.284729  93.971306
24.761148   227.180252  94.765076
23.437399   225.939529  95.256676
22.350414   224.694458  95.301476
21.264547   223.097031  95.386726
19.937916   220.496460  95.976532
18.644819   217.946915  96.288116
17.817755   215.777985  96.503510
16.831373   213.516769  96.925064
16.054035   210.487549  97.562759
14.490935   202.125122  100.419334
14.196136   199.846054  100.148819
14.096885   197.334305  100.598183
13.853057   194.925751  101.117409
13.910689   192.488937  101.274773
13.968793   189.739578  102.223404
13.914904   187.329773  101.962303
13.981674   185.891541  101.946365
14.233633   183.214737  102.076302
14.469413   180.007141  102.256126
14.850488   178.219055  102.264809
15.219932   176.258209  102.121506
15.504509   174.820175  102.033478
16.786949   172.967056  102.285675
18.004835   171.645966  102.504967
19.894001   169.232010  103.274818
21.327818   168.186081  103.562569
22.595488   167.799835  103.722511
23.886438   167.767990  103.843849
25.245663   168.102631  103.742172
25.983892   168.543243  103.661545
27.613274   169.440765  103.080910
29.688835   171.047012  102.325752
31.785400   173.252579  101.655731
34.203224   176.075150  99.951103
36.053787   178.811386  99.641495
37.485073   181.490341  99.666985
38.652451   184.254242  98.193130
39.681686   187.014008  96.788231
40.259174   189.330673  96.135208
40.766899   191.567307  95.717293
41.086155   194.203308  94.821754
41.936878   197.596191  93.624786
42.898060   200.400040  92.830406
43.471420   202.423813  92.398254
44.204922   205.143784  92.143326
44.262047   207.223221  90.764359
45.054260   209.321442  90.061752
45.173080   210.858383  89.559952
45.091057   212.018250  89.291962
45.054394   212.775436  89.132179
45.400188   214.531830  89.590805
45.556702   216.191513  89.894318
45.575142   216.744751  89.893158
45.602085   216.928864  89.925919
45.623081   217.018204  89.951767
45.385345   217.531128  91.338333
45.072433   217.697617  92.085999
44.823685   217.331009  92.315247
44.537010   216.152100  92.100426
44.470070   214.496857  91.961548
44.308102   211.444153  91.512688
44.487957   206.653595  92.469467
44.961205   203.191467  92.559082
45.536243   199.760880  92.193558
46.021820   196.451965  92.249954
46.870888   192.280869  92.175949
48.240879   187.978226  94.091011
49.636600   183.841202  94.687180
51.232090   180.731796  95.402954
52.695366   178.424103  95.747414
53.633308   176.876007  95.687576
55.329704   174.278000  95.573288
57.392288   170.732010  94.989326
61.333370   169.194092  93.951263
63.761181   168.337219  93.335617
67.298958   170.189377  94.094048
69.215714   171.704193  95.029396
69.960693   172.472519  95.351578
64.939583   249.981339  93.151779
65.505066   253.326248  90.595238
65.306175   257.228088  88.374138
64.932709   260.835083  87.226486
64.091721   264.887115  86.183968
62.936172   268.781769  85.162544
61.769272   272.391052  84.612869
61.383472   276.615082  84.685059
60.679256   279.780853  84.580879
60.275131   281.490753  84.812218
59.777065   284.254639  84.522171
58.996609   287.020691  83.662918
58.321468   288.062775  83.633270
57.957081   289.337677  83.366829
57.666859   290.107117  83.185028
57.229706   290.319061  83.402992
56.926716   290.555328  83.499817
56.648575   290.736664  83.647629
56.427120   290.762024  83.740540
56.147251   290.561737  83.811447
55.879154   289.800995  84.710144
55.989983   288.691010  84.798141
56.323555   287.191559  84.744225
56.768929   285.620026  84.813362
57.273361   283.360779  84.801994
57.814220   281.052216  84.673782
58.505524   277.696198  84.081360
59.074387   274.525604  83.276512
59.508118   271.397705  82.113197
60.010994   267.723450  80.775497
60.337597   263.120514  79.401161
61.788673   257.077881  80.438026
63.051762   252.026932  80.623962
64.269951   247.301819  79.821411
66.170830   241.952789  79.238144
67.993652   236.578094  80.058525
69.391685   231.483932  80.474426
76.583542   214.355545  84.272423
76.768860   209.336227  86.981834
77.921120   203.287491  88.657814
79.386765   197.341370  89.632576
81.404228   191.549454  90.789474
83.170410   186.182724  92.445076
83.924850   180.891266  93.240715
84.588608   174.977798  93.508652
86.207260   169.737762  94.523491
87.199638   164.684982  96.851776
88.389191   159.920990  99.014435
89.382690   155.375763  100.247940
90.312035   151.242004  102.748505
91.740379   146.830093  102.522858
93.059006   141.971558  103.473206
93.415985   137.757111  104.631683
93.789207   134.352371  105.528801
94.233833   131.855423  106.085365
94.637833   130.320084  106.648911
95.409096   127.474594  107.619743
96.277458   124.383690  110.111099
99.106201   122.393547  112.778473
103.017113   120.507965  114.260185
105.625473   118.327248  115.920029
81.306915   110.854225  107.840057
70.933052   104.244598  104.312447
67.153542   99.574638  102.883568
65.421844   97.283813  102.249443
64.567223   96.897324  101.722336
64.241730   96.706657  101.162491
64.278664   96.611656  100.569977
64.102646   96.907883  99.852776
64.327133   97.423073  98.818024
64.542595   97.368240  98.459946
64.475502   103.325569  95.080353
66.175308   107.938210  91.495415
67.862984   111.004936  89.163795
68.357056   112.931496  88.028641
68.659904   113.742630  87.482864
68.851601   114.448959  87.054092
69.725494   116.979477  85.949646
70.497459   119.340469  84.994789
108.961586   132.520340  105.319626
108.490913   134.800598  105.269196
108.199875   136.985489  104.998428
107.936516   139.229156  104.762115
107.975555   143.155334  104.045990
107.419022   146.637817  103.129036
106.295174   149.749893  102.207993
104.379013   152.051651  102.355370
102.136803   154.906708  101.647209
100.038689   155.397705  100.861771
98.695541   156.956833  100.055199
97.315315   159.182648  99.903137
96.166405   160.763062  99.307480
93.831474   161.547119  97.990143
93.986305   163.647964  98.016830
94.893402   165.918839  97.830948
94.834587   166.769791  98.313606
94.686859   167.044159  98.594734
96.105316   168.283661  98.432037
96.057510   167.305588  96.392380
98.915359   168.948975  96.622841
100.051651   169.615158  96.719162
100.834686   170.233398  96.715668
101.942375   170.734634  96.754494
103.003952   171.147491  97.018967
104.129044   171.716034  97.818954
105.037102   172.193176  98.414268
106.676826   172.874603  98.579666
108.929382   174.664978  98.452438
110.505470   175.300674  98.876259
111.644653   175.608719  99.371437
112.640770   175.502609  99.802742
115.100342   173.957138  99.495491
116.716324   173.273911  99.466537
116.931740   172.289246  99.628883
117.083664   171.704407  99.741920
116.355904   169.506531  99.489006
116.041275   168.586563  99.446388
115.518120   167.628372  98.950859
114.891869   166.442078  98.218414
113.513008   164.113617  96.122429
111.880524   162.584488  94.909294
110.658035   161.425110  94.383904
109.762260   160.914047  94.183769
106.836906   159.693848  94.117966
102.948204   158.356812  94.022522
99.780548   157.476990  93.666832
89.500107   152.147232  91.500977
88.626610   151.778198  91.220512
83.858719   149.882187  90.452034
77.602669   147.508713  89.580627
71.604355   144.953629  88.936951
65.612015   142.868057  88.294441
60.179955   140.939651  87.929810
54.019051   139.446915  88.206161
47.263905   138.356323  88.175407
40.992088   136.857269  88.251503
34.675259   135.395691  88.591225
29.074118   133.029633  88.615494
23.402929   130.071899  88.775261
17.940355   127.701187  88.913734
10.902734   125.180382  88.863754
-0.138494   121.808327  89.011307
-10.249011   121.399315  88.648659
-18.920307   120.522736  88.927589
-26.157009   120.416473  89.267616
-32.585804   118.527084  90.653923
-39.116947   118.136078  92.426468
-46.663555   116.741959  93.555893
-53.276070   116.281212  95.012207
-57.405693   112.888031  97.521889
-63.461609   111.515747  98.400764
-69.355103   114.734360  98.269180
-74.997261   110.074364  100.636856
-80.613457   106.689079  102.092636
-85.382462   103.772095  103.351982
-92.014877   100.052711  104.840408
-96.686760   96.772392  106.396492
