-121.323868   178.972885  74.601639
-121.587654   178.821747  74.474709
-121.824524   178.659134  74.343391
-122.020599   178.511475  74.240021
-122.247665   178.375732  74.178070
-122.480492   178.209015  74.073921
-122.685425   178.085342  73.998741
-122.820068   177.926544  73.898033
-123.066025   177.710571  73.789703
-123.279175   177.502304  73.706268
-123.505478   177.332489  73.651047
-123.761246   177.165863  73.616417
-123.944237   177.047440  73.596313
-124.088287   176.933762  73.625221
-124.237076   176.755402  73.614410
-124.369850   176.646561  73.627007
-124.518570   176.514999  73.637108
-124.657593   176.394485  73.648811
-124.771172   176.293701  73.694641
-124.936081   176.138672  73.752998
-125.063950   176.002747  73.787560
-125.188911   175.795441  73.783577
-125.332893   175.628876  73.830772
-125.453529   175.522797  73.876106
-125.558167   175.415665  73.886574
-125.707367   175.236847  73.898994
-125.831245   175.084579  73.908279
-125.960251   174.943359  73.916359
-126.069885   174.814957  73.918999
-126.281891   174.638596  73.934654
-126.492523   174.508652  73.994057
-126.666878   174.401443  74.045723
-126.851799   174.294342  74.095291
-127.014420   174.180847  74.134491
-127.149826   174.095337  74.170425
-127.325027   174.029968  74.232460
-127.457016   173.978317  74.278831
-127.594246   173.902267  74.335976
-127.702850   173.855576  74.392509
-127.821968   173.822388  74.466324
-127.927727   173.782318  74.529091
-128.029160   173.746826  74.590851
-128.137985   173.772232  74.666382
-128.251755   173.758163  74.733231
-128.342987   173.757965  74.801277
-128.450607   173.796539  74.903839
-128.526764   173.855606  75.015556
-128.596237   173.924225  75.132370
-128.706909   174.024399  75.291321
-128.821869   174.128159  75.438858
-128.945221   174.251511  75.589836
-129.104065   174.386551  75.764977
-129.231293   174.499725  75.905014
-129.328766   174.586716  76.012520
-129.449234   174.686081  76.121368
-129.580673   174.816681  76.245430
-129.729095   174.940567  76.378052
-129.879791   175.047104  76.525063
-130.053558   175.144348  76.715912
-130.259521   175.227905  76.931519
-130.372314   175.339157  77.108101
-130.528625   175.478134  77.304565
-130.770508   175.732513  77.591507
-131.081741   176.003189  77.851257
-131.329453   176.262390  78.072319
-131.537918   176.552841  78.289268
-131.749252   176.838684  78.511009
-131.907501   177.194641  78.734215
-132.002686   177.536057  78.941040
-132.125702   177.765274  79.114960
-132.239883   177.973099  79.246384
-132.429520   178.240005  79.377487
-132.572693   178.458694  79.539841
-132.656387   178.576111  79.652969
-132.785965   178.654404  79.839531
-132.906174   178.751877  80.008598
-132.971558   178.802841  80.115768
-133.054810   178.859238  80.232216
-133.214111   178.889511  80.347206
-133.374176   178.952698  80.472603
-133.479126   178.963440  80.546883
-133.647583   178.973389  80.677635
-133.699051   178.983871  80.738647
-133.736954   178.994171  80.802368
-133.791168   178.996964  80.861359
-133.854202   178.974396  80.916382
-133.928680   178.969940  80.975258
-134.005264   178.951172  81.028870
-134.068329   178.959793  81.094795
-134.097473   178.989105  81.143433
-134.122620   179.023956  81.191063
-134.138626   179.061188  81.227867
-134.157043   179.094742  81.261864
-134.159622   179.168839  81.317574
-134.175095   179.264008  81.377388
-134.198807   179.385544  81.454781
-134.214676   179.568298  81.606453
-134.195786   179.681900  81.668930
-134.187225   179.735397  81.716309
-134.182053   179.785461  81.759209
-134.176636   179.834427  81.795860
-134.157883   179.904449  81.829689
-134.142715   179.965149  81.859871
-134.120148   180.038635  81.901451
-134.110291   180.081802  81.935852
-134.105957   180.119629  81.970833
-134.106415   180.152161  82.002586
-134.100876   180.191864  82.029953
-134.100174   180.224396  82.049797
-134.104538   180.243637  82.068893
-134.108109   180.255569  82.081726
-134.101837   180.275635  82.094498
-134.093231   180.306580  82.113861
-134.091751   180.325317  82.131462
-134.096283   180.370941  82.163712
-134.084152   180.447678  82.201042
-134.077316   180.538956  82.249969
-134.070938   180.670547  82.330032
-134.076950   180.811569  82.460434
-134.130844   181.015945  82.631050
-134.229889   181.325775  82.813774
-134.289185   181.569397  82.927879
-134.468689   181.924210  83.077812
-134.684280   182.552338  83.393585
-134.736130   182.756592  83.478729
-134.857147   183.080170  83.621941
-134.962891   183.344711  83.728203
-135.049332   183.577682  83.806343
-135.127441   183.748535  83.865433
-135.198181   183.882645  83.911713
-135.259262   184.009018  83.912987
-135.297440   184.055496  83.874367
-135.314560   183.993805  83.794067
-135.327255   183.928024  83.764679
-135.350647   183.678635  83.662323
-135.422791   182.851395  83.458885
-135.480621   182.001938  83.169617
-135.664337   180.485382  82.676910
-135.722931   177.273102  81.841599
-135.624908   173.880219  80.965996
-135.544983   170.211075  80.069595
-135.480942   166.319778  79.084877
-135.313797   162.444260  78.150993
-134.760391   157.042480  77.232140
-134.048325   151.795288  76.187119
-133.094254   145.971634  75.388855
-131.939987   140.115311  74.204620
-130.723190   134.698669  73.268120
-129.527939   129.403534  72.403694
-128.406372   123.530701  71.885216
-127.178749   118.075829  70.914085
-125.541748   111.823807  70.653168
-124.368988   106.447006  70.435310
-122.847824   101.648186  70.851067
-121.182983   96.161682  71.274597
-120.295609   91.999275  71.463310
-119.367233   87.742828  71.860077
-118.514297   85.210167  71.746262
-117.672974   83.182381  71.733414
-116.752693   81.100082  71.864388
-115.391815   78.780334  71.959435
-114.602409   77.389931  72.015259
-114.291855   76.873894  72.081726
-114.291794   76.790306  72.299515
-114.233688   77.267715  72.385628
-114.327118   77.342789  72.488541
-114.797516   79.190765  72.730408
-115.375374   80.917755  72.700211
-116.409790   84.056679  72.766541
-117.708679   88.348114  72.687202
-118.760101   92.279137  72.603714
-119.840469   95.894020  72.148651
-121.113899   99.589432  71.967064
-122.924088   104.115189  72.259392
-124.452606   108.574738  72.604691
-125.859550   113.373810  73.165848
-127.394760   118.264183  73.690697
-128.880341   123.328644  74.487000
-130.056885   128.617096  75.290749
-131.596588   133.919449  76.337189
-132.693680   139.603043  76.950401
-134.212845   144.907562  78.147690
-135.633041   149.764084  79.180649
-137.657074   154.652222  80.320953
-139.652664   159.140610  81.230690
-141.118195   164.489182  82.612701
-142.700134   169.554916  83.934029
-143.543106   174.715561  85.177124
-144.248932   180.356293  86.679817
-144.991562   185.558701  87.454338
-145.645813   190.973419  88.851112
-145.922104   196.078140  89.655800
-145.528625   201.214813  90.733147
-145.395676   206.231339  92.023987
-144.803726   210.699448  92.826294
-143.751465   215.122864  93.595100
-142.528168   218.943985  94.101936
-141.239548   222.956757  94.687111
-139.490829   226.418106  95.099380
-137.691284   229.141678  95.016991
-135.684784   231.894516  94.776024
-133.439438   234.145096  94.515114
-131.282120   236.002319  94.319756
-128.657761   237.782715  93.931503
-125.928894   239.457031  93.264175
-123.227638   240.549362  92.878792
-120.513405   241.044540  91.997757
-117.457878   241.216125  91.032417
-114.376869   241.038803  90.070808
-111.159401   240.667450  89.506348
-108.427109   239.717606  88.562988
-105.880669   238.466751  87.700058
-103.589615   236.961349  86.495697
-101.963753   234.977829  85.073372
-100.331963   232.726791  83.839630
-98.936424   230.751129  82.847076
-97.475319   228.488220  81.936630
-96.322258   224.979385  80.807236
-95.645149   221.628387  79.776657
-95.310165   218.772675  79.452393
-95.617058   216.056458  78.870262
-96.094093   213.251572  78.328873
-96.729729   210.143112  78.335976
-97.649300   206.909073  78.492630
-98.647095   203.952820  78.703163
-99.790070   200.976944  78.427620
-101.257805   197.977234  78.570908
-102.896339   194.748505  78.826515
-104.752853   191.891602  79.045296
-107.095909   188.596771  79.069809
-109.113380   186.283173  79.268181
-111.315475   184.131226  79.922089
-113.568657   181.921097  80.402588
-115.994232   179.827438  81.000107
-118.433693   178.217484  81.791161
-120.887939   176.419388  82.222588
-123.120262   175.348114  82.737198
-125.008163   174.662079  83.007301
-126.842957   174.198563  83.690651
-128.745056   173.630173  84.623848
-130.191223   173.987839  85.406166
-131.686005   174.169662  86.319199
-133.087494   174.262253  87.113716
-134.453629   174.225403  87.898331
-135.427109   174.454437  88.469696
-135.950180   174.545395  88.790855
-136.297485   174.564850  88.986740
-136.847244   174.644958  89.331284
-137.742661   174.808197  89.917320
-137.947250   174.798248  90.042122
-138.120285   174.754227  90.210426
-138.225388   174.386551  90.052307
-138.150192   174.042542  89.908684
-137.840546   173.700867  89.885849
-137.370544   173.237000  89.711563
-136.659637   172.508377  89.363983
-134.741394   171.199768  88.889114
-133.329010   169.357468  88.130966
-132.098679   167.789001  87.418770
-130.433502   166.110779  87.072792
-127.981628   163.894119  86.608002
-125.817604   161.254089  85.595161
-124.434097   159.371811  84.704445
-122.038132   156.701920  83.785484
-119.768402   153.706528  82.586800
-117.013115   150.383835  81.571098
-114.150780   147.016083  80.849892
-111.132980   143.631958  80.156471
-108.401070   140.328735  79.312714
-105.481369   136.996735  78.582489
-102.450401   133.942673  78.317001
-99.575638   131.240005  77.761780
-97.148384   128.657074  77.160332
-94.470322   126.089348  76.700150
-92.258247   124.185448  76.321953
-89.890480   122.461006  76.056244
-87.390282   121.067657  75.891663
-85.089142   120.199440  75.912369
-83.037186   119.582001  75.768639
-80.992279   119.075577  75.314278
-79.124176   118.725822  74.798752
-77.915611   118.799934  74.566116
-76.006187   119.844612  74.228035
-74.626198   120.642151  73.946869
-73.721458   121.494957  73.604324
-72.880363   122.702675  73.455063
-72.085854   124.597916  73.240669
-71.443535   127.194878  73.022530
-70.953217   129.689621  73.042122
-70.438583   132.935516  73.202614
-70.242920   136.580582  73.493423
-70.269142   139.797104  73.742432
-70.460464   142.934845  73.995514
-70.495499   146.346161  74.294731
-70.969299   150.060120  74.704720
-71.504333   153.582855  75.046509
-72.122856   156.934158  75.278961
-72.806946   160.174026  75.464546
-73.206673   163.086761  75.671288
-73.943008   165.935226  75.847244
-74.776062   169.118423  76.124901
-75.442940   172.069733  76.362717
-76.110596   174.476044  76.453339
-76.609230   176.706329  76.685593
-77.198959   178.668121  76.928772
-77.521957   180.429871  77.170372
-77.895164   181.766464  77.442795
-78.133659   182.943665  77.696136
-78.233635   183.807098  77.854134
-78.395767   184.547546  78.006775
-78.537521   185.031891  78.121231
-78.691071   185.182312  78.140198
-78.752518   185.293701  78.168343
-78.801651   185.224060  78.170235
-78.897171   184.914642  78.123741
-79.102341   183.513901  78.049164
-79.167168   181.187485  77.967278
-79.075493   177.887787  77.687874
-79.077812   174.266891  77.633408
-78.467773   170.361877  77.549095
-77.602776   166.628464  77.231247
-76.722664   163.032394  76.977180
-75.784843   159.396576  76.697815
-74.353363   155.986176  77.360550
-72.840904   152.186157  77.744659
-71.737045   149.010406  77.749146
-70.832550   145.614792  77.323296
-69.833298   142.623718  76.922363
-68.598457   139.881271  76.803879
-67.394493   137.767029  76.698128
-65.823395   136.115799  76.568108
-64.168037   134.715332  76.385971
-63.040916   133.940964  76.263062
-61.886185   133.640594  76.177971
-60.459366   133.576004  76.072968
-58.952389   134.120331  76.044853
-57.377270   134.917923  75.803596
-56.059799   135.729919  75.570961
-54.772190   137.198410  75.346550
-53.761341   138.874100  75.228760
-53.007729   140.935486  75.183815
-52.140190   143.245956  74.779388
-51.419685   146.594498  74.429077
-50.920380   149.969711  74.107185
-50.653339   153.732269  73.983940
-50.655125   157.263748  74.104980
-50.862766   164.005219  74.219803
-51.308109   166.882294  74.162399
-52.003166   170.420074  74.124504
-52.474396   173.000977  73.966125
-52.910259   175.365005  73.932602
-53.701351   177.944870  73.476135
-54.117111   179.686951  73.260864
-54.704010   181.430450  73.362633
-54.901783   182.764801  73.416580
-55.121868   183.907776  73.450485
-55.245495   184.702713  73.469269
-55.390087   185.391754  73.505646
-55.600273   185.884583  73.473366
-55.695591   185.968323  73.285446
-55.930950   185.698929  72.945839
-56.063492   185.571396  72.843445
-56.128765   185.161530  72.762192
-56.135387   184.154541  72.828369
-56.025036   182.395294  73.012543
-55.687080   180.460220  73.183151
-55.164124   177.784714  73.241966
-53.460739   170.405457  73.352165
-52.208920   167.185394  73.631439
-51.364834   163.925827  73.818886
-50.400089   161.316315  73.713905
-45.601608   152.168625  73.488853
-44.775513   151.003494  73.521645
-42.667824   148.283295  73.463562
-40.926682   146.346130  73.231598
-40.479752   145.963638  73.160721
-38.599056   144.528503  72.780586
-36.687130   143.486710  72.328705
-36.104141   143.278671  72.170441
-33.520489   143.756042  71.508545
-32.499119   144.393906  71.188484
-31.490646   145.830475  71.045074
-29.558964   149.237808  70.348351
-28.894960   151.034821  70.050339
-27.948448   156.560165  69.452393
-28.154865   161.823471  70.238098
-28.127048   166.115906  70.147789
-28.174696   174.401703  70.486687
-27.761572   178.288788  70.953659
-27.389006   182.149307  71.266426
-27.016293   186.653915  71.283058
-26.685263   190.360825  71.301132
-24.801619   202.214050  72.508682
-24.137478   204.899780  72.651855
-23.162577   207.362885  72.693703
-22.109268   209.772842  72.760300
-20.762039   212.012680  72.960037
-19.101490   214.376450  73.125732
-18.982691   214.521088  73.146446
-16.367247   216.712952  73.222946
-15.500186   217.358582  73.272179
-14.554502   218.185272  73.198898
-13.668243   218.605453  73.026894
-12.722396   218.863098  72.944679
-12.135052   218.972427  72.905273
-11.542517   218.884399  72.843918
-10.944642   218.704208  72.860992
-10.558649   218.584198  72.903893
-10.315578   218.502441  72.943733
-10.198984   218.459091  72.995651
-10.170407   218.469681  73.032303
-10.207177   218.503708  73.104080
-10.362260   218.609406  73.328331
-10.697474   218.782593  73.617844
-11.309060   219.009506  74.121422
-12.067282   219.277130  74.583374
-13.229584   219.743988  75.269524
-14.727317   220.176758  76.036568
-16.624283   220.760757  77.009811
-18.304869   221.037277  77.934708
-20.164494   221.799973  79.168152
-21.850832   222.163376  80.118279
-23.638077   222.472763  81.054970
-25.365204   222.732162  81.882256
-27.350761   222.118622  82.766617
-29.224665   221.701569  83.580627
-31.005301   221.202927  84.316971
-32.884838   220.279343  85.073730
-34.574215   218.964737  85.715187
-36.525665   216.797012  86.727570
-37.808083   215.370331  87.255333
-39.425602   212.628036  87.307022
-40.556217   210.172974  87.332283
-41.587318   206.546417  87.415611
-42.439865   202.511627  88.023315
-43.260662   198.117081  88.187561
-43.661266   194.626190  88.249107
-43.439571   190.514221  88.875298
-42.990807   187.360870  89.256271
-41.852650   182.312225  89.497398
-41.469975   180.252411  89.766853
-39.784481   175.797928  89.894646
-38.443199   171.967255  89.945137
-36.472244   167.861526  89.693291
-34.407066   163.231674  88.728157
-32.402000   159.479568  88.261719
-30.965773   157.200455  87.804131
-28.869617   154.667847  86.916061
-26.297548   151.075760  84.469063
-23.922308   148.984390  83.423401
-21.528921   147.848969  82.770370
-19.563438   147.143112  82.277481
-17.278524   146.630112  81.730850
-14.767251   146.582443  81.070534
-12.640590   146.953888  80.447929
-10.733041   147.459152  79.676208
-8.841843   148.563675  78.890915
-7.109588   150.207275  77.916489
-5.541777   152.423065  77.391449
-4.048137   155.703400  76.900810
-2.711824   159.193939  76.570694
-1.565297   163.596725  76.223404
-0.401090   168.416153  76.117889
0.537400   173.439713  76.169495
1.095840   178.818268  76.499168
1.627704   184.247818  76.271484
1.811211   190.019058  76.016151
2.050046   195.927292  76.157761
2.308980   202.306046  76.694054
2.278044   208.123932  76.866562
2.067201   214.257919  78.501457
1.931156   220.413010  79.147423
1.754087   226.812988  79.082512
1.074463   232.327515  79.427063
0.523647   238.494232  79.362610
0.270421   243.753311  79.522758
0.207881   249.379929  79.519615
-0.159452   254.641373  79.996521
-0.452267   259.173309  80.203735
-1.015630   263.927032  80.665688
-1.822661   269.649536  81.972595
-2.431205   273.405914  82.877754
-2.853116   276.806213  83.592407
-3.240141   280.293488  84.399529
-3.595168   284.404236  85.045143
-3.892802   287.985535  85.996742
-4.042779   290.567139  86.812851
-4.148046   292.093567  87.333626
-4.313215   293.539276  87.824051
-4.816545   295.178497  88.335045
-5.132443   295.797302  88.324387
-5.563452   296.437317  88.158043
-5.817953   296.835754  88.059570
-5.804665   296.699066  87.671753
-5.816875   296.194458  87.178802
-5.835736   295.552673  86.800636
-5.889607   293.275787  85.672012
-5.672850   288.549530  83.674385
-5.322035   282.048492  81.289490
-4.867223   274.811493  78.929779
-4.582654   267.993958  77.304153
-3.818509   262.128601  76.370071
-3.051090   255.543549  75.674225
-1.776999   249.695175  74.864014
-0.787193   243.206100  73.841461
0.211011   236.300232  72.885170
1.504027   229.706284  72.082260
2.363014   222.969315  71.243721
3.573643   216.587112  70.614296
5.171298   210.207901  70.511497
6.511923   203.998352  70.116386
7.429489   197.738327  70.019768
8.652212   191.607498  69.783211
9.712407   186.311813  69.812401
11.057976   180.970673  69.889748
12.313375   176.610687  70.124283
13.548190   172.181992  70.495392
14.339581   167.952454  70.722382
15.582104   164.249023  71.156227
16.691645   161.211349  71.377579
17.591852   158.412018  71.471954
18.011578   155.962814  71.709496
18.420162   153.815521  71.860489
18.677423   152.055862  72.018425
19.000837   150.721649  71.846977
19.101742   149.796890  71.765175
19.171583   149.152924  71.724892
19.221287   148.766968  71.681793
19.223822   148.660828  71.647873
19.255981   148.775711  71.574638
19.253351   149.462601  71.375381
19.241034   151.003693  71.065582
18.825850   153.050079  70.866333
18.530258   155.736450  70.926750
18.004173   158.827591  71.116959
17.250563   162.327957  70.722885
16.892164   165.809860  70.750458
16.211624   170.299652  71.062279
15.675642   174.679535  71.682373
15.199475   178.899475  71.571999
14.916075   182.454224  71.520355
14.863281   186.807571  71.343964
14.784265   191.708038  71.695625
15.035260   196.296906  72.241867
15.321223   200.288254  73.006203
15.430970   203.527771  73.661842
15.696136   207.083481  74.360390
16.137491   211.511581  74.662392
16.952806   214.705200  75.000504
17.382702   216.748367  75.160858
17.853289   218.323425  75.319870
18.502094   220.074936  75.478897
19.344793   221.654282  75.473869
20.457260   222.765167  75.522270
21.276764   223.441589  75.579376
22.013519   223.769547  75.582611
22.952032   223.851227  75.541679
24.051081   223.577179  75.365044
25.166071   223.108368  75.146301
26.342260   222.197113  74.935356
27.684982   220.639664  74.421494
28.793333   218.741974  74.197609
29.956953   216.381058  73.939476
30.962805   213.983307  73.545601
31.805084   210.904495  73.242149
33.007057   207.829773  73.322723
33.706013   204.182480  73.388779
34.502529   200.756042  73.552856
35.082355   197.554764  73.743309
35.665588   194.404709  73.963966
36.433571   191.152725  73.924545
37.157047   187.616531  74.248093
37.812183   184.139862  74.414436
38.560055   180.632324  74.763542
39.390484   177.458923  75.132530
40.161320   174.320206  75.448624
40.862301   171.399567  75.976036
41.770531   168.878403  76.435707
42.957024   166.769928  76.681908
43.837078   164.181442  77.027702
44.726887   162.305069  77.219887
45.470886   160.834122  77.377205
46.246407   159.544540  77.550995
46.940132   158.505936  77.729446
47.635784   157.809097  77.811317
48.272877   157.321899  77.858147
48.919922   157.109940  77.742859
49.603741   157.070282  77.650917
50.209362   157.126144  77.547897
50.849564   157.508575  77.539307
51.665596   158.184616  77.281700
52.845581   159.764771  76.706741
53.661945   161.788605  76.175713
54.221199   163.664993  75.815041
54.854805   166.041672  75.101028
55.304516   169.095093  74.712288
55.844807   175.994904  73.840897
55.718151   178.990082  73.375320
55.543488   182.396729  73.326622
55.236237   185.404724  73.418304
55.213188   191.591034  73.104515
54.882759   194.029861  73.050117
54.539360   201.176346  72.977959
54.024475   203.795914  73.064064
53.223331   207.779877  73.642235
52.691536   209.897644  73.772209
52.061703   213.055984  73.079262
50.258709   214.603058  72.390282
49.942703   214.792923  72.298698
49.555794   214.394150  72.351616
49.324448   214.036224  72.398132
48.763157   212.758179  72.462021
48.306824   211.001144  72.475548
47.985813   208.200775  72.283089
47.795788   205.107758  71.903404
47.834728   202.116241  71.801666
48.559742   194.759247  71.579727
49.249493   191.082809  71.861794
50.278149   187.327118  72.157669
51.473843   182.665726  72.348076
54.973408   172.173660  72.031097
56.192669   168.496307  71.655052
58.614319   162.629990  71.313736
59.663460   160.121857  71.102379
62.035431   155.399033  70.536209
63.316624   153.709579  70.377808
65.365051   152.071320  70.000954
66.029228   151.547516  69.878311
67.650322   151.546082  69.230408
68.372818   151.715454  68.953354
69.710152   152.574631  68.096687
70.794449   153.847183  67.449837
73.024246   158.909653  66.609093
73.712456   161.583298  66.397469
74.428314   165.708267  66.125847
74.945473   170.032394  65.838531
74.931908   174.751846  65.827866
74.643303   186.052094  66.718300
74.078880   189.953583  66.995125
72.499527   201.235168  68.328941
71.158035   204.540695  68.698120
65.572411   221.565720  71.734856
63.269215   225.656662  72.879791
58.220848   234.727692  75.646614
55.353626   238.152618  76.569656
52.185009   241.956955  77.445465
48.700863   244.808868  78.196266
45.234165   246.941437  79.022758
36.336582   250.464478  81.475800
32.684017   251.058273  82.156700
22.591274   250.913330  82.342094
18.236673   249.877991  82.559372
12.577434   247.716583  83.026558
0.487895   242.009445  82.527679
-4.029805   237.564835  83.511299
-13.310785   226.706848  84.867111
-16.008282   223.297119  85.268616
-19.008211   213.856293  85.105133
-19.176157   210.217056  85.020042
-15.046079   200.538727  85.464607
-12.077910   197.261475  86.568085
-7.387118   194.060760  87.705536
-2.849119   192.193314  88.274681
3.746051   189.925552  88.045349
19.197105   186.119644  86.922592
25.912951   184.545532  86.968544
41.382576   180.332642  86.330009
47.283535   178.712250  86.163681
57.614204   174.901779  86.772972
60.417618   173.913330  86.817566
62.134800   171.251724  87.119194
62.108585   169.961182  87.289185
58.626499   166.343323  87.868149
55.382252   164.007156  88.273552
44.364326   156.998016  89.412277
39.182076   153.718018  90.527161
33.565041   150.165390  91.449509
28.834703   146.400665  92.375542
24.728819   142.726227  93.050545
19.086632   135.768845  93.872734
17.676762   133.521118  94.176262
16.865910   129.104965  94.605560
17.707285   127.172241  94.306267
18.971996   126.253441  93.916801
21.848269   125.408707  93.258080
25.778511   124.479843  91.204208
35.111130   124.468033  88.429008
39.330078   124.742210  87.386703
49.613174   125.520454  83.578400
53.240910   125.713448  82.692146
60.883236   126.533913  81.944046
63.954338   126.769005  81.751198
67.211205   126.637566  80.848808
71.958313   125.927727  79.996353
73.417404   125.543167  79.533783
74.477608   124.909050  79.018860
75.068756   124.195503  78.664734
75.044159   123.848938  78.392723
74.732040   123.294312  77.985725
70.044243   123.319244  77.234062
68.753174   123.664780  77.213791
66.382393   124.835442  77.378807
64.011620   126.516930  77.632103
61.811764   128.588135  78.231194
57.537487   133.674561  79.103096
55.802189   136.119873  79.494339
53.720039   139.122360  80.031029
50.015949   145.854736  81.381027
48.582317   149.679321  82.279114
46.039890   156.514236  83.467140
43.791351   165.224197  85.498497
42.724045   168.308472  86.106506
40.804081   177.396515  87.158997
39.963192   180.765259  88.403648
38.125141   187.171951  90.161797
37.423042   190.347168  90.591545
36.350246   196.735107  91.269783
35.720966   198.832184  91.442535
35.161911   200.431046  91.448959
34.635216   201.686615  91.199677
33.735130   203.774124  89.526604
33.322487   204.540756  88.112503
33.079300   205.200256  86.153290
32.786469   205.332001  84.453781
32.518780   205.723785  80.750435
32.327255   205.552551  77.647423
32.029545   205.284882  74.526878
31.875883   204.932587  70.432350
31.940241   204.759506  69.218513
32.054188   204.387970  66.679749
32.144497   204.239197  65.038010
32.889027   203.870728  61.556393
33.121460   203.727371  60.409702
33.414257   203.558990  59.311794
33.533508   203.319244  57.996582
33.810810   203.069336  56.816906
34.189747   202.464706  54.803177
34.502064   202.233566  53.863419
34.965134   201.919556  52.400787
35.196404   201.796082  51.518120
35.411274   201.649918  50.780819
35.480705   201.599854  50.539150
35.548550   201.545120  50.287399
35.598255   201.505325  50.095871
35.620300   201.455704  49.913418
35.612019   201.400406  49.691853
35.602345   201.359299  49.567989
35.544785   201.256485  49.334881
35.504803   201.210190  49.231525
35.446590   201.151733  49.088509
35.409668   201.149399  49.025440
35.365540   201.147385  48.950237
35.348991   201.159714  48.900093
35.328415   201.164932  48.829510
35.313606   201.171219  48.786316
35.285526   201.196854  48.729591
35.268112   201.214798  48.706848
35.257339   201.247070  48.680714
35.245739   201.296219  48.646584
35.236374   201.337753  48.608196
35.197647   201.407974  48.553741
35.174038   201.444565  48.532635
35.124031   201.507248  48.500618
