-87.864029   201.120224  -66.669876
-87.641350   200.618835  -66.668610
-87.502739   200.380829  -66.703522
-87.082909   199.835968  -66.792892
-86.961098   199.663834  -66.829109
-86.708176   199.340881  -66.926765
-86.425827   199.040634  -67.055779
-86.109810   198.651901  -67.289452
-85.877350   198.313919  -67.468742
-85.708328   198.058624  -67.612816
-85.579079   197.863892  -67.722267
-85.478394   197.710846  -67.807594
-85.396088   197.584366  -67.880257
-85.299904   197.465317  -67.938942
-85.221260   197.364563  -67.988152
-85.107048   197.272995  -68.035431
-85.009529   197.189926  -68.075424
-84.928490   197.117752  -68.109291
-84.849205   197.036179  -68.154152
-84.783752   196.948166  -68.203102
-84.731804   196.860504  -68.245399
-84.684334   196.748276  -68.276665
-84.630020   196.598373  -68.318947
-84.581932   196.473984  -68.354820
-84.485588   195.962296  -68.532753
-84.429031   195.572662  -68.712669
-84.367714   195.342499  -68.861900
-84.335442   195.182053  -69.025604
-84.335510   195.177002  -69.196426
-84.326050   195.220230  -69.283707
-84.331436   195.230011  -69.370766
-84.326881   195.208847  -69.450363
-84.309639   195.182449  -69.520905
-84.299072   195.145889  -69.579292
-84.272858   195.110077  -69.614731
-84.249931   195.079681  -69.646500
-84.225403   195.061584  -69.675423
-84.201035   195.050629  -69.701660
-84.176010   195.036301  -69.739532
-84.153801   195.016602  -69.773430
-84.117882   194.987015  -69.822754
-84.085381   194.967758  -69.867165
-84.055183   194.939743  -69.931587
-84.029686   194.927734  -69.987511
-83.963783   194.893982  -70.211021
-83.909256   194.883698  -70.399529
-83.810112   194.881348  -70.603371
-83.710403   194.893921  -70.795479
-83.628784   194.913147  -70.966469
-83.569946   194.983765  -71.191223
-83.505234   195.076035  -71.401779
-83.444328   195.340820  -71.613640
-83.382248   195.593979  -71.771057
-83.364059   195.784561  -71.908165
-83.338829   195.928726  -72.013702
-83.329628   196.011093  -72.097908
-83.321503   196.055588  -72.138512
-83.338150   196.061142  -72.153748
-83.357964   196.061203  -72.167404
-83.369125   196.081894  -72.179527
-83.395226   196.128189  -72.194351
-83.404243   196.180359  -72.207436
-83.419823   196.246597  -72.218491
-83.456955   196.381439  -72.229057
-83.485817   196.634033  -72.225632
-83.534645   197.123718  -72.213799
-83.587143   198.308212  -72.268761
-83.581131   199.566956  -72.097321
-83.524094   201.268509  -71.869270
-83.603745   204.078232  -71.496849
-83.554398   207.142700  -71.063225
-83.857811   210.476303  -70.455078
-84.361336   213.327957  -69.645798
-85.062828   217.108063  -68.793472
-85.994095   220.968079  -68.345047
-86.376701   222.552185  -68.453461
-86.662971   223.488892  -68.517311
-87.157043   224.690735  -68.284103
-87.593292   225.291260  -68.471863
-88.173492   225.476547  -68.736954
-88.877899   224.487503  -69.379982
-89.465508   221.969666  -70.866478
-90.385605   217.168686  -72.691185
-91.429298   211.134460  -74.669525
-92.743805   204.588791  -76.401260
-93.824059   197.559860  -77.820770
-94.989967   189.858551  -79.263428
-95.935226   182.692047  -80.063805
-96.560913   176.386139  -80.445374
-97.076157   170.802643  -80.254944
-97.367493   166.131912  -79.772041
-97.491470   162.523132  -79.173882
-97.584290   160.022354  -78.583176
-97.590050   158.417633  -78.026985
-97.695160   157.787308  -77.280159
-97.762825   158.339005  -76.343040
-97.751770   160.888321  -75.062431
-97.511368   164.270523  -74.198715
-97.144691   168.436783  -73.679726
-96.576843   173.225403  -73.192154
-95.969788   178.878448  -72.516502
-95.125618   184.924728  -71.937454
-92.916977   194.420700  -74.646767
-92.011673   201.620331  -75.056198
-90.541763   206.221344  -75.495995
-89.445412   209.141891  -75.479034
-88.473824   211.383484  -75.379066
-87.655197   212.965469  -75.342468
-86.858177   213.984680  -75.449738
-85.752945   214.761810  -75.510880
-84.187859   214.857498  -75.847847
-83.387459   214.837280  -76.058594
-82.856133   214.272842  -76.385384
-82.620094   213.164139  -76.739380
-82.727776   210.954636  -77.174866
-83.517632   207.589722  -77.576889
-89.347031   194.209732  -78.216515
-91.043724   191.570969  -77.514397
-93.029030   189.138290  -76.122742
-94.486839   187.205978  -74.825699
-95.640045   185.996460  -73.751114
-96.214058   185.483200  -73.107155
-96.595200   185.613358  -72.266548
-96.655579   185.815018  -71.573410
-96.493950   186.036026  -71.081703
-95.989311   186.187164  -70.510399
-95.494644   186.431000  -70.206772
-94.873787   186.633316  -70.000969
-93.559593   186.336838  -69.777283
-92.016075   185.890366  -69.865135
-89.931801   184.930435  -70.378708
-87.370117   183.782028  -71.193657
-85.003319   182.427399  -72.027313
-82.438133   180.583862  -72.961578
-80.180740   178.314026  -73.825623
-78.087845   175.541016  -74.681602
-76.066605   172.782120  -75.499359
-74.047218   170.544846  -76.085136
-72.072716   169.325180  -76.555771
-69.915726   168.931702  -77.184212
-67.620262   169.539108  -78.043228
-65.488205   171.183365  -79.077362
-63.657108   173.571289  -79.953850
-62.320797   176.199310  -80.471123
-61.480251   179.738297  -80.912727
-61.102905   182.995300  -81.212166
-60.797630   187.863998  -82.192406
-61.009071   190.732895  -82.319870
-61.466156   192.413025  -82.154709
-62.382019   194.713013  -81.532990
-63.337917   195.892838  -80.975388
-64.270966   196.964554  -80.428345
-65.143784   198.941513  -78.146950
-65.936554   199.550674  -77.271416
-66.480141   199.728134  -76.933929
-67.048523   199.781815  -76.661423
-67.566940   199.626175  -76.535629
-68.017715   199.306061  -76.452415
-68.273590   198.857651  -76.462257
-68.465210   198.212616  -76.524956
-68.532761   196.748108  -76.789398
-68.211998   194.761200  -77.266945
-67.379242   192.728958  -77.896233
-65.992981   191.031967  -78.644066
-64.062851   190.260178  -79.496452
-61.755390   190.021942  -80.321724
-59.168262   190.418137  -81.256042
-57.053139   191.523071  -82.358337
-55.221638   192.519409  -83.127686
-53.765030   193.715942  -83.786720
-52.561745   194.954086  -84.297707
-51.548344   196.167175  -84.699173
-50.617638   197.218246  -85.008812
-49.829742   198.180908  -85.292488
-49.127605   198.825729  -85.526672
-48.583515   199.044601  -85.763405
-48.061230   198.741730  -86.072540
-47.325554   198.098419  -86.472008
-46.598045   197.191528  -86.876793
-45.706581   195.456558  -87.445755
-44.761971   192.995621  -88.028267
-43.777752   189.254654  -88.724869
-42.746708   184.815521  -89.398140
-41.470886   180.063919  -89.928513
-40.237732   176.189667  -90.181473
-38.918312   173.477737  -90.262260
-37.511948   171.365234  -90.411415
-36.172825   170.414337  -90.706223
-34.736515   170.767975  -90.988319
-33.388901   172.109818  -91.297707
-32.118439   174.231400  -91.434471
-31.122509   176.886902  -91.475327
-30.287409   180.159103  -91.558502
-29.624538   183.589539  -91.592438
-29.235434   187.295578  -91.519127
-28.809944   190.886276  -91.411461
-28.386326   194.159332  -91.504578
-28.133638   196.603394  -91.525818
-27.963806   198.320450  -91.534752
-27.826078   199.876984  -91.491447
-27.729126   201.092392  -91.445549
-27.665199   201.822266  -91.424187
-27.648083   202.118210  -91.417824
-27.672018   202.186676  -91.412689
-27.660007   202.168381  -91.411217
-27.552593   201.707840  -91.510658
-27.344606   200.281464  -91.896355
-26.813189   197.595093  -92.577057
-25.855721   193.435532  -93.542931
-24.224180   188.945404  -94.737503
-22.014395   184.200729  -96.124939
-19.632364   180.791687  -97.010384
-17.046921   178.463913  -97.718597
-14.405717   177.289474  -98.391457
-11.765162   177.580673  -99.028099
-9.160835   179.143555  -99.603317
-6.682022   181.931046  -100.284622
-4.332644   185.318695  -101.135376
-2.416892   189.570526  -101.451744
-1.103524   193.015076  -101.238556
-0.411867   195.819305  -100.974167
-0.279896   198.698242  -100.629829
-0.763893   201.538589  -100.079315
-1.448823   203.540527  -99.557381
-2.396589   205.322754  -99.065453
-3.566457   206.947830  -98.464867
-4.765800   208.295273  -97.887383
-6.006661   209.229294  -97.172752
-6.727200   209.727814  -96.768196
-7.114213   209.990570  -96.456398
-7.420050   209.685440  -95.590820
-7.113685   209.295334  -95.084961
-6.243576   208.496246  -94.997482
-4.683503   207.320816  -95.146004
-2.152005   205.617340  -95.433296
0.679754   203.470032  -95.799324
2.986645   200.628738  -96.189751
4.469206   197.314590  -96.619698
5.302537   193.174515  -97.307396
5.383270   189.018539  -97.658791
4.900186   185.464783  -97.713921
2.558085   182.206558  -97.104546
2.140640   181.484055  -96.978966
1.770103   180.764786  -96.826302
1.537225   180.128677  -96.614792
1.539431   179.698654  -96.416748
1.971485   179.676239  -96.314278
3.204701   180.628326  -96.439247
5.028753   182.043045  -96.758240
7.536579   184.381836  -97.439728
10.376777   187.766190  -98.167107
13.245798   190.942947  -98.611679
15.848611   195.417709  -98.817619
18.405132   200.749695  -98.766327
20.535772   206.481339  -98.445000
22.662447   214.260071  -97.861755
23.889706   226.989319  -95.318108
23.359959   232.785980  -94.356728
21.839485   236.148529  -93.689445
20.132740   237.978806  -93.221817
18.619080   239.838333  -92.394066
17.626617   242.025940  -91.337311
16.848351   243.409821  -90.617577
16.537746   244.897141  -89.821930
16.121614   246.515518  -89.158936
15.808784   247.230392  -88.895363
15.730957   247.156677  -88.968956
15.654378   246.309723  -89.451912
15.722281   244.353577  -90.540344
15.923669   240.301880  -92.598793
16.418793   234.708054  -95.199097
17.235064   227.951965  -97.932243
18.605894   220.892212  -100.066307
20.208508   213.353104  -101.609970
22.054131   205.239029  -103.149712
23.571842   198.539764  -103.686737
24.544737   193.389999  -103.657990
25.181063   189.644470  -103.338203
25.522041   187.265656  -103.021149
25.770193   185.861221  -102.828926
25.833437   185.336456  -102.710144
25.749832   185.661011  -102.616898
25.632776   186.551788  -102.506256
25.433449   187.946075  -102.316071
25.147940   189.862793  -102.046478
24.978624   192.830872  -101.626671
25.105947   196.331024  -101.168510
25.701586   199.573929  -100.788223
26.693672   202.213058  -100.507042
28.065601   204.415115  -100.389977
29.649460   206.258896  -100.514343
31.510113   207.789719  -100.707382
33.608753   208.667435  -100.801109
35.362339   208.776749  -100.996796
36.774033   208.047165  -101.300667
37.994133   206.910782  -101.732826
39.161564   205.307541  -102.174942
40.188629   203.104233  -102.693298
42.401508   197.134720  -103.414360
43.650311   194.279541  -103.534073
44.964718   192.652130  -103.563560
46.105236   192.306915  -103.734489
46.942719   193.452316  -104.020615
47.398125   195.427490  -104.262657
47.644791   198.193359  -104.308449
47.783108   200.756256  -104.282784
47.992416   203.769180  -104.111526
48.323566   206.779663  -103.851799
48.653309   210.074142  -103.510971
49.059971   212.454620  -103.090881
49.559410   214.749329  -102.692154
50.187737   216.660904  -102.207893
50.932091   218.077957  -101.823029
51.757305   218.994308  -101.671677
52.653240   219.388885  -101.611740
53.635052   219.226730  -101.582901
54.895943   218.390335  -101.539612
56.365906   217.196701  -101.610123
57.826416   215.471420  -101.779587
59.062901   213.262726  -101.993843
60.212769   210.383545  -102.455559
61.246819   207.415314  -102.783241
62.162090   204.783279  -102.865318
63.123642   202.586227  -102.864601
63.882561   201.471634  -102.919258
64.438133   201.290985  -102.976555
64.880043   202.344772  -102.931694
65.274551   204.119553  -102.945541
65.652519   206.403137  -102.906517
65.779648   208.402481  -102.860954
66.099701   210.923431  -102.767609
66.481903   213.206711  -102.517967
66.856544   215.230362  -102.297089
67.493675   217.287796  -102.064163
68.091370   219.152283  -101.749840
68.661156   220.153000  -101.518944
69.252403   220.652451  -101.384514
69.978409   220.934052  -101.374290
70.939072   220.378601  -101.863510
72.320976   219.361496  -102.592224
73.856750   217.862671  -103.193314
75.870148   215.177444  -103.860153
78.219978   211.613800  -104.407143
80.578094   208.343658  -104.852028
83.100754   205.337967  -105.341873
85.499046   203.269379  -105.658707
87.394188   202.510910  -105.780136
89.135674   202.658066  -105.732727
90.623566   203.536331  -105.681007
92.086563   205.407104  -105.590836
93.671692   207.708359  -105.379707
94.914505   210.439392  -105.100296
95.492516   213.633377  -104.617294
95.272385   216.855682  -103.818092
94.608925   220.281876  -102.841766
93.216248   223.809784  -101.470421
90.921570   226.843094  -100.243286
88.263702   229.289352  -99.027367
85.649071   231.034027  -98.125061
82.952972   231.864746  -97.212906
80.340157   231.715454  -96.345024
78.342010   230.934296  -95.897499
77.020905   229.916565  -95.702209
75.684074   227.383820  -95.964867
75.676857   215.433029  -96.388588
76.132408   212.218765  -96.483009
77.019394   208.403656  -96.613235
78.290802   204.799896  -96.601479
79.658775   202.209045  -96.618416
80.960968   200.899658  -96.561356
82.266235   200.868042  -96.644417
83.477814   201.986008  -96.723549
84.570313   204.373840  -96.933159
85.551178   207.201340  -96.971100
86.505516   210.134949  -96.872162
87.665413   213.308289  -96.592941
88.649902   216.165634  -96.405464
89.608231   219.140778  -95.987358
90.640366   222.296768  -95.368835
91.416046   224.662048  -94.878159
92.014519   226.332443  -94.542824
92.418938   227.414413  -94.322250
93.329697   227.905014  -94.077911
94.561729   227.603455  -93.897934
96.148979   225.749268  -94.125778
98.241219   221.946121  -94.536270
100.724876   216.224030  -95.259499
103.776955   209.062241  -96.340477
107.363167   202.394409  -97.445091
110.550011   197.891235  -97.896385
113.165131   195.419571  -98.204308
115.033966   194.330750  -98.486473
116.429688   194.799866  -98.848351
117.600319   196.517014  -98.970863
118.469635   198.967941  -99.006416
118.888779   201.369339  -98.594894
119.097763   204.373703  -97.913094
118.831924   209.359283  -96.314140
117.569084   214.746857  -93.794327
116.344322   220.151627  -90.665543
114.697083   224.456726  -87.838524
112.205559   227.756439  -84.499329
108.947952   230.027222  -80.962669
105.608360   231.106613  -79.049828
101.841698   231.855988  -77.587830
96.674232   231.352463  -75.041283
91.069626   230.271942  -71.373604
84.861534   228.496964  -67.253143
78.039742   225.871902  -63.978710
70.675697   223.045868  -61.189106
63.151321   219.400101  -58.158752
55.876957   215.812683  -55.299892
49.039948   212.147018  -52.550900
42.720196   209.091827  -49.977875
36.900059   205.677185  -47.523331
31.374195   202.815369  -45.850105
14.799443   190.055420  -46.811604
13.007977   188.954239  -47.775928
11.326083   188.786896  -47.905281
8.964660   187.971924  -48.033760
5.907778   185.486832  -49.228653
1.950630   182.800705  -50.163639
-1.452005   178.358597  -49.232437
-4.126424   174.432556  -48.295399
-5.621561   169.925156  -48.847931
-6.806934   163.214828  -49.984818
-7.567925   154.753189  -51.601967
-7.221348   143.798050  -53.611786
-6.682347   132.475464  -54.420132
-5.418036   119.569122  -54.252247
-4.684386   109.978371  -53.341808
-4.168668   103.261459  -51.728615
-3.517419   97.034073  -50.903702
-3.313386   93.072479  -49.700577
-3.319228   91.415543  -49.092491
-3.345771   91.200790  -48.995014
-3.586166   92.161484  -49.478252
-3.911162   95.093071  -50.497837
-4.430959   99.723175  -51.629799
-5.196534   106.481995  -52.952702
-5.619308   113.950493  -54.050552
-5.892158   121.487572  -54.711918
-5.729730   128.194366  -55.446800
-4.793067   133.410950  -56.215916
-3.237849   138.064011  -57.389175
-1.225950   141.951874  -58.754757
0.959401   144.495056  -59.892056
3.390115   145.714722  -61.067005
5.722264   145.501053  -63.238953
7.433445   145.159698  -64.809372
8.990163   143.571915  -66.398773
9.966728   141.500839  -66.802734
11.185782   138.508026  -66.895935
12.811836   133.270248  -66.446518
14.608150   127.041718  -65.682220
16.110874   121.042870  -64.696144
17.291855   116.406960  -63.762905
18.103668   113.238800  -62.935551
18.750835   110.965202  -62.279041
19.180250   110.038986  -61.892284
19.365282   111.037018  -61.450932
19.364916   111.052872  -61.451065
19.275942   113.374710  -61.510750
19.247101   116.872849  -61.635189
19.228086   121.278923  -61.717422
19.189156   126.074791  -61.773705
19.226261   131.371704  -61.727272
19.355064   136.082825  -61.470695
19.637993   140.772446  -61.120544
20.010538   144.660995  -61.138119
20.302765   147.816879  -61.071705
20.843674   150.455032  -61.049694
21.509548   152.657166  -61.026352
22.139805   154.118423  -60.996834
22.643080   154.980988  -61.001385
23.239891   155.214539  -60.904381
23.794371   154.539917  -60.903629
24.387743   152.533066  -61.014172
25.201424   149.034286  -61.271389
26.268064   144.224579  -61.639622
28.165564   137.679855  -62.135788
30.594547   129.579941  -62.961880
33.073090   121.504456  -63.040752
35.577469   114.851707  -62.567455
38.158985   109.773354  -61.975574
40.291145   106.635056  -61.550610
41.901043   105.438820  -61.655178
43.500095   106.266113  -62.293461
45.244190   109.404556  -63.242241
48.899734   128.450928  -67.019524
49.358913   132.883392  -67.226799
49.760334   137.714157  -67.151779
49.768555   142.036331  -66.764900
49.448277   145.527679  -66.333900
49.082439   148.167252  -65.930870
48.546749   149.879776  -65.518555
41.811844   110.405037  -44.123158
41.397781   95.097824  -35.634800
40.614887   105.961311  -45.562260
39.775158   110.137177  -50.702934
39.421017   111.798347  -53.374416
39.702579   110.914886  -54.369465
42.615677   115.502823  -55.462887
45.378017   116.196037  -56.036842
52.293526   113.793823  -57.659527
53.708309   113.069420  -58.268669
55.119602   112.327164  -59.146488
56.172192   112.370811  -59.778526
57.601681   113.876709  -60.732365
58.477577   114.859406  -61.296108
59.384048   117.911926  -62.085239
59.944851   121.257317  -62.914726
57.204609   125.424561  -64.785461
54.738541   130.997421  -65.255188
52.755596   134.377167  -64.924698
50.708221   136.691986  -64.257965
48.342991   138.173630  -63.377914
45.818333   139.636856  -62.289501
44.559109   140.244049  -61.462429
41.927753   139.718323  -60.258511
39.179462   138.313293  -58.651104
37.586613   137.462189  -57.615387
42.781841   154.721420  -56.592037
42.086021   152.699539  -56.462425
42.156094   149.500931  -56.714996
42.494808   145.846039  -56.757172
44.213402   141.270142  -56.740303
46.303314   137.171097  -56.582485
48.477737   134.564835  -56.752052
50.652126   134.338013  -57.275547
53.111584   136.951141  -58.444366
56.260685   142.186447  -59.001591
58.761600   148.716141  -58.597164
59.508080   155.521561  -58.779194
59.785381   162.895126  -59.021999
59.504856   170.214401  -57.782078
59.221527   177.058426  -56.753899
59.034405   183.401398  -55.986336
59.584431   190.046829  -56.022491
59.232029   195.748322  -54.947224
58.465080   199.552551  -53.881306
77.069244   200.391846  -66.267166
74.375160   214.290970  -62.213017
66.398483   215.688400  -57.912746
61.590202   214.369217  -56.247326
59.661182   212.968811  -56.255943
58.907051   211.514633  -56.692230
58.124779   208.987213  -57.662472
57.288128   204.325165  -59.507076
57.183411   196.041107  -62.804325
58.044285   184.771866  -66.516762
59.665428   172.468170  -70.314262
61.640213   160.149124  -72.252998
63.491699   149.136856  -72.893623
64.916374   140.863083  -72.430206
65.973106   136.015686  -71.996140
66.723610   134.146164  -72.033623
67.093079   134.124863  -72.150101
67.404007   135.912079  -72.439964
67.796875   139.257401  -72.840126
68.101494   143.596756  -73.100746
68.579529   148.417099  -73.142982
69.265747   152.794678  -73.118965
70.096619   157.673691  -72.823494
71.116325   161.593323  -72.529243
72.099648   164.573334  -72.299477
73.075027   167.006805  -72.069351
74.106178   168.648727  -72.042816
75.321144   169.729431  -72.068558
76.741699   169.989151  -72.179214
78.669861   169.428680  -72.362869
81.363342   167.562714  -73.067459
84.661163   164.492371  -73.647987
88.153198   160.542679  -73.996536
91.443169   157.017578  -73.939903
94.810921   154.759293  -73.883667
97.731636   154.419357  -73.913795
100.351212   155.916901  -74.047295
102.780769   158.944946  -74.127625
105.043541   163.647049  -74.356781
106.583534   168.233612  -74.451813
107.283363   173.081711  -74.435097
107.160194   177.184967  -74.358589
106.375687   180.274963  -73.901703
105.167938   182.625244  -73.527588
103.365959   185.154205  -73.018044
101.187737   187.157608  -72.506302
98.533112   188.316406  -71.698914
96.644127   188.746017  -71.213455
95.055046   188.031708  -70.969978
93.657463   186.104080  -70.852753
92.684532   183.499130  -70.897026
91.923439   180.029022  -70.984398
91.278053   175.342697  -70.976997
91.138596   169.453903  -70.814598
91.333504   164.040237  -70.275780
91.697617   160.167343  -69.631485
92.042786   157.985474  -68.991508
92.386467   157.306854  -68.560669
92.672394   157.690231  -68.462700
93.294022   159.584366  -68.561295
93.620239   162.731689  -68.785080
93.983002   166.387512  -69.128075
94.283813   169.189667  -69.139183
94.802773   171.237228  -69.189774
95.096428   172.859741  -69.238037
95.680649   174.097733  -68.988853
96.446213   174.890732  -68.835114
97.446609   175.340958  -68.770676
98.901108   175.219620  -68.735710
100.562355   174.569473  -68.652283
102.772888   172.898239  -68.534058
109.449471   163.815918  -68.394859
111.020813   161.720825  -68.382141
112.501183   159.632217  -68.272804
113.603386   158.695602  -68.148811
114.332634   158.973862  -68.153870
114.703278   161.054001  -68.576210
113.991158   164.743027  -68.940811
113.129646   169.135147  -68.957069
112.225517   173.744827  -69.184204
111.153854   178.737122  -69.345833
110.859947   184.047699  -69.016716
111.181679   189.077911  -68.184372
112.696068   194.482040  -66.977829
114.577675   198.296280  -66.524643
116.599411   201.880066  -66.073929
118.675362   204.191925  -65.879784
121.020828   205.833221  -65.945839
123.219391   206.167145  -66.255188
125.009224   205.641235  -66.622963
126.647049   204.204407  -67.319893
128.166733   201.736526  -68.163734
129.580276   198.250000  -69.074524
130.759460   192.995621  -70.559578
131.615814   187.331329  -71.887634
132.157440   182.828323  -72.492577
132.324066   180.200623  -72.664932
132.028839   178.987045  -72.810310
131.382980   179.833862  -73.911148
129.521683   182.826019  -74.305382
127.423714   187.809158  -74.594887
125.673599   194.880798  -74.376930
124.205399   201.945465  -73.371445
123.702904   209.143539  -72.636925
124.320503   216.644730  -70.590660
124.881531   221.781128  -68.981544
125.806099   225.665497  -67.626854
128.086502   228.991043  -66.535355
131.033966   231.519928  -65.536072
134.625381   232.848969  -64.821945
139.396210   232.779221  -64.554726
145.052994   230.603104  -65.459122
150.430008   225.386551  -67.686737
155.628372   217.641953  -70.866920
160.431625   208.946533  -74.083961
165.049973   197.891220  -77.371727
168.594345   185.898956  -79.137184
172.250153   173.305939  -81.941917
174.783203   162.231171  -82.431122
176.113678   154.573135  -82.416443
177.819839   149.925125  -82.395515
178.443665   147.448547  -82.351089
178.481232   146.256088  -81.953125
178.456848   145.513931  -81.604408
178.293121   145.183258  -81.347969
176.805664   147.555481  -80.985603
173.304291   151.232986  -80.240471
167.884750   155.358948  -78.618233
162.390579   160.556793  -76.368149
155.839172   165.492783  -72.515892
147.728195   170.058090  -68.357162
138.581650   172.519516  -63.788185
128.907013   173.383224  -58.258541
118.272263   171.819977  -52.408657
106.768265   168.403412  -45.821793
95.182045   162.950821  -39.901455
83.256966   154.696350  -33.246181
71.834251   144.702499  -26.334660
61.363869   132.794968  -19.284948
53.988590   120.631699  -13.401503
51.139763   110.285812  -9.503961
51.867279   101.342522  -7.786193
53.857006   93.884483  -8.094489
58.018547   88.782837  -10.091877
64.389984   85.426041  -14.037483
72.867363   84.331230  -20.109133
84.661102   84.821953  -27.876638
98.282875   88.769379  -36.509232
112.859230   93.757309  -44.234138
129.584625   99.964729  -50.009239
145.883514   106.574104  -55.506866
162.223022   113.581383  -61.995361
180.381271   120.728035  -67.673477
194.888702   125.531914  -71.343216
