-40.388775  140.638641  -17.619503
-40.380505  140.619629  -17.605953
-40.352047  140.582169  -17.569305
-40.398075  140.749710  -17.605398
-40.395756  140.745789  -17.604300
-40.350338  140.682648  -17.577085
-40.337257  140.664139  -17.569048
-40.314320  140.632111  -17.557686
-40.292164  140.598373  -17.549896
-40.264355  140.564316  -17.541845
-40.227551  140.520004  -17.528978
-40.209530  140.494583  -17.520948
-40.228577  140.576706  -17.521034
-40.233253  140.588287  -17.513683
-40.230148  140.594406  -17.505548
-40.227806  140.594299  -17.501118
-40.250103  140.685608  -17.557032
-40.263046  140.770111  -17.609394
-40.262840  140.838318  -17.657955
-40.260643  140.899765  -17.699810
-40.252937  140.897156  -17.710310
-40.250431  140.892883  -17.713894
-40.246483  140.885162  -17.717836
-40.246742  141.003250  -17.752104
-40.248688  141.096786  -17.779442
-40.247765  141.154327  -17.800552
-40.254707  141.168076  -17.812740
-40.260586  141.354721  -17.801102
-40.265663  141.472610  -17.788614
-40.274384  141.514450  -17.778679
-40.288414  141.594482  -17.799032
-40.302589  141.631882  -17.808769
-40.298370  141.609467  -17.825098
-40.298172  141.575821  -17.841385
-40.301483  141.529770  -17.851782
-40.314098  141.486206  -17.855030
-40.323910  141.449936  -17.856030
-40.332447  141.411102  -17.856625
-40.342068  141.371735  -17.857866
-40.351570  141.334122  -17.862289
-40.365173  141.277023  -17.872469
-40.354450  141.203461  -17.894005
-40.351009  141.159424  -17.897530
-40.340954  141.126312  -17.876198
-40.339123  141.103699  -17.843847
-40.340073  141.090622  -17.799393
-40.330654  141.044510  -17.732094
-40.320728  140.995163  -17.665419
-40.178524  140.606262  -17.586308
-40.065495  140.272171  -17.510965
-39.983116  139.981613  -17.409233
-39.887035  139.727097  -17.344988
-39.810879  139.538300  -17.299438
-39.742882  139.399124  -17.270967
-39.687180  139.298889  -17.250546
-39.606628  139.173965  -17.215530
-39.540874  139.107056  -17.207567
-39.484692  139.089432  -17.212013
-39.439865  139.108276  -17.221708
-39.396233  139.145218  -17.238478
-39.354286  139.153534  -17.257019
-39.323360  139.175888  -17.275795
-39.299881  139.226990  -17.293434
-39.276684  139.307098  -17.310385
-39.255615  139.409821  -17.326082
-39.244102  139.515930  -17.338230
-39.228859  139.638062  -17.349216
-39.211014  139.771744  -17.358509
-39.198021  139.905090  -17.363655
-39.219593  139.862976  -17.645742
-39.242233  139.828110  -17.882690
-39.250374  139.824829  -18.073257
-39.251575  139.830795  -18.233173
-39.243919  139.859344  -18.368090
-39.231697  139.916977  -18.488121
-39.214855  140.001434  -18.594719
-39.190758  140.073441  -18.626907
-39.158695  140.181030  -18.651882
-39.106140  140.333176  -18.619629
-39.038185  140.516449  -18.589106
-38.929073  140.777847  -18.492182
-38.845325  141.064926  -18.511568
-38.748211  141.518829  -18.574957
-38.628273  142.151108  -18.634121
-38.368679  142.838242  -18.982307
-38.079426  143.683777  -19.315239
-37.733189  144.978775  -19.756460
-37.325890  146.048889  -20.234091
-36.958107  147.248383  -20.866234
-36.571823  148.341873  -21.444447
-36.208164  149.476242  -21.936852
-35.853874  150.591217  -22.130823
-35.642441  152.363419  -22.822279
-35.292839  154.229706  -23.775261
-34.982742  155.771652  -24.158218
-34.557987  157.606995  -24.585527
-34.046604  159.253632  -25.003592
-33.617554  160.938828  -25.710583
-33.084476  163.026260  -27.279924
-32.728462  164.330933  -28.137848
-32.506145  165.202805  -28.618183
-32.433453  166.607681  -30.214413
-32.399670  167.812027  -31.791809
-32.567169  168.466583  -33.056873
-32.719418  168.804092  -34.448051
-33.524086  166.950363  -38.380859
-33.701862  166.223312  -39.507015
-34.114582  164.951111  -40.811459
-34.704887  163.068237  -42.070400
-35.520218  160.687454  -43.234680
-36.697250  157.816650  -44.116009
-38.149147  154.244843  -44.722050
-39.938377  150.086075  -44.996098
-41.926147  145.714417  -45.104557
-44.124340  141.017426  -44.956261
-46.674786  136.083832  -42.547810
-49.491009  130.921371  -41.596172
-52.090450  126.425293  -39.619972
-54.455036  122.073547  -38.451511
-56.820683  118.098808  -37.422775
-59.203514  114.535278  -35.840473
-61.520809  111.288918  -34.742405
-63.414864  108.852394  -33.751595
-65.026993  107.007195  -32.865047
-66.321991  105.545731  -32.222546
-67.424500  104.703766  -31.504446
-68.349602  104.111519  -31.016687
-69.123695  103.808891  -30.810427
-69.872940  103.756538  -30.845896
-70.517654  104.171730  -30.816147
-70.862671  104.677589  -30.462503
-71.167130  105.239700  -30.329048
-71.393654  105.768280  -30.270021
-71.559700  106.352501  -30.288549
-71.936775  107.990791  -30.609022
-72.361603  110.546150  -31.420906
-72.366379  112.493080  -31.676950
-72.298187  114.496223  -32.345291
-72.076607  116.147346  -32.844810
-71.297821  117.984543  -32.803947
-70.926430  118.867966  -33.305416
-70.236053  119.764725  -34.122303
-69.502724  120.223953  -34.789513
-68.785126  120.266594  -35.218025
-67.893501  120.094826  -35.574669
-66.827629  119.479942  -36.171337
-65.332771  118.415619  -36.586052
-63.594124  116.881241  -36.893116
-61.644192  114.979279  -37.120735
-59.731033  112.620667  -37.277218
-57.606754  110.050613  -37.231712
-55.376015  107.419495  -37.117901
-53.013672  105.201683  -36.849731
-50.466530  103.210068  -36.545429
-47.927090  101.718102  -36.416080
-45.478287  100.675079  -36.231617
-42.869743  99.946182  -36.231960
-40.234116  99.586914  -36.240841
-37.611538  99.563339  -36.302525
-34.805908  99.975418  -36.195522
-32.260513  100.686661  -36.516098
-29.721960  101.819908  -37.207554
-27.584364  103.017998  -37.818115
-25.622286  104.596954  -38.551422
-23.748444  106.151276  -39.287777
-22.123281  108.008774  -39.985085
-20.584631  110.158684  -40.767872
-19.257469  112.325684  -41.436977
-18.137478  114.644951  -42.103855
-17.296503  116.830772  -42.603981
-16.607475  119.651695  -43.527000
-16.179140  122.668655  -44.502487
-16.086557  125.622719  -45.378361
-16.358559  128.353729  -46.061081
-16.864943  131.231491  -46.943886
-17.771646  134.188446  -48.066093
-18.786495  136.917297  -49.189140
-19.920483  139.092361  -49.848587
-21.301517  141.226364  -50.558811
-22.885363  143.150925  -51.122444
-24.554102  144.881805  -51.755783
-26.587809  146.531387  -52.731979
-28.774191  147.745850  -53.493729
-30.965851  148.654099  -53.979309
-33.345032  149.382431  -54.383450
-35.788349  149.757416  -54.545368
-38.270313  149.833725  -54.616520
-40.932594  149.562347  -54.785160
-43.564014  149.037308  -54.874043
-45.999256  148.354187  -54.610161
-48.388374  147.566437  -54.300964
-50.516140  146.545151  -53.978161
-52.539341  145.304749  -53.583687
-54.465431  143.928986  -53.243095
-55.966549  142.462540  -53.006927
-57.231075  140.943558  -52.779888
-58.338860  139.203262  -52.577595
-59.208656  137.289185  -52.315670
-59.761227  135.594864  -52.052616
-59.914635  133.884491  -51.754917
-59.637302  132.098419  -51.368481
-59.049294  130.500061  -51.036522
-58.051762  129.005142  -50.903671
-56.805321  127.792091  -50.849396
-55.075130  126.633324  -51.002491
-53.044239  125.730392  -51.166687
-50.713047  124.994728  -51.592167
-48.128006  124.502998  -52.253429
-45.451180  124.366058  -52.958374
-42.751705  124.471504  -53.721542
-39.963161  124.792519  -54.579693
-37.136417  125.227768  -55.443428
-34.398125  125.880898  -56.269737
-31.741493  126.642876  -57.074173
-29.266283  127.484322  -57.794216
-26.920858  128.733246  -58.666687
-24.791142  129.838242  -59.385368
-22.800171  131.302734  -60.073689
-21.017143  132.654007  -60.581573
-18.044882  136.127457  -61.533802
-16.914572  137.505524  -61.835037
-15.875056  138.874832  -62.061611
-14.957224  140.447754  -62.231800
-14.225722  141.694427  -62.346851
-13.619064  142.536118  -62.423439
-13.167789  143.081955  -62.487324
-12.844945  143.626968  -62.534641
-12.602573  144.108459  -62.571026
-12.406141  144.556473  -62.553459
-12.368030  144.606628  -62.544865
-12.315635  144.560867  -62.524994
-12.281754  144.343414  -62.480408
-12.233374  143.571304  -62.318542
-12.266265  142.435349  -62.170250
-12.315990  140.424438  -61.909847
-12.474779  137.305054  -61.307297
-12.809575  133.445663  -60.412075
-13.216461  129.351807  -59.503250
-13.721256  125.181091  -58.604168
-14.242998  120.668762  -57.534378
-15.001818  116.281387  -56.014778
-15.781400  112.077393  -54.477772
-16.380592  108.368599  -52.781418
-17.309109  104.676018  -51.123287
-18.255568  101.538231  -49.617256
-19.303591  98.803062  -48.087109
-20.388840  96.539673  -46.613316
-21.902658  94.383530  -45.185356
-23.275362  92.802353  -43.956467
-25.100155  91.171295  -42.794445
-26.765465  90.071747  -41.678684
-28.436623  89.174637  -40.742256
-30.227634  88.346664  -39.945923
-31.897463  87.793571  -39.417408
-33.548409  87.771240  -38.851913
-34.835194  87.994820  -38.600735
-35.831860  88.413963  -38.617691
-36.812847  88.769493  -39.061867
-37.697903  89.153458  -39.463436
-38.301338  89.497688  -39.874168
-38.696320  89.854103  -40.393776
-38.908268  90.188454  -41.098640
-39.011761  90.504585  -41.659931
-38.897156  90.807457  -42.304150
-38.575153  91.147774  -42.997871
-38.115055  91.534142  -43.671886
-37.535427  91.991585  -44.288616
-36.755222  92.530403  -44.895733
-35.636497  93.162231  -45.605087
-34.133301  93.783455  -46.328049
-32.275097  94.495918  -47.340839
-30.482981  95.192574  -48.172615
-28.780985  95.934479  -48.703716
-27.037399  96.728401  -49.231472
-25.406326  97.617744  -49.663364
-23.771322  98.557411  -49.975216
-22.204937  99.573647  -50.283203
-20.689257  100.836357  -50.472530
-19.255358  102.123871  -50.670887
-17.902847  103.521400  -50.904686
-16.602146  105.060371  -51.202839
-15.314265  106.799477  -51.591625
-14.162624  108.636833  -52.088543
-13.171273  110.465637  -52.530437
-12.302908  112.456078  -52.919537
-11.629185  114.539131  -53.331631
-11.048779  116.814003  -53.822536
-10.637607  119.082237  -54.327557
-10.403601  121.023216  -54.692123
-10.293635  122.818474  -54.958622
-10.309332  124.699036  -55.189194
-10.520408  126.621613  -55.291752
-10.942294  128.405792  -55.354919
-11.543113  130.091263  -55.394413
-12.283840  131.557495  -55.369385
-13.203303  133.086349  -55.308018
-14.315536  134.356552  -55.207603
-15.606185  135.353180  -55.028435
-16.999458  136.076050  -54.786835
-18.462702  136.601654  -54.534672
-20.018290  136.918137  -54.320412
-21.544182  137.004547  -54.067959
-23.069914  136.738800  -53.817791
-24.611086  136.263931  -53.577892
-26.042894  135.361359  -53.304623
-27.468590  134.132660  -53.089741
-29.882324  130.688156  -52.716183
-30.818792  128.982117  -52.513325
-31.640259  126.914574  -52.035957
-32.188236  125.199791  -51.563400
-32.551792  123.426552  -51.117996
-32.494415  121.655907  -50.057259
-32.214119  120.317841  -49.504311
-31.731869  119.407837  -49.305008
-31.137835  118.759666  -49.219833
-30.220131  118.399193  -49.270706
-29.008366  118.266075  -49.393471
-27.603287  118.421150  -49.664948
-26.159468  118.791603  -50.027885
-24.664534  119.330978  -50.382252
-23.239447  120.019241  -50.711163
-21.891521  120.761406  -51.043911
-20.653475  121.656616  -51.378826
-19.551365  122.713966  -51.739548
-18.604555  123.710457  -52.103592
-17.834633  124.608154  -52.433018
-17.265438  125.359406  -52.683525
-16.874681  125.954094  -52.883972
-16.571636  126.408661  -53.034775
-16.385954  126.672699  -53.124760
-16.269390  126.803932  -53.178631
-16.210907  126.843788  -53.203732
-16.197214  126.787697  -53.205521
-16.230162  126.572426  -53.179890
-16.334963  126.046288  -53.003757
-16.463238  125.301094  -52.715145
-16.601046  124.398499  -52.433548
-16.719902  123.329330  -52.113861
-16.776522  122.130943  -51.732677
-16.744833  120.951447  -51.376850
-16.639029  119.831566  -51.047794
-16.370268  118.881149  -50.758938
-15.943010  118.092178  -50.525677
-15.421113  117.525154  -50.423885
-14.719753  117.108025  -50.415264
-13.894124  116.848579  -50.491058
-12.836686  116.855728  -50.695557
-11.618928  117.045006  -51.074989
-10.370989  117.336464  -51.513485
-9.037224  117.896645  -52.217377
-7.670707  118.712051  -52.986580
-6.415500  119.917435  -53.771347
-3.972645  124.915573  -55.274994
-3.504706  126.336281  -55.577942
-2.931707  128.723083  -55.892605
-2.426868  131.394257  -56.237789
-1.970179  133.786240  -56.747204
-1.640221  135.432007  -57.096687
-1.456287  136.662094  -57.339504
-1.375633  137.676865  -57.501747
-1.398071  138.568619  -57.601818
-1.465297  139.553635  -57.707535
-1.785822  140.537308  -57.771320
-2.138691  141.265533  -57.832348
-2.563628  141.701691  -57.942802
-2.915806  141.774521  -58.040672
-3.367113  141.648880  -58.146622
-3.872453  141.306259  -58.250271
-4.380445  140.671371  -58.361473
-4.884305  139.781448  -58.406807
-5.365160  138.598312  -58.416695
-5.887766  137.096161  -58.357861
-6.508279  135.064117  -58.198990
-7.139789  132.619812  -57.874142
-7.675098  130.085159  -57.396618
-7.995204  127.822685  -56.887074
-8.117217  125.665421  -56.365841
-8.031833  123.719345  -55.870636
-7.652533  122.015884  -55.424328
-7.095512  120.621315  -55.073898
-6.379576  119.602226  -54.821774
-5.474517  118.942230  -54.734859
-4.406841  118.556381  -54.793205
-3.165231  118.435509  -54.951508
4.091495  121.918251  -57.016327
5.275234  123.087845  -57.453247
6.604052  124.748512  -58.022987
7.702618  126.633339  -58.602299
8.633203  128.599854  -59.104706
9.294375  130.333633  -59.480335
9.686807  132.758865  -59.785389
9.760147  133.908096  -59.915661
9.704786  135.331192  -60.043594
9.577782  136.195251  -60.047955
9.376204  136.804321  -60.015545
8.905075  137.459793  -59.988926
8.304822  138.050293  -59.973488
7.734450  138.007294  -59.909237
7.008487  137.907364  -59.854576
6.240461  137.630371  -59.765381
5.492571  136.965912  -59.721779
4.755388  136.230057  -59.687920
4.045419  135.341797  -59.644573
3.362788  134.283142  -59.558315
2.722790  133.000198  -59.408665
2.217870  131.632248  -59.237061
1.845782  130.242584  -59.035686
1.596301  128.943222  -58.841854
1.531624  127.675323  -58.671623
1.678490  126.592567  -58.535786
2.044263  125.597809  -58.447193
2.647478  124.897987  -58.405197
3.511923  124.322174  -58.390675
4.532143  123.975975  -58.423672
5.609328  123.836876  -58.465599
6.689322  123.866325  -58.502888
7.718494  124.040543  -58.528862
8.585871  124.311264  -58.507561
9.302900  124.795654  -58.434090
9.916245  125.460838  -58.340149
10.446598  126.422813  -58.144726
11.008474  127.834229  -57.784786
11.412253  129.412430  -57.354660
11.671842  131.451416  -56.776146
11.653812  133.747101  -56.023075
11.404426  136.735336  -55.058762
11.065053  139.445374  -54.124001
10.729622  141.686188  -53.369774
10.386015  143.818924  -52.695713
10.086243  145.883057  -52.090302
9.793442  147.599960  -51.606926
9.540450  148.882858  -51.316399
9.366403  149.974930  -51.195583
9.178743  150.947311  -51.126991
8.999257  151.701004  -51.171734
8.828250  151.969849  -51.445313
8.462895  152.272171  -52.311626
8.060272  152.334381  -53.280739
7.609614  152.156921  -54.364731
7.214447  151.657303  -55.314625
6.813336  151.027420  -56.186878
6.277509  150.514267  -56.948486
5.713031  150.270996  -57.443188
5.156184  150.112213  -57.669319
4.564236  150.070145  -57.747711
3.771237  150.072891  -57.674553
2.702176  150.157913  -57.435333
1.343221  150.362076  -57.005070
-0.266880  150.567841  -56.300056
-2.056119  150.914398  -55.512325
-4.077846  151.260910  -54.442677
-6.132910  151.667862  -53.115940
-8.437120  151.920471  -51.729622
-10.781218  152.046692  -50.333954
-13.450989  151.860550  -48.737976
-16.125492  151.498779  -47.454258
-19.226507  150.989532  -45.769215
-22.263323  150.098389  -44.357567
-25.175785  148.812302  -43.069927
-28.073826  147.608170  -41.968807
-30.861765  146.036652  -40.912647
-33.260696  144.509796  -39.967224
-35.469933  143.066925  -39.085987
-37.397072  141.904968  -38.367474
-38.848099  141.101242  -37.823605
-40.039944  140.644760  -37.487762
-41.022709  140.412048  -37.377525
-41.883141  140.319427  -37.517307
-42.382454  140.482712  -37.696323
-42.652958  140.591080  -37.877510
-42.832630  140.586945  -38.117393
-42.891586  140.616364  -38.483208
-41.716808  140.389130  -40.573467
-41.018341  140.282623  -41.582310
-39.789349  140.137650  -43.015190
-38.391548  139.939056  -44.316257
-37.010853  139.794510  -45.328285
-35.459160  139.515106  -46.341705
-33.741707  139.256973  -47.253464
-31.924614  138.983444  -48.168880
-29.932119  138.743637  -49.080448
-28.034140  138.603485  -49.827209
-26.186279  138.478622  -50.502621
-24.463238  138.381454  -51.094593
-22.791006  138.316574  -51.839546
-21.291107  138.221176  -52.473873
-19.924232  138.147308  -53.000202
-18.657488  138.168213  -53.463314
-17.465446  138.207352  -53.888531
-16.408211  138.234177  -54.265862
-15.466359  138.274048  -54.575356
-14.638040  138.330475  -54.824879
-13.902809  138.392303  -55.019535
-13.265361  138.506180  -55.199192
-12.766232  138.632858  -55.337078
-12.357614  138.765350  -55.440872
-11.994367  138.915268  -55.537567
-11.703967  139.035416  -55.614315
-11.468904  139.134552  -55.673965
-11.259601  139.215759  -55.722198
-11.086583  139.291809  -55.763084
-10.945223  139.341019  -55.795902
-10.836611  139.370529  -55.820633
-10.753509  139.386078  -55.837654
-10.688671  139.399734  -55.851551
-10.640288  139.412292  -55.861401
-10.605328  139.420273  -55.866600
-10.583131  139.434280  -55.869541
-10.566526  139.443893  -55.871315
-10.553453  139.450119  -55.871399
-10.540800  139.454666  -55.869289
-10.535312  139.451920  -55.866283
-10.531664  139.436096  -55.862000
-10.535600  139.409683  -55.855732
-10.542262  139.360123  -55.846676
-10.552549  139.287277  -55.835609
