-71.038376   248.099976  59.720348
-71.019012   248.196442  59.752964
-71.011314   248.237991  59.769180
-70.997116   248.273041  59.785526
-70.991936   248.344894  59.748417
-71.019005   248.426147  59.803177
-71.086403   248.540054  59.865055
-71.073586   248.633804  59.971607
-71.082039   248.734619  60.015537
-71.050163   248.804672  60.068584
-70.985413   248.889450  60.158100
-70.891220   248.958710  60.259819
-70.762527   248.996216  60.368217
-70.629860   248.921555  60.399414
-70.479057   248.888123  60.460541
-70.397217   248.876877  60.478771
-70.331108   248.873627  60.496037
-70.236504   248.840729  60.536438
-70.141998   248.791016  60.577415
-70.057175   248.707489  60.614128
-69.979919   248.621033  60.648251
-69.919418   248.538544  60.679024
-69.862366   248.483231  60.702003
-69.843636   248.491470  60.695683
-69.785851   248.491653  60.769810
-69.715157   248.479080  60.845802
-69.683128   248.462585  60.847038
-69.646744   248.424759  60.861839
-69.612762   248.402283  60.874100
-69.572182   248.378036  60.881802
-69.546944   248.355865  60.886051
-69.532372   248.341660  60.870457
-69.534889   248.373505  60.728767
-69.541664   248.353210  60.669704
-69.573112   248.253601  60.546482
-69.659378   247.008743  60.253254
-69.871681   245.476517  59.953720
-70.374504   243.919952  59.639755
-71.255501   241.312286  58.762890
-72.238228   238.832550  57.675442
-73.129807   234.092743  56.917240
-75.198021   229.420166  55.820782
-77.229134   225.279510  54.729660
-79.841179   220.071014  53.169342
-82.376587   214.573257  52.040127
-84.759903   209.174316  50.952675
-86.915710   204.069061  50.616566
-89.102013   199.098984  49.773270
-91.210274   193.950684  48.681156
-93.170952   187.956543  48.085594
-95.384193   182.151016  46.993950
-97.786560   176.702164  46.008797
-99.972328   172.167603  45.939121
-101.774353   168.201691  46.179764
-102.958389   164.969864  47.034584
-103.901505   162.643677  47.651344
-104.357208   160.779449  48.048447
-104.593254   160.099167  48.194733
-104.689774   159.776428  48.253361
-104.759171   159.651306  48.343895
-104.833977   159.876205  48.707340
-104.677780   160.581665  48.981949
-103.928535   163.101715  49.331341
-102.652122   166.509293  49.707329
-101.177292   171.622742  48.838085
-99.031517   175.793671  48.552471
-96.544876   180.328415  48.388546
-93.575607   183.783081  48.220772
-90.465080   186.532135  47.572376
-87.294479   188.473831  47.296997
-84.784698   189.385101  46.586998
-81.841469   189.626434  45.892349
-78.875053   189.726227  45.153641
-75.528473   188.946304  44.337341
-72.398178   188.130753  42.332863
-69.116257   187.194351  40.519127
-66.158058   186.618301  39.118885
-63.445442   186.339722  37.986908
-60.599358   186.360779  36.930264
-58.266373   186.611038  36.432266
-55.822884   187.212357  35.923031
-53.188484   188.119400  35.689133
-51.020489   189.723434  35.620129
-49.088951   191.379257  35.886940
-47.403267   194.297546  35.834698
-45.585865   198.086334  36.836044
-44.289124   202.281906  38.432785
-42.992180   206.696304  40.100548
-42.337902   211.847412  41.481369
-42.092270   217.320221  43.197346
-41.984840   222.146240  45.734947
-42.182800   227.023132  48.766544
-42.928413   231.761581  51.469021
-43.681187   236.414688  54.277962
-44.682602   240.659546  56.168274
-45.911575   244.587265  58.428776
-47.162098   248.311203  60.750874
-48.711235   252.229370  62.718826
-50.005596   254.400284  65.107864
-51.542641   256.241943  66.888428
-53.139355   257.791016  68.603516
-54.763809   258.855530  69.934998
-56.831120   259.654938  71.578705
-59.205582   260.256683  72.877914
-61.787754   260.259857  73.710808
-64.612190   259.613892  74.190788
-67.723045   258.500244  74.605927
-70.933281   256.537140  75.190804
-74.007576   254.274658  75.344849
-76.920197   251.905228  75.134705
-80.018250   249.102478  75.488045
-83.052299   246.079208  75.284698
-85.672920   243.173843  75.328842
-88.034615   239.906784  75.276169
-90.077812   237.149689  75.190987
-92.140953   233.553314  75.187111
-94.040756   230.023697  75.084549
-95.688705   227.007187  75.290054
-97.282608   224.074539  74.744270
-98.735809   220.823288  74.408951
-100.008873   217.187378  74.280327
-101.212502   213.676056  73.792992
-103.623329   202.503799  72.056564
-103.895485   199.753555  71.898529
-104.242203   196.394180  71.430016
-104.464394   193.236923  70.276169
-104.885399   189.828476  68.793495
-105.131897   186.419037  67.064911
-104.823486   182.725723  65.551582
-104.149979   179.321884  64.491798
-102.943039   176.792969  64.010406
-101.566521   174.984360  63.380383
-100.005875   173.728973  63.155052
-98.125671   172.794968  62.682728
-95.966118   172.391281  62.449814
-93.887459   172.337433  62.065239
-91.908737   172.425095  61.566872
-89.121773   173.189163  61.159485
-86.308769   174.176514  60.504116
-83.767853   175.164169  59.707813
-81.056671   176.257431  59.594669
-77.670105   177.841721  60.487762
-74.607040   179.845001  60.983456
-71.573784   181.673035  59.701183
-68.449188   184.207825  59.113811
-65.841568   187.053741  59.562958
-63.464981   190.190201  60.590290
-60.824310   193.712494  62.036316
-58.108994   197.413620  62.564556
-55.882244   200.700378  63.138451
-54.002083   204.370880  64.038383
-51.901211   208.085587  64.782143
-50.199581   211.670837  65.215286
-48.591236   214.597794  66.153900
-47.475254   216.546310  66.746918
-45.920364   219.639069  67.568291
-45.155926   221.226837  68.221130
-44.492535   222.714630  68.892471
-44.145550   223.742691  69.361221
-43.688251   225.238083  70.313637
-43.329037   226.342819  70.826195
-43.035530   227.354233  71.408600
-42.831589   227.932907  71.770981
-42.657066   228.517227  72.126686
-42.626835   228.796188  72.201500
-42.600555   228.959076  72.422867
-42.690033   228.873901  72.641792
-42.771107   228.767273  72.685242
-42.851025   228.674561  72.677864
-42.975227   228.519516  72.650162
-43.414345   227.769867  72.547470
-43.784630   227.173080  72.498093
-44.172997   226.008026  72.330887
-44.860909   224.204803  71.957718
-45.226490   222.730057  71.754936
-45.542679   221.436508  71.289139
-46.095535   219.281204  70.219872
-46.414192   217.955826  69.561928
-46.890270   216.626480  69.198090
-47.338505   215.178650  68.723259
-48.040802   213.182678  68.121864
-48.453487   212.037094  67.826393
-48.875061   211.034195  67.641769
-49.560356   209.669403  67.505135
-49.986347   208.885635  67.539749
-50.913723   207.660751  67.590736
-51.688679   206.580978  67.665550
-52.196098   205.649719  67.742874
-52.564434   204.543198  67.805397
-52.648277   203.915680  67.801292
-52.631184   203.488312  67.802963
-52.228840   202.705292  67.748512
-51.752968   202.240158  67.716415
-50.470791   201.396439  67.557617
-49.608845   200.994431  67.374695
-48.541386   200.575546  66.968094
-46.572147   199.524429  65.664368
-45.443932   199.036621  65.034653
-43.765148   198.244980  64.269028
-42.653484   197.794724  63.840412
-40.320156   196.985947  63.189213
-38.652512   196.531158  62.831154
-37.033581   196.329987  62.357460
-34.848511   196.124588  61.659851
-33.605560   196.032684  61.265354
-31.646811   196.167969  60.393948
-30.567078   196.187622  60.123928
-28.335621   196.311752  59.676216
-27.058920   196.494171  59.580235
-24.969208   196.978424  60.171124
-23.985415   197.468109  60.385010
-22.489674   198.928314  60.422428
-21.798658   199.718613  60.579006
-20.633690   201.469101  60.752487
-20.187412   202.652512  60.799610
-19.268291   205.086487  61.025047
-18.988958   206.440674  61.310593
-18.657276   208.387192  61.875504
-18.472063   209.566086  62.323254
-18.300549   211.814392  62.776390
-18.226515   213.045334  63.088409
-18.193584   214.926270  63.609993
-18.185207   215.829361  64.037628
-18.255024   217.698868  65.176544
-18.300007   218.751358  65.766335
-18.188793   221.406601  67.345161
-18.380978   222.215088  68.000404
-18.457378   222.761703  68.563362
-18.573458   223.899963  69.645058
-18.773775   224.554916  70.132698
-19.046471   225.496582  70.835617
-19.354679   226.058960  71.279594
-20.249563   227.480011  72.369110
-20.983583   228.580338  73.435158
-21.222931   228.864502  73.759048
-21.547222   229.253159  74.213821
-21.992872   229.780701  74.800797
-22.215950   230.103806  75.181747
-22.443230   230.492416  75.627960
-22.660433   231.089706  75.542610
-22.740170   231.253967  75.588272
-22.842310   231.445221  75.699883
-22.913357   231.399017  75.551605
-22.971333   231.217850  75.567535
-23.179729   230.880829  75.632813
-23.346218   230.346573  75.662842
-23.718706   229.373581  75.335838
-25.060980   226.423141  74.403687
-25.399044   225.444366  74.121910
-26.450319   221.650940  73.562149
-26.817585   220.000946  73.413635
-26.800175   216.721848  72.041939
-26.449942   214.892746  71.600693
-25.764431   212.521988  70.822639
-25.275188   211.249847  69.988174
-23.784996   208.953796  69.760468
-22.577854   207.009018  68.929054
-20.604248   204.334015  68.790565
-19.060940   202.144791  67.712341
-18.368439   200.786163  67.116127
-17.586794   199.214340  66.333565
-16.946318   197.866119  65.746681
-16.537523   196.910156  65.132202
-15.573158   194.572357  64.971535
-14.988098   193.552155  64.413185
-14.368566   191.900269  63.184120
-13.959828   190.772003  62.418095
-13.675912   189.827560  61.816162
-13.516861   188.201050  61.295731
-13.346303   186.824081  60.833672
-13.338146   185.632629  60.526451
-13.555712   183.864044  60.078648
-13.747111   182.600067  59.618214
-14.127227   181.355942  59.233353
-14.973742   179.272919  58.672199
-15.597558   178.020920  58.462658
-16.334749   176.959763  58.405613
-17.449089   175.563187  58.427147
-18.501846   174.597641  58.538193
-19.630167   173.756012  58.666836
-21.590843   172.512939  58.832764
-23.037714   171.906540  59.060532
-24.561552   171.485291  59.096069
-26.577141   170.886276  59.205219
-28.781719   170.577133  59.434158
-30.787567   170.524246  59.853077
-32.357494   170.633682  60.153393
-35.408119   171.081512  60.716660
-37.026451   171.491302  61.097061
-38.055492   171.768570  61.346203
-39.008160   172.213623  61.582794
-40.570618   173.222763  62.181732
-41.541031   173.914642  62.443958
-42.149933   174.346603  62.667503
-43.074535   175.355560  62.758709
-43.722153   176.152710  62.863644
-44.145115   176.804123  63.152149
-44.310600   177.358414  63.382298
-44.409866   177.905167  63.548088
-44.441586   178.332123  63.618179
-44.346077   178.635880  63.606510
-44.258701   178.838287  63.526569
-43.994434   178.848602  63.485607
-43.507565   178.696686  63.233700
-42.830818   178.439926  63.004993
-41.698349   177.917664  62.112949
-40.553947   177.444443  61.355923
-39.527065   176.092957  60.579056
-38.787086   175.203796  60.103943
-38.292107   174.665558  59.824387
-36.760159   173.588348  59.244469
-34.722504   172.333145  58.614815
-32.338615   171.471313  57.799103
-30.636765   170.824646  57.337452
-28.940975   170.270020  56.949444
-27.399832   169.826202  56.573879
-25.046497   169.519272  56.060146
-22.363731   169.409439  55.852333
-20.121231   169.436371  55.779598
-18.078358   169.781158  55.290733
-15.822999   170.429260  55.016739
-14.002188   171.481323  55.690628
-12.322676   172.693176  56.162430
-10.605711   173.985352  56.485916
-9.211716   175.744858  56.773376
-8.032421   177.885147  57.419586
-6.503845   180.904510  57.583454
-5.159761   184.494507  58.323441
-3.947610   188.003555  58.899105
-3.256743   191.382782  59.444290
-2.477544   194.301163  60.477570
-1.648620   198.014603  60.930340
-0.934948   202.356659  61.780182
-0.255574   207.189072  63.184921
0.187326   210.620728  64.770264
0.684701   213.644897  66.575905
1.035505   217.318192  67.845360
1.256883   220.822769  69.595177
1.433420   223.750900  70.744980
1.877289   227.528870  72.192863
1.963596   230.279984  73.263084
2.309136   232.958023  74.639740
2.659451   235.355881  75.792076
3.015476   237.456406  76.793274
3.526029   239.912582  77.420326
3.996615   241.697174  78.275734
4.417260   243.098404  78.855782
4.855653   244.030685  79.458122
5.179258   244.748398  79.702721
5.544554   245.208130  79.928642
5.774770   245.349213  80.007462
5.906789   245.362030  80.050774
5.981768   245.189178  80.090576
6.102504   244.657455  79.939911
6.153368   242.901978  79.615486
5.809288   240.286880  78.504578
5.417067   237.760666  77.653557
4.667777   234.873215  77.021935
3.906917   231.821381  76.007660
3.632941   229.775787  75.283714
3.261676   227.710831  74.654732
2.911455   225.733902  73.942970
2.640604   223.188507  72.833847
2.647264   221.516006  72.209610
2.391865   218.893723  71.514946
2.282751   216.894516  71.294632
1.959514   214.718002  71.078438
1.489590   211.433609  69.948799
1.144535   208.356323  68.951317
0.883266   206.081970  68.149178
0.323031   203.019989  67.531815
-0.348657   199.881790  66.945511
-0.506178   192.182587  65.296089
-0.505534   189.967728  64.701836
-0.459096   187.208618  63.765217
-0.318192   185.143723  63.414379
-0.322082   183.539825  62.986286
-0.321083   182.185516  62.595657
-0.148314   181.317413  62.396645
0.019282   180.711990  62.261681
0.106328   179.567688  62.070267
0.229302   178.687897  61.953804
0.377929   178.106766  61.887482
0.514810   177.762833  61.843189
0.564559   177.600540  61.793091
0.615230   177.562012  61.751751
0.758903   177.558487  61.704514
0.872544   177.608215  61.690228
1.148598   178.024353  61.825439
1.393580   178.636551  61.842293
1.610272   179.555389  61.876263
1.927498   180.722610  62.303921
2.232470   182.457809  62.526638
2.675318   184.399689  63.290695
2.881051   186.332153  63.561275
3.116864   188.535568  64.320290
3.746856   190.879684  65.237259
4.115140   193.052078  65.975952
4.361272   194.827682  66.673096
4.821013   196.513748  67.457138
5.511377   198.939407  68.049751
5.810779   200.822205  68.020561
6.474537   202.233795  68.058136
6.715844   203.439087  68.115776
7.260787   204.730331  68.491653
7.918139   205.962418  69.304214
8.831379   207.306915  70.255432
9.615936   208.469116  71.074333
10.339466   209.230164  71.660759
11.086514   210.135483  72.224472
11.637516   210.782578  72.414307
12.180248   211.242050  72.636414
13.045713   211.485901  73.096771
13.605363   211.661285  73.247948
14.234872   211.685333  73.360596
15.083188   211.483002  73.413719
16.031399   211.181915  73.127502
16.690563   210.789017  72.868233
17.345432   210.337067  72.499992
17.985535   209.596664  72.203163
18.948145   208.086212  71.747581
19.564131   206.682205  71.677780
19.894804   205.259323  71.651665
20.181898   204.245804  71.563927
20.412621   203.168427  71.256905
20.659552   201.571228  70.492821
20.729502   200.086578  69.741898
20.696863   198.758621  69.610283
20.648029   197.448151  69.423920
20.662691   195.890213  69.263420
20.586369   193.713120  68.926880
20.591022   192.033600  68.583519
20.676853   189.814301  67.911613
20.820768   188.055695  67.356300
21.078356   186.164017  66.600716
21.297075   184.129959  65.515434
21.515709   182.666336  64.967934
21.695938   182.022156  64.800827
22.301996   180.672256  64.197464
23.033115   179.546356  63.808941
23.592546   178.763000  63.529579
24.236595   177.865784  62.874203
25.070313   177.011017  62.333851
26.200647   176.323715  61.483425
26.791098   175.461304  62.040092
27.499662   174.808899  62.435413
28.346365   174.325378  63.093327
29.265697   173.969162  63.835835
29.772615   173.747360  64.228409
30.388126   173.699783  64.230568
31.278809   173.697815  64.157860
32.551491   173.945602  64.570343
33.860611   173.958923  65.085793
35.054958   173.961929  65.482437
36.041073   174.001511  65.828819
36.744362   174.371384  66.064865
37.750134   174.620514  66.570541
38.701900   174.979309  67.136719
39.438877   175.577118  67.737602
39.980396   176.184555  67.898582
40.430450   176.689590  68.040512
41.056572   177.617035  68.139534
41.681889   179.062592  68.088074
42.628788   181.363556  67.207222
42.813007   182.403488  67.477203
43.353329   184.617416  66.606758
43.377213   186.267670  66.997643
43.381142   187.401901  67.902504
43.362572   188.658600  68.665886
43.206638   190.009750  69.288849
43.040825   191.544769  70.189178
43.034374   193.268173  70.773705
42.912106   194.908844  71.294708
42.796139   196.501846  71.778381
42.719296   198.189682  72.280693
42.683800   199.700012  72.606026
42.639404   200.945419  72.864708
42.624012   202.414917  73.317474
42.613541   203.670776  73.707878
42.715572   205.080078  74.069565
42.898808   206.277496  74.553207
42.954910   207.335907  74.903770
43.077168   208.423325  75.241096
43.235920   209.583038  75.701523
43.209728   210.582275  76.322311
43.297512   211.519287  76.908020
43.335785   212.277161  77.322319
43.428246   213.103729  77.703270
43.498974   213.817978  78.023949
43.560848   214.481674  78.572906
43.664021   215.082031  79.091049
43.735756   215.483582  79.407768
43.729641   215.632263  79.484055
43.725079   215.783859  79.557007
43.704670   215.896851  79.607651
43.671799   215.995880  79.652824
43.610355   215.932892  79.754547
43.595306   215.900345  79.783028
43.632317   215.760315  79.962601
43.713100   215.578079  79.994362
43.694256   215.329529  79.786545
43.628727   214.754776  79.505653
43.513153   214.181076  79.243462
43.322010   213.325729  78.983009
43.115818   212.352402  78.790527
43.031555   211.334824  78.433472
43.122639   210.005768  78.180496
42.991898   208.782883  77.847214
42.857578   207.752289  77.638390
42.366211   206.159531  77.950294
42.044197   204.632690  78.066986
41.785404   202.951935  77.878586
41.728466   202.052673  77.541473
41.649807   201.602310  77.441566
41.529308   201.237564  77.291138
41.526077   199.546936  76.705193
41.246391   197.506805  76.608269
41.248562   197.147202  76.463333
41.432236   195.935410  75.740845
41.607937   194.929855  75.149170
41.907986   193.933167  74.728287
42.182243   192.916840  74.759506
42.550465   192.089569  74.448563
42.998138   191.385895  73.915779
43.666191   190.403610  73.502060
44.492958   189.237473  73.274780
45.117046   188.468170  72.919708
45.973152   187.457138  72.738251
46.460281   186.873520  72.435120
47.093884   185.897415  72.333130
47.619019   185.106369  72.152016
48.182308   184.544388  71.942528
48.589756   184.002396  71.747406
49.138744   183.411667  71.585808
49.462181   183.098572  71.199181
49.912914   182.547607  70.982765
50.413231   182.029877  70.771729
50.996269   181.604568  70.733101
51.397957   181.517090  70.628067
52.463524   181.305466  70.367500
52.943356   181.256821  70.274078
53.738426   181.219254  70.043777
54.609688   181.262924  69.628761
55.932327   181.540924  69.344574
56.360355   181.857849  69.319458
57.042053   182.242599  69.410652
58.203114   182.889801  69.899651
58.925964   183.485825  70.537140
59.602608   184.225449  71.027565
60.503998   185.184021  71.286926
61.997562   186.907104  72.012024
62.264217   188.156311  73.521294
62.762589   190.085785  74.710693
63.137764   191.013000  75.167595
63.366631   191.551956  75.416771
63.804440   192.348694  76.097130
64.228378   193.230652  76.592865
64.616615   194.227097  77.226120
65.019234   195.074326  77.566719
65.327568   195.699097  77.825333
66.212273   198.539932  78.384010
66.414383   199.436890  78.850471
66.895187   200.794739  79.598412
67.161972   201.776352  80.190994
67.442207   202.807220  80.678513
67.730415   203.757950  81.071320
68.490250   205.252136  81.435036
68.526855   206.590134  82.612679
68.756699   207.609711  83.414238
68.994545   208.318558  83.761307
68.961037   208.638916  83.566765
69.641357   209.525894  83.274216
70.157921   210.213135  83.081703
70.528343   210.900070  83.581703
70.814644   211.481186  84.256577
71.044540   211.894226  84.662491
71.301453   212.211090  84.892685
71.555878   212.347183  85.078621
71.728249   212.356384  85.188179
71.843124   212.206863  85.222290
71.861679   211.932388  85.152977
71.921196   211.644348  85.103081
72.041489   211.319305  85.051834
72.218201   210.777191  85.156166
72.369507   210.227402  85.222809
72.499985   209.645401  85.243240
72.534698   208.988403  85.168694
72.523178   208.188751  84.989334
72.621765   206.827347  84.649452
72.607933   205.608856  84.269714
79.596420   204.706848  85.646965
77.361244   202.755463  84.521965
77.598694   200.788284  83.856415
74.816528   196.959076  81.394714
74.185959   195.820770  80.663414
72.995834   193.244461  78.546432
72.213509   191.187836  77.181732
71.969360   189.241730  76.407043
71.749153   187.003799  75.346817
71.537148   184.375214  74.053825
71.512192   182.491776  73.091530
71.533264   180.550476  71.769203
71.330269   178.803192  71.340057
71.269508   177.050232  70.650986
71.266701   175.369736  70.078163
71.198738   173.454559  69.669228
71.241341   171.842255  69.341034
71.262833   170.598877  69.101112
71.332542   168.348862  69.112503
71.422577   166.311188  69.129852
71.697289   164.259323  69.308388
71.966377   162.550003  69.515709
72.340103   161.294937  69.651276
72.694511   160.352432  69.771423
74.003777   157.869553  70.229080
74.385040   157.316910  70.337883
75.073730   156.870758  68.671173
75.543961   156.017883  68.336716
75.872681   155.648346  68.285454
75.949593   155.398407  68.134209
76.390602   155.279327  67.532585
76.523628   155.561539  66.042694
76.602051   156.080200  65.086830
76.585838   156.964111  64.637611
77.733551   159.119293  64.976341
77.713280   162.123413  65.641502
78.254669   166.279175  66.808983
78.213791   168.382492  67.513031
78.680954   175.133560  70.043938
77.209145   180.755005  72.165703
75.777817   185.690170  75.066811
1.847617   171.680191  85.976860
-7.958313   105.726395  131.754181
11.337990   89.521667  130.232224
19.182320   88.221085  125.803749
24.102541   87.246010  125.720932
26.512728   87.313240  125.549530
27.192551   85.796997  127.306198
27.492926   85.139641  128.085556
