-83.165771   171.020706  -41.875187
-83.125839   170.968658  -41.886761
-83.102646   170.944214  -41.887177
-83.058205   170.891144  -41.878540
-83.045685   170.873734  -41.877895
-83.026573   170.847946  -41.883228
-83.012299   170.826218  -41.885944
-82.985703   170.794296  -41.892200
-82.961510   170.765640  -41.896774
-82.935265   170.734329  -41.901184
-82.891785   170.701340  -41.903500
-82.858101   170.674377  -41.907051
-82.785751   170.614365  -41.920925
-82.729424   170.569748  -41.935635
-82.675644   170.525833  -41.968494
-82.588150   170.472595  -42.018967
-82.571724   170.447845  -42.021984
-82.491852   170.398697  -42.038105
-82.435318   170.369904  -42.036167
-82.326508   170.316757  -42.017277
-82.167847   170.235779  -41.996956
-82.114006   170.201874  -41.988911
-82.020210   170.100708  -41.995533
-81.942886   170.024750  -42.000950
-81.896523   169.978592  -42.006947
-81.752686   169.933350  -42.025299
-81.664978   169.905533  -42.046906
-81.474220   169.866760  -42.085529
-81.333794   169.853088  -42.130020
-81.110756   169.871201  -42.182800
-80.987846   169.883591  -42.202297
-80.913033   169.885971  -42.213062
-80.796997   169.904007  -42.247272
-80.734665   169.916687  -42.251747
-80.612534   169.958633  -42.248886
-80.528473   169.995163  -42.240425
-80.477676   170.030396  -42.238857
-80.373657   170.118057  -42.235596
-80.319458   170.172745  -42.235245
-80.260590   170.255356  -42.202435
-80.230537   170.301147  -42.187725
-80.209885   170.361282  -42.163685
-80.209953   170.534103  -42.090942
-80.206573   170.610962  -42.059795
-80.232788   170.737564  -42.009956
-80.252472   170.823334  -41.960991
-80.274803   170.885284  -41.910366
-80.306580   170.937485  -41.822117
-80.340149   170.970123  -41.757046
-80.400642   171.002609  -41.669395
-80.460732   171.010056  -41.623699
-80.526917   171.000549  -41.575294
-80.612076   170.997101  -41.383591
-80.613899   170.993393  -41.301533
-80.604675   170.910950  -41.297234
-80.591278   170.858246  -41.297123
-80.471001   170.706497  -41.171555
-80.412666   170.605591  -41.102207
-80.373650   170.536148  -41.067165
-80.345116   170.477203  -41.032211
-80.325691   170.461502  -41.019073
-80.297272   170.431961  -41.013577
-80.184799   170.395584  -40.835121
-80.083443   170.374832  -40.676483
-79.931259   170.391922  -40.528996
-79.808159   170.392227  -40.439884
-79.653465   170.444351  -40.314346
-79.576797   170.479416  -40.252220
-79.498978   170.541245  -40.221546
-79.363884   170.638000  -40.247440
-78.956375   171.074234  -40.489651
-78.841301   171.198303  -40.540257
-78.412384   171.578491  -40.744545
-78.125076   171.870865  -41.010715
-77.699112   172.473160  -41.412537
-77.453468   172.845398  -41.619884
-77.267967   173.178467  -41.760162
-77.053772   173.753815  -41.932743
-76.985840   174.039413  -41.978439
-76.906631   174.526489  -42.004227
-76.872353   174.933548  -41.999187
-76.851433   175.362366  -41.979748
-77.491478   176.619934  -41.896034
-78.284950   177.300064  -41.772812
-80.977364   179.152512  -41.452744
-82.619324   179.848831  -41.293289
-87.116112   181.213364  -41.012455
-91.423714   181.981659  -40.277084
-96.523926   182.382233  -38.866795
-106.145233   182.278519  -35.679363
-111.311111   181.654724  -33.469200
-118.058502   179.681213  -30.511806
-120.877861   178.270996  -29.180586
-121.791374   177.555954  -28.777128
-121.564461   176.974808  -28.879425
-120.398468   176.628281  -29.424036
-114.712265   175.626816  -32.251648
-108.138504   174.077774  -34.751457
-101.939445   171.539993  -37.186516
-93.787392   167.835983  -39.490803
-90.090050   165.257080  -40.337345
-84.904930   159.439728  -41.105766
-82.587425   153.639435  -41.116474
-82.001686   146.901581  -40.405811
-83.577148   137.156219  -37.461662
-85.236908   132.069916  -35.672230
-88.538399   124.768120  -32.225094
-90.171974   121.338531  -30.212076
-91.135597   119.437866  -28.997854
-92.420273   118.544510  -27.407259
-93.088226   119.385674  -26.149672
-94.136971   123.820663  -23.607332
-93.728111   127.454247  -22.496346
-92.049965   136.621017  -20.958069
-89.435455   142.076065  -21.600174
-85.788750   147.418503  -22.822515
-80.525536   156.258041  -24.138718
-77.177185   162.813004  -24.877737
-72.727631   171.738281  -25.273430
-70.142136   177.605804  -26.369848
-68.483261   182.379990  -26.904608
-66.232010   188.851425  -27.421368
-65.031075   191.910645  -27.926384
-63.293579   196.321365  -28.247114
-61.987946   198.780334  -28.705881
-60.854603   200.500061  -29.124908
-59.526459   202.571472  -29.476507
-58.790691   203.071899  -29.756535
-57.630527   202.529892  -30.699781
-57.174908   201.776794  -31.327892
-56.939400   200.485321  -31.967300
-56.746674   196.517685  -33.059570
-56.787716   193.160080  -33.812103
-56.761883   184.864426  -35.220600
-56.386539   178.099182  -36.075809
-55.729248   172.279556  -36.293945
-54.450520   163.946243  -36.045773
-53.361660   159.832108  -35.221558
-51.573338   154.791367  -33.589951
-50.298580   152.421371  -32.282875
-49.010323   151.149139  -31.324839
-46.806267   150.056107  -30.194759
-45.482292   150.103424  -29.791479
-42.855206   151.422134  -28.842342
-41.074558   152.203705  -28.633738
-37.513859   154.558258  -28.314577
-34.485733   156.725159  -28.300587
-31.680367   159.165375  -28.484428
-27.128933   162.880157  -28.856396
-24.823181   164.743134  -28.980902
-21.476900   167.541367  -29.161093
-19.508667   169.110550  -29.192951
-17.953239   169.896149  -29.285513
-15.416652   170.104782  -29.582096
-13.923728   169.427261  -29.692379
-11.365098   167.858475  -29.842115
-9.482173   165.751160  -30.088238
-8.217460   163.618500  -30.193226
-6.145779   159.905273  -30.174103
-4.801522   157.840805  -29.832104
-2.650623   155.109238  -29.223877
-0.912774   154.234955  -28.633219
0.705251   153.732697  -28.314301
3.809312   154.812927  -27.847418
5.547981   156.559769  -27.573719
8.038087   159.734268  -27.007200
9.411962   161.598618  -26.762743
10.588320   162.891205  -26.683401
12.643091   164.064651  -26.530579
14.092970   164.348267  -26.514427
17.149723   164.053635  -26.629026
19.062588   163.420822  -26.783728
22.248407   161.526733  -27.026209
24.185368   159.562836  -26.990562
25.687897   157.432770  -26.745064
27.512213   153.899506  -26.122435
28.181301   152.181870  -25.690065
28.949942   149.735794  -24.772732
29.157230   148.548264  -24.308136
29.678827   147.999390  -23.844467
30.974514   148.170547  -23.135069
31.845011   148.675980  -22.729391
33.486546   149.523544  -22.456247
34.482349   149.819977  -22.377409
35.322582   149.756851  -22.469290
36.633144   148.492691  -22.928608
37.336536   147.285782  -23.144571
38.386013   145.150772  -23.216864
39.172424   143.877335  -23.251146
39.822960   142.987061  -23.290508
40.606480   141.969589  -23.377144
40.921127   141.727798  -23.429407
41.945744   142.763596  -23.499401
43.491112   145.988678  -23.037510
45.745056   151.485046  -22.713743
54.671371   181.864777  -20.051815
55.584770   186.910095  -19.198593
55.912834   192.106888  -18.566925
56.010792   200.095078  -17.521542
55.916775   204.268417  -17.064688
55.652195   209.590179  -16.865351
55.609665   211.522980  -16.827726
55.382145   213.594070  -17.467703
55.292892   214.478592  -18.451168
55.341282   214.344635  -19.663626
55.473869   212.645569  -22.096518
55.632515   211.193878  -23.244005
56.122017   206.306137  -26.386909
56.362194   201.070648  -28.807220
56.974564   195.494461  -30.446171
57.521801   187.304489  -31.738144
57.673615   182.461121  -31.945868
57.652229   173.970901  -31.295229
57.364128   168.546066  -30.126717
56.938080   164.118164  -28.751356
55.876900   158.082428  -26.020620
55.465157   155.345428  -24.465599
55.465405   152.842514  -21.993773
56.004520   151.459106  -20.639143
56.531544   151.387222  -20.020140
58.039639   152.167938  -19.823286
59.338387   152.968536  -20.030645
62.686607   156.462234  -20.928820
64.934570   158.312073  -21.428385
66.854050   160.177032  -22.031199
69.800819   162.547577  -22.791359
71.453728   163.790405  -23.008984
74.402840   166.078491  -23.244364
75.952820   167.366974  -23.235239
78.922089   169.531052  -22.259161
80.356209   170.179565  -21.621019
81.833847   169.745987  -21.116787
83.183937   168.493958  -20.135330
83.413170   167.032928  -19.755024
83.393242   164.642853  -19.327927
83.063004   162.940796  -19.109325
82.239471   161.002243  -18.775248
80.071594   157.536774  -18.164949
78.686127   155.955368  -17.671398
76.186996   153.271072  -16.488508
74.283325   151.300186  -14.928358
73.144135   148.931458  -13.087399
72.581474   144.420349  -9.962541
72.719627   141.535568  -8.366932
73.779327   135.816666  -5.769953
75.003471   132.804245  -4.420419
77.176933   131.083588  -4.144063
83.027672   129.381866  -4.776332
86.624382   129.363037  -5.615435
93.596313   131.693787  -7.490094
98.337929   133.904572  -8.701680
101.239380   135.689056  -9.799564
105.928207   139.209854  -11.289913
108.972580   140.990738  -11.781866
114.441414   143.388092  -12.355192
118.448273   144.134048  -11.300547
128.714172   142.176010  -7.538979
132.633026   140.057755  -6.011893
137.715027   136.469238  -3.729463
140.430969   134.077179  -2.408380
143.545868   130.546005  -0.465588
145.585663   127.645996  1.023328
147.700928   124.978317  2.531948
150.004059   121.894585  4.334289
151.505981   121.395195  4.740605
154.362518   122.112549  4.838888
158.057922   124.654472  4.545278
162.167023   128.678345  4.517132
167.674118   134.179428  4.580563
171.201477   137.171036  4.796321
176.109238   139.758698  6.750557
178.528305   139.658081  7.789019
180.645859   138.528076  8.765096
183.165237   134.979736  10.251614
184.246338   132.391830  11.060923
185.114868   127.936638  12.483654
185.754562   124.345749  13.082364
187.089203   121.735321  14.144664
190.131897   117.846016  15.360141
191.358673   116.619690  15.538548
194.569519   115.589439  14.594990
199.064713   118.009285  13.173415
204.196594   122.517647  11.934200
213.828461   131.933624  10.865080
221.282639   138.619827  10.195584
227.699692   146.735382  10.537435
232.480392   152.645126  11.194858
241.245392   158.150589  13.801834
246.846588   159.920959  17.078157
252.201752   163.734528  21.754910
260.562317   169.879181  25.653822
262.165222   170.865356  27.397001
264.134613   172.311935  28.909267
264.881012   172.467789  29.320368
265.177032   172.319519  29.256798
264.914948   171.578705  28.820450
264.677124   171.127029  28.614103
263.538025   168.654480  27.457365
261.318542   166.256622  26.616190
259.053986   165.344543  26.143076
254.710861   164.769089  26.416681
251.857925   163.432999  25.417191
247.551071   162.093704  24.358603
244.970596   162.155212  24.274244
242.377014   161.524963  23.895004
235.194199   157.930130  21.648964
229.780701   155.476425  21.119776
