-110.273964   187.861404  35.282990
-110.302895   187.973038  35.724258
-110.293777   188.053345  35.879646
-110.268745   188.114578  35.970039
-110.252365   188.088699  36.063107
-110.249298   188.065765  36.114124
-110.250725   188.031097  36.167683
-110.235008   188.037079  36.219772
-110.196709   188.004639  36.271751
-110.135689   187.957428  36.338737
-110.103874   187.928055  36.392120
-110.066521   187.898880  36.467289
-110.018677   187.867355  36.548870
-109.995216   187.884171  36.631580
-109.982094   187.882736  36.775711
-109.977844   187.879700  36.809586
-110.004250   187.844986  36.954117
-110.008995   187.841949  36.970329
-110.028366   187.826431  36.961742
-110.033768   187.793716  36.966125
-110.045349   187.745667  36.970169
-110.044777   187.740845  36.974518
-110.041267   187.744720  36.983082
-110.036865   187.743362  36.990536
-110.034973   187.743546  36.994343
-110.035118   187.734039  36.998016
-110.045891   187.696091  36.995407
-110.066170   187.671188  36.978325
-110.155563   187.601212  36.908009
-110.245049   187.504288  36.833736
-110.281998   187.430145  36.739147
-110.363968   187.276489  36.645489
-110.412247   187.236053  36.641953
-110.457634   187.200348  36.610950
-110.519348   187.139481  36.560837
-110.594711   187.063461  36.512539
-110.627029   186.992676  36.503410
-110.648201   186.956970  36.491169
-110.713280   186.854492  36.435692
-110.790459   186.723099  36.355549
-110.889694   186.610779  36.275261
-110.940224   186.569946  36.232288
-110.974144   186.539169  36.206978
-110.977127   186.542130  36.195614
-110.999313   186.495987  36.166252
-111.021065   186.452682  36.135094
-111.032066   186.439499  36.111046
-111.059952   186.362671  36.053165
-111.080894   186.296875  36.004177
-111.080452   186.271942  35.978508
-111.082611   186.262222  35.969185
-111.094299   186.233887  35.957016
-111.080002   186.253403  35.938889
-111.060692   186.317627  35.943298
-111.045479   186.379074  35.948929
-111.032326   186.176422  35.826168
-111.020653   185.979950  35.700371
-111.016762   185.941223  35.715832
-111.018784   185.864471  35.738140
-111.014687   185.874146  35.755249
-111.002502   185.918350  35.780518
-110.967987   185.896332  35.869495
-110.964828   185.799240  35.971512
-110.939781   185.678177  36.080868
-110.888260   185.585388  36.186295
-110.847382   185.519058  36.272491
-110.820328   185.476791  36.332432
-110.795113   185.437454  36.391537
-110.774071   185.405655  36.462097
-110.768707   185.395416  36.482521
-110.789803   185.351608  36.550278
-110.777977   185.312195  36.576046
-110.742180   185.218246  36.626507
-110.712418   185.142914  36.672157
-110.687256   185.082199  36.712051
-110.682938   185.002502  36.778137
-110.695480   184.964233  36.839439
-110.707016   184.932236  36.891483
-110.715523   184.923294  36.940228
-110.718773   184.915009  36.978924
-110.722351   184.915070  37.016205
-110.717117   184.913849  37.047974
-110.735771   184.851364  37.075611
-110.750946   184.791565  37.097778
-110.777527   184.748306  37.135448
-110.792381   184.575073  37.139690
-110.643890   183.366257  37.104328
-110.475433   182.801865  37.148224
-110.243484   182.371964  37.203850
-110.093353   182.306641  37.271465
-110.148140   182.461853  37.304703
-110.261436   182.668701  37.368084
-110.337074   182.756683  37.356045
-110.376122   182.866318  37.352077
-110.401215   182.966446  37.359474
-110.448914   182.964325  37.364971
-110.403770   182.804337  37.291908
-110.381081   182.793991  37.338451
-110.515625   182.798203  37.391323
-110.637787   182.791565  37.411713
-108.765533   182.909760  37.753216
-108.788574   182.400879  36.419109
-108.577461   183.318253  35.608524
-108.487938   183.983322  34.884232
-108.521362   184.102493  34.606388
-108.565414   184.191254  34.364040
-108.600670   184.219833  34.174335
-108.572006   184.237167  33.854946
-108.626686   184.091461  33.731747
-108.667809   183.999542  33.686947
-108.577499   183.887543  33.628956
-108.493835   183.745819  33.709740
-108.408951   183.563324  33.747112
-108.348732   183.393646  33.754688
-108.264771   183.103409  33.734390
-108.193756   182.810318  33.716629
-108.125160   182.542740  33.703445
-107.877190   182.026031  33.264744
-107.745033   181.514053  32.889812
-107.704971   181.200943  32.651066
-107.689369   180.913849  32.433186
-107.657524   180.622162  32.235134
-107.666199   180.445587  32.139687
-107.678711   180.300995  32.066319
-107.720306   180.207840  32.033661
-107.782127   180.158569  32.017445
-107.807930   179.842438  31.920614
-107.839111   179.555847  31.836994
-107.876930   179.340240  31.778431
-107.947365   179.286240  31.715622
-107.910583   178.840637  31.390841
-108.304848   178.689148  31.549257
-108.539024   178.246841  31.489075
-108.674767   178.136063  31.496611
-108.817299   178.016586  31.506704
-108.946793   177.957764  31.526337
-109.073669   177.977631  31.559580
-109.208511   178.091736  31.618786
-109.343956   178.246017  31.684992
-109.678818   178.460098  31.977816
-110.600990   179.102905  33.598316
-110.938194   179.416931  34.226089
-111.238159   180.086960  34.677700
-111.518150   180.842102  35.104237
-112.020149   182.280045  35.637535
-112.893166   183.861832  35.936749
-114.216072   186.581177  36.360092
-115.033958   188.181961  36.990772
-115.268204   189.427155  37.654198
-115.255722   190.518143  38.368824
-115.363708   192.077011  39.926052
-113.742393   193.712265  41.392769
-113.141861   195.630920  43.389626
-113.228981   197.826157  44.912609
-113.267784   199.667603  46.080624
-113.312088   201.259964  47.151943
-113.665497   204.680069  49.319469
-113.808243   206.358078  50.294964
-114.087883   209.480026  51.834267
-114.421715   211.948853  53.419693
-114.593468   213.903305  54.595943
-114.806198   215.788956  55.811028
-115.206955   218.358353  57.105392
-115.326736   220.561188  58.327515
-115.422028   221.943954  59.095364
-115.626335   223.927017  59.556881
-115.785133   225.694504  60.458412
-115.885574   227.028992  61.148457
-115.930847   228.122360  61.712532
-115.720383   229.541992  62.244064
-115.517639   230.890335  62.792480
-115.275177   232.913620  63.134178
-115.136375   234.520981  63.520084
-115.052254   235.718246  63.894115
-114.691261   237.795593  64.151268
-114.522049   239.089890  64.279564
-114.030495   240.570068  64.281372
-113.794968   241.982498  64.571152
-113.649681   242.961075  64.818481
-113.361771   243.701263  65.065422
-112.553474   244.532532  65.282494
-112.179726   245.221649  65.650490
-111.185661   246.322174  66.098358
-110.789093   246.674011  66.012489
-110.071480   247.387054  66.071884
-109.847107   247.778091  66.139656
-109.660362   248.106461  66.126060
-109.563744   248.305252  66.136086
-109.501572   248.509186  66.201302
-108.624619   248.948685  65.330765
-108.271072   248.912689  65.010025
-107.835083   248.935684  64.665596
-106.717209   249.292130  64.103821
-105.054596   248.060654  62.128578
-104.453606   247.724213  61.489403
-103.951996   247.591095  61.065113
-103.391029   247.268768  60.382996
-102.923531   246.721710  59.696415
-102.248329   245.762985  58.705391
-101.690155   243.773407  57.332642
-101.979065   242.521942  56.710026
-101.049408   241.450699  55.108555
-100.516136   240.748596  54.302437
-99.867516   239.684326  53.160370
-99.595955   238.287231  51.735573
-99.615021   237.250992  50.684422
-99.477325   235.979416  49.656235
-98.725212   233.403900  48.857498
-97.835762   230.655441  47.093235
-96.991859   228.254333  46.377357
-96.372131   224.891678  44.473343
-95.923195   221.928818  42.413925
-95.029633   218.541107  40.485367
-94.533440   214.730087  37.741482
-93.645782   211.164780  35.508682
-93.014214   207.894470  33.872494
-92.424316   205.428848  32.686619
-91.685242   202.189331  31.315247
-91.000107   199.007584  29.769867
-90.392372   194.960602  28.410955
-89.492653   190.813812  26.812244
-88.828033   186.831741  25.695719
-88.245010   182.177017  24.337688
-87.863213   177.600983  22.995045
-87.398148   173.308212  22.285305
-86.968391   170.042206  22.112806
-86.552032   166.877304  22.241314
-86.218781   164.347580  22.466785
-85.764557   162.263321  23.841537
-85.042450   161.128418  25.780584
-84.038437   160.133865  27.534882
-83.582718   159.751343  28.880877
-83.188423   159.554428  29.494720
-82.902458   159.023392  29.645269
-82.757309   158.515823  29.734190
-82.546005   158.162903  29.811834
-82.427170   158.189453  30.054272
-82.292702   158.370682  30.236752
-82.224304   158.722748  30.423983
-82.183144   159.019180  30.548321
-82.181778   159.269547  30.625031
-82.176735   160.249084  30.864538
-82.165482   160.624954  30.890667
-82.123116   161.038818  30.878979
-82.584732   163.350052  31.565855
-82.938950   166.574127  32.634190
-83.551544   169.585342  33.624008
-83.914940   171.769958  34.172737
-84.263931   174.133728  34.607262
-84.506432   176.258102  34.976944
-85.182892   180.121674  35.425663
-86.225540   183.414795  35.923954
-86.840736   185.978287  36.272579
-87.548065   188.457550  36.878876
-88.729477   191.066193  37.768803
-89.754982   193.528656  38.768059
-90.501572   195.621994  39.436737
-91.785110   198.417130  39.222630
-94.061745   201.134232  39.093765
-95.785606   203.272781  39.705524
-96.471046   204.929123  40.173351
-97.271103   206.912979  41.276642
-97.957535   208.647720  42.510799
-98.476273   210.170166  43.414417
-99.490700   212.203339  44.168903
-100.167580   213.877609  44.821983
-101.714943   216.164581  45.965416
-103.146782   218.280960  47.059631
-104.428986   219.555603  48.076633
-105.675262   220.692139  48.973080
-107.194427   221.945663  50.020065
-108.054573   222.566544  50.864243
-108.673904   222.959213  51.442135
-109.093529   223.239334  51.837395
-109.533768   223.521729  52.237061
-110.757698   223.898422  53.241631
-112.397232   224.267792  54.366146
-113.786583   224.355469  55.269711
-115.073158   224.443253  56.039635
-116.456512   224.238068  56.620331
-117.450844   224.082321  57.041447
-118.269112   223.956558  57.399925
-119.540260   223.598785  57.774853
-120.632820   223.243729  58.103745
-121.577209   222.858658  58.385685
-122.884483   222.246292  58.910519
-123.955956   221.706284  59.329712
-124.921303   221.036957  59.627247
-125.900887   220.075562  59.816414
-126.711792   219.088364  59.957188
-127.497223   217.865448  60.000687
-128.248535   216.552994  60.014721
-128.942551   214.718872  59.621712
-129.484848   213.263916  59.502682
-129.946152   212.052628  59.429817
-130.441772   210.637512  59.349823
-130.875671   209.217377  59.256954
-131.156662   207.514893  58.958492
-131.370422   205.891968  58.761185
-131.526596   204.333572  58.558155
-131.367889   201.915466  58.079098
-130.843094   199.437790  57.558598
-130.207565   197.213303  56.825680
-129.267090   194.715378  56.091473
-127.374535   192.061691  55.843010
-126.271225   189.538666  54.664082
-125.220276   187.125076  53.214890
-124.412476   185.271774  52.275684
-123.035263   183.782242  51.245113
-122.226425   182.884064  50.257988
-120.940948   181.780807  49.421238
-119.778183   180.746979  48.442158
-117.609833   179.357712  46.374817
-115.726410   178.633942  44.938263
-112.415642   177.792007  43.174496
-110.986145   177.452225  42.313866
-109.014542   177.197037  41.204548
-106.780945   177.133423  40.058167
-104.704872   177.079697  38.941929
-102.580811   177.321960  37.892311
-99.344276   178.164749  37.674385
-97.586967   178.653732  37.557571
-95.649002   179.116745  37.582287
-93.627693   180.246826  38.294029
-91.824066   181.422379  38.429474
-90.554680   181.897766  38.404884
-88.614487   182.527084  38.548794
-86.833733   183.809647  38.659657
-85.240936   184.915756  38.763367
-83.551346   186.576157  38.601788
-81.774513   188.061768  38.809933
-80.332451   189.733231  38.425297
-79.113861   191.104111  38.322639
-78.046318   192.593933  38.429234
-76.941467   194.010468  38.539806
-76.107079   195.214096  38.859539
-75.010429   196.571732  39.046200
-74.062935   197.813507  39.247478
-73.335388   199.221390  39.358715
-72.642601   200.419189  39.703583
-71.878548   201.962646  39.847279
-71.396667   203.406097  40.077999
-70.827599   204.780396  40.268276
-70.448418   205.986725  40.548576
-70.096359   206.840683  40.757847
-69.721481   207.795258  40.949612
-69.329292   208.767975  41.201210
-68.985130   209.657455  41.451111
-68.755936   210.662994  41.745480
-68.549431   211.589844  42.041328
-68.359657   212.607269  42.135632
-68.091278   213.722382  42.380497
-67.884109   214.658783  42.650875
-67.722107   215.468323  42.930618
-67.713997   216.085495  43.047913
-67.728516   216.603348  43.173344
-68.389107   217.596527  42.906460
-68.408424   218.126358  42.964272
-68.416954   218.766052  43.159481
-68.361755   219.627396  43.564495
-69.025116   220.768738  43.766151
-69.495735   221.824448  43.919411
-70.274673   223.145004  44.772427
-70.629097   222.848068  44.887531
-70.971848   224.000839  45.518906
-71.458344   224.595978  45.919785
-71.504784   224.761139  46.267494
-71.507416   225.383759  46.852806
-71.865936   226.323029  47.367519
-72.216820   226.774231  47.742546
-72.334740   227.165421  48.073471
-72.495079   227.434097  48.304638
-72.623375   227.710907  48.531422
-72.810966   227.908173  48.688293
-72.961563   228.004242  48.908852
-73.149307   228.077194  49.065540
-73.359322   227.817398  49.054356
-73.532799   227.370728  48.957458
-73.517471   225.867981  48.718742
-73.595428   224.435837  48.502701
-73.613617   222.811081  48.159157
-73.797340   223.066559  48.067131
-73.872177   222.611603  47.443466
-73.744484   221.289642  46.804176
-74.180977   213.516174  41.223618
-74.251312   210.015518  39.041355
-74.207893   204.149323  36.936329
-74.165344   201.459808  35.642853
-73.768997   195.846436  32.641182
-73.135559   190.604538  30.595352
-72.758759   186.406082  29.890877
-72.337845   182.829987  30.170460
-70.786674   176.862350  29.938108
-70.306244   174.153320  29.714024
-69.235519   170.509201  30.675070
-68.616203   167.385422  31.293367
-68.185730   164.564102  31.870840
-67.949944   162.147202  32.179302
-67.339882   159.489334  32.325321
-66.981636   157.512833  32.424812
-66.930092   156.434128  33.124615
-66.612877   155.341827  33.198093
-66.331192   154.291275  33.187389
-66.119316   153.669861  33.190891
-65.913811   153.296280  33.206505
-65.709068   153.135574  33.238762
-65.790390   153.636902  33.159794
-66.099907   153.960114  32.913116
-66.300293   154.072479  32.936584
-66.474777   154.224915  32.900414
-66.595505   154.563614  32.816597
-67.045570   155.592041  32.801849
-67.425880   156.772446  32.890884
-67.758766   158.076736  33.005871
-68.039978   159.214371  33.074505
-68.141846   160.180817  33.211643
-68.115906   160.918365  33.262997
-68.552917   162.830719  33.420647
-69.103493   165.033310  33.623959
-69.584785   167.726334  33.788620
-70.112854   170.296341  34.521095
-70.984734   174.038177  35.000938
-72.125885   177.516144  35.250977
-72.837952   180.048447  36.001419
-73.229439   181.961746  36.431980
-73.733643   184.186295  37.063156
-74.097137   186.504211  37.541073
-74.302574   188.391678  37.869801
-74.406395   190.873932  38.268517
-74.987755   193.555923  39.060154
-75.415237   196.353714  40.201389
-75.447975   198.951416  41.976738
-75.853531   201.378784  43.758801
-76.192024   203.884247  45.424274
-76.281334   205.793015  46.587563
-75.677010   210.094452  48.976463
-75.431671   211.236923  49.879379
-74.801605   213.061050  51.392570
-74.417557   215.574966  52.594646
-73.729744   217.266357  52.881454
-73.303047   219.532013  53.658318
-72.797607   221.215637  54.365692
-72.252693   222.589600  55.044876
-71.726578   223.802734  55.714909
-71.330856   225.436111  56.671005
-70.883591   226.082108  57.223560
-70.572083   226.933029  57.615936
-69.886101   228.841553  57.603252
-69.099266   229.611511  57.643700
-68.540031   230.248749  57.842041
-68.086700   230.774353  58.107048
-67.343185   231.517502  58.146240
-66.635986   232.283539  58.061604
-65.882233   232.831329  58.189083
-65.252197   233.233444  58.138306
-64.479378   233.511322  57.939930
-63.907719   233.695999  57.777229
-63.214851   233.745483  57.382511
-62.322788   233.764648  56.887924
-61.645164   233.762863  56.504448
-60.925564   233.502258  55.931828
-60.355118   233.295013  55.487915
-59.720936   232.895325  54.884308
-59.218735   232.585114  54.422417
-58.486191   232.052704  53.782906
-57.951694   231.566696  53.348495
-57.301815   230.869598  52.804161
-56.616959   229.683395  52.145584
-56.123928   228.598160  51.510391
-55.865730   226.606155  50.542702
-55.812859   224.682098  49.549335
-55.760082   221.330017  47.688457
-56.284893   217.383911  46.015114
-56.799927   214.109390  43.948009
-57.536770   209.717117  41.707794
-58.329548   204.757721  39.477962
-58.692371   199.913055  37.661900
-58.868401   195.408569  36.009766
-58.532803   191.724365  35.141342
-58.015465   187.531540  34.820057
-57.570282   183.297714  34.767494
-57.297722   179.634415  34.543034
-56.853779   175.934219  34.410297
-56.177429   172.181992  34.173489
-55.444786   169.035507  33.982162
-54.576515   166.135696  33.949203
-53.688412   163.837341  34.085922
-53.046627   161.910202  33.956657
-52.071976   160.766312  34.391327
-51.413021   159.812302  34.666550
-49.780842   158.815964  35.275528
-49.075768   158.557846  35.609795
-48.461224   158.172775  35.760204
-47.586651   158.107513  36.015644
-46.836983   158.075256  36.256954
-46.328125   158.017044  36.371342
-45.799210   158.016647  36.408607
-45.107563   158.330460  36.458973
-43.948067   158.789017  36.722672
-42.990459   159.452667  36.741772
-42.050835   160.146988  36.798080
-41.204456   161.073105  36.840790
-40.397182   162.123291  36.948177
-39.711285   163.070526  36.940845
-39.066631   163.914978  36.984024
-38.474567   164.820343  37.008671
-37.920143   166.164307  37.165222
-37.582012   167.723038  37.573326
-37.113087   169.075851  37.768867
-36.716591   170.686646  37.908314
-36.416744   172.250427  38.145573
-36.098137   174.375671  38.303253
-35.823757   176.444565  38.494118
-35.633755   178.355881  38.792446
-35.351635   180.454498  39.078354
-35.398258   182.570541  39.469227
-35.340805   184.776031  40.016613
-35.196087   186.508789  40.457802
-34.963757   188.432663  40.865215
-34.970798   190.345993  41.269943
-35.254841   192.835388  41.799164
-35.451057   195.244598  42.247910
-35.866562   197.633942  42.904419
-35.914307   199.841644  43.625164
-35.906818   201.822083  44.328217
-35.882809   203.923965  45.045483
-35.977085   206.076218  45.719357
-36.370884   208.843384  46.841843
-36.679039   210.879990  47.792271
-36.779823   212.471436  48.705711
-36.779320   213.819870  49.466190
-36.859936   215.436569  50.133438
-36.940807   216.631378  50.643963
-36.994392   217.648163  51.124687
-37.080063   218.641617  51.626827
-37.346554   220.884857  52.426846
-37.529076   222.504333  53.054920
-37.668018   223.593216  53.512741
-37.610474   225.451630  54.531307
-37.599575   226.928070  55.349934
-37.619839   227.789871  55.830681
-38.331188   228.800949  57.503159
-38.993820   229.271713  59.128521
-39.279926   229.848709  60.079754
-39.396442   230.248627  60.651245
-39.462929   230.515076  61.000919
-39.531780   230.608154  61.094612
-39.514736   230.666489  60.794613
-39.468838   230.571564  60.384933
-39.396065   230.298386  59.884079
-39.274780   229.827789  59.241970
-38.972515   229.080994  58.186306
-38.636921   227.970291  56.811108
-38.374783   226.571136  55.391964
-38.244148   224.847687  53.540749
-38.248920   221.841537  51.855865
-38.115837   217.686295  49.730995
-37.913601   213.201080  47.720047
-37.901791   209.028122  45.926056
-38.467094   204.901688  45.126686
-37.886742   192.517014  41.031647
-36.701481   189.176544  40.505032
-36.366207   185.143600  39.737000
-35.798481   180.689011  39.372501
-35.456142   176.960602  38.954517
-34.375092   173.462784  39.092964
-32.516018   169.903870  39.321159
-30.955904   166.944153  39.746590
-29.676853   164.647430  40.336128
-28.376230   162.899704  40.919716
-26.066551   161.291840  41.554165
-24.624821   159.843994  42.031017
-24.212996   158.484680  42.120274
-23.718811   157.601196  42.224968
-22.542826   157.218094  42.026592
-21.477692   156.788635  41.848846
-20.722698   156.544464  41.667210
-19.544994   156.508301  41.558296
-18.498653   156.887375  41.451084
-17.308359   157.406097  41.353046
-16.182446   158.628418  41.146412
-15.224823   160.171127  40.927612
-14.520971   161.803284  40.613918
-14.058492   163.642502  40.340008
-13.436758   165.665039  40.104946
-12.544640   167.727814  39.886047
-11.697699   169.915375  39.881054
-10.630236   172.396057  39.814819
-9.661766   175.040604  39.855377
-9.070284   178.208389  40.025993
-8.269234   181.178909  40.389118
-7.284276   184.533600  40.589909
-6.356196   188.286652  40.930878
-5.691149   191.907181  41.535152
-5.186655   195.005905  42.320572
-5.043834   197.559677  43.243294
-4.988213   200.399796  44.044205
-5.213046   203.451172  44.944771
-5.414991   206.013596  45.725197
-5.716012   209.351715  46.566570
-5.780918   212.420563  47.470367
-6.463138   215.557480  49.113808
-7.200762   218.617950  50.864853
-7.748304   221.117783  51.988487
-8.073848   223.302536  52.857204
-8.852105   227.375076  54.490257
-9.182378   228.878387  55.014977
-9.395767   231.242966  55.288658
-9.748139   233.223846  55.706867
-9.982807   235.099380  56.132133
-10.506311   236.778015  56.269951
-10.889406   238.315323  56.590900
-11.283923   239.344803  56.914108
-11.724973   240.437592  57.339382
-12.260441   241.529648  57.620125
-12.673851   242.459656  57.836361
-13.106112   243.328369  58.044895
-13.450700   243.947906  58.175503
-13.711592   244.439453  58.297531
-13.947231   244.822159  58.460506
-14.188972   245.186859  58.555374
-14.501147   245.426086  58.471134
-14.793986   245.466431  58.333622
-14.921266   245.468124  58.330780
-15.141569   245.431519  58.250134
-15.212477   245.464478  58.276012
-15.302106   245.450439  58.273697
-15.441092   245.332306  58.186596
-15.678996   245.035233  58.105618
-15.852967   244.505005  57.873764
-15.980680   243.883652  57.632065
-16.080542   243.024246  57.266125
-16.197565   241.184402  56.553921
-16.376497   239.267624  55.438965
-16.599581   237.388000  54.173954
-16.752602   235.053589  52.861923
-16.854128   232.899231  51.959724
-16.842451   230.614273  50.991325
-16.574005   227.472275  49.625103
-16.073940   224.134933  47.862949
-15.449473   220.786728  46.243958
-14.066582   216.514969  44.368298
-12.818160   211.789047  42.319542
-11.438773   206.531616  40.438602
-10.225439   200.064026  38.905758
-8.425895   193.237045  36.941555
-6.867168   186.559357  35.502972
-5.237258   180.340927  34.573875
-1.066214   172.527847  32.992901
1.795686   166.224747  32.006599
4.183419   161.915161  31.496307
6.114762   158.285568  31.419832
8.046237   155.388123  32.436253
10.396369   152.940384  32.626148
12.420839   150.599396  32.575779
14.716324   148.803009  32.568554
16.809486   147.261902  32.228283
18.498888   146.131393  32.059769
19.900795   144.901749  31.908701
21.015760   143.907288  31.759960
22.026646   143.200775  31.757397
22.807100   142.669495  31.736965
23.578636   142.335449  31.738558
24.382389   142.362381  31.705391
25.039936   142.595734  31.626621
25.688364   142.970276  31.559242
26.323603   143.453217  31.654112
26.799421   144.033936  31.719448
27.237892   144.954971  31.775063
27.536869   145.692459  31.767302
27.640697   146.538589  31.863312
27.648937   147.339005  32.109112
27.686331   148.521988  32.304401
27.655787   149.932327  31.958773
27.633301   151.287567  31.596390
27.563065   152.245331  31.442408
27.416111   153.043839  31.364727
27.238838   154.023819  31.299452
27.096231   155.285568  30.958136
26.942654   156.388443  30.613894
26.619919   157.401367  30.337145
26.481497   158.228912  30.117579
26.277517   158.745712  29.971399
25.877495   159.345749  29.909960
25.215624   160.348541  29.899536
24.969816   160.618835  29.885664
24.553095   160.909653  29.996521
24.122522   161.211670  30.143879
23.789511   161.403091  30.249100
23.379747   161.621292  30.300833
23.031193   161.872238  30.418791
22.724964   162.012482  30.518425
22.387094   162.083328  30.573486
22.117207   162.176636  30.864727
21.851921   162.194275  31.121595
21.645380   162.271698  31.261568
21.575611   162.138397  31.293394
21.501143   162.035187  31.307451
21.410234   161.970001  31.327538
21.308529   161.866333  31.344093
21.193525   161.746643  31.341745
21.054060   161.654114  31.323879
20.903658   161.605118  31.326839
20.704451   161.556351  31.376179
20.600744   161.524826  31.380568
20.474775   161.475021  31.382755
20.315645   161.398254  31.494303
20.143591   161.318436  31.655005
20.013729   161.244202  31.781567
19.854267   161.117401  31.957563
19.668959   160.942337  32.153187
19.382326   160.680695  32.720169
19.179001   160.472748  33.168926
19.014673   160.226059  33.673801
18.837334   159.998672  34.054882
18.710604   159.847092  34.295265
18.554903   159.671356  34.477936
18.445478   159.561737  34.612862
