-93.145760   313.619263  -85.888672
-93.071861   313.770294  -85.851364
-93.009811   313.866333  -85.874878
-92.959732   313.941376  -85.892593
-92.902924   314.003723  -85.913437
-92.827652   314.077576  -85.943298
-92.709679   314.080750  -85.996712
-92.600952   314.049957  -86.030411
-92.526314   314.038483  -86.057625
-92.323975   313.923492  -86.112045
-92.212120   313.892609  -86.154541
-92.068253   313.857208  -86.210976
-91.910988   313.860931  -86.289261
-91.819580   313.818390  -86.317787
-91.761520   313.749786  -86.318672
-91.694420   313.702087  -86.332001
-91.596947   313.705780  -86.381294
-91.483261   313.746979  -86.453926
-91.359901   313.797241  -86.533264
-91.271713   313.806641  -86.578850
-91.216827   313.783356  -86.594948
-91.184486   313.743927  -86.594063
-91.146423   313.711517  -86.598328
-91.109627   313.685822  -86.604980
-91.073898   313.663055  -86.612038
-91.025475   313.652344  -86.629417
-90.976433   313.644775  -86.648338
-90.893639   313.678955  -86.699997
-90.817825   313.708313  -86.746780
-90.733650   313.752106  -86.803543
-90.646309   313.807129  -86.866547
-90.551666   313.870819  -86.935661
-90.451385   313.944031  -87.010620
-90.303215   314.095978  -87.138161
-90.181534   314.219269  -87.242104
-90.071259   314.341034  -87.340492
-89.904144   314.593262  -87.518105
-89.651115   314.978302  -87.779716
-89.390640   315.413330  -88.061760
-89.047600   316.033752  -88.440109
-88.788643   316.744202  -88.818176
-88.538490   317.421204  -89.171707
-88.459236   318.105499  -89.459709
-88.374176   318.715210  -89.715004
-88.535927   319.011444  -89.820465
-88.846886   318.867706  -89.944580
-89.939247   314.650543  -90.752464
-90.286201   312.665344  -91.074432
-90.992928   308.898132  -91.445145
-91.898880   303.914917  -92.098930
-92.229088   299.493286  -91.636009
-92.231430   295.836395  -91.167458
-92.355820   292.951874  -90.724663
-92.322495   290.593719  -90.396240
-92.270493   288.158112  -90.182983
-92.166710   286.813934  -90.119469
-91.894547   285.731140  -90.235847
-91.614136   285.834534  -90.519821
-91.250847   286.520416  -90.959534
-90.930779   287.253571  -91.385277
-90.299606   288.937073  -92.325890
-89.961861   289.884338  -92.838310
-89.667191   291.327789  -93.422897
-89.844551   293.634460  -93.730858
-90.210350   296.519012  -93.813934
-90.381966   298.799683  -93.912987
-90.831421   301.208923  -93.765778
-91.207558   303.879425  -93.415665
-91.452164   306.780182  -93.106735
-91.933517   309.656036  -92.904045
-92.189629   311.456451  -92.787682
-92.558228   312.589600  -92.606560
-92.914116   313.478210  -92.373825
-93.348915   314.155823  -92.142097
-93.686539   314.761230  -91.982285
-93.944672   315.398071  -91.861732
-94.214005   316.240143  -91.715935
-94.353264   316.976349  -91.633400
-94.328835   317.848419  -91.621254
-93.870560   318.786804  -91.780441
-92.962120   319.670166  -92.014359
-90.733162   319.763947  -92.294746
-88.354279   320.011963  -92.762917
-85.785271   320.271027  -93.288933
-82.459122   319.430389  -94.640953
-79.030586   318.189911  -96.578209
-73.489441   311.974731  -99.440575
-72.870567   310.785645  -99.848114
-72.543442   308.881592  -100.192657
-72.804703   306.671753  -100.283302
-73.831245   303.599487  -100.142685
-75.444016   300.941742  -99.806137
-78.264145   298.093170  -100.055351
-81.087051   295.827057  -99.890121
-83.333702   293.963928  -99.415222
-84.691490   292.569763  -98.954208
-85.601753   291.579559  -98.536995
-86.072388   291.234283  -98.390289
-86.294609   291.138336  -98.335838
-86.315811   291.262726  -98.404205
-86.048332   292.454559  -98.060402
-85.276558   294.472015  -97.565681
-84.005264   297.389038  -97.157547
-82.781975   299.970978  -97.071800
-81.463844   303.387604  -97.079987
-79.887825   306.500854  -97.015335
-78.744476   309.965454  -96.862923
-78.010323   311.980133  -96.787010
-76.581131   314.279968  -96.633148
-74.875153   315.971527  -96.544014
-73.892433   316.929108  -96.490768
-72.562180   319.251984  -96.117523
-71.151878   321.222198  -95.549698
-69.555717   322.367798  -95.068466
-68.186516   323.247589  -94.634277
-67.363312   323.770508  -94.334190
-66.563004   324.394012  -93.904419
-65.634300   325.153564  -93.492958
-64.697655   325.990631  -93.121628
-63.666794   327.239227  -92.419113
-62.827095   327.816986  -91.871193
-62.220081   327.519989  -91.587898
-61.855984   327.200409  -91.267532
-61.548553   326.778259  -91.037888
-60.778687   325.978882  -90.970428
-60.063324   325.142914  -90.961792
-59.437565   323.657684  -91.060646
-58.659096   321.391266  -91.352478
-57.723766   318.341492  -92.338921
-57.227509   315.794586  -93.202545
-56.611191   312.698456  -94.735519
-56.128357   310.016693  -95.805496
-55.817677   308.214050  -96.571922
-55.526089   307.400604  -97.021172
-55.354298   306.907715  -97.289215
-54.988506   306.885010  -97.734718
-54.714607   306.905426  -98.047768
-54.558952   307.119354  -98.264679
-54.396904   307.956482  -98.378731
-54.281132   308.562286  -98.470100
-54.247292   310.175385  -98.481255
-54.256104   311.611938  -98.372719
-54.273239   312.666199  -98.236328
-54.160355   314.616669  -98.024704
-54.026707   317.322998  -97.434143
-53.841713   319.244141  -96.971420
-53.652298   321.055298  -96.562912
-53.398655   322.447357  -96.293259
-53.163574   323.541107  -96.116104
-52.964291   324.394257  -96.003052
-52.648281   325.444458  -95.875282
-52.364254   326.296997  -95.789513
-51.962719   327.131134  -95.735474
-51.660557   328.159271  -95.727432
-51.435730   328.899475  -95.730530
-51.200459   329.471283  -95.765190
-50.992054   329.908508  -95.803513
-50.788937   330.282074  -95.844490
-50.633064   330.564514  -95.873688
-50.446030   330.773712  -95.909653
-50.298935   330.941376  -95.937378
-50.235497   331.060364  -95.956810
-50.198788   331.021240  -95.994072
-50.141956   330.795502  -96.069153
-50.086555   330.358124  -96.151276
-50.028873   328.466583  -96.603340
-50.098476   325.768372  -97.079742
-50.280262   322.407379  -97.365990
-50.692322   318.565308  -97.375465
-51.057861   314.600433  -97.461296
-51.543400   311.192596  -97.265144
-51.995213   307.955841  -96.943695
-52.425953   305.687531  -96.561958
-52.878002   304.486694  -96.110344
-53.154480   302.236755  -95.828003
-53.284809   300.524170  -95.641930
-53.441849   299.431824  -95.471268
-53.539482   298.853516  -95.381287
-53.575424   298.662354  -95.321274
-53.592525   298.627441  -95.297546
-53.554886   298.778015  -95.298836
-53.494202   299.108368  -95.327530
-53.432808   299.443024  -95.385300
-53.571800   300.745880  -95.715614
-53.621361   302.709229  -96.135025
-53.593605   304.500946  -96.505356
-53.629856   307.477814  -96.811981
-53.268978   310.655243  -97.154549
-53.048969   313.600433  -97.094345
-52.663391   316.013611  -97.080002
-52.374424   317.733521  -97.110245
-51.961815   319.353516  -97.168427
-51.354115   321.251251  -97.255661
-50.932755   322.556946  -97.310020
-50.363747   323.614197  -97.381172
-49.802635   324.384277  -97.449326
-49.153690   325.127991  -97.561829
-48.441868   325.750366  -97.657089
-47.373718   325.556396  -97.928009
-46.029919   324.078613  -98.487083
-43.973183   322.044434  -98.974510
-41.966877   319.521057  -99.529671
-40.037098   317.087860  -99.950401
-37.718239   314.259247  -100.409805
-36.005741   311.588104  -100.707672
-33.986107   309.844818  -101.093300
-32.497906   308.627197  -101.305862
-31.587610   307.892578  -101.425507
-30.999945   307.429321  -101.497330
-30.584173   307.122833  -101.549805
-30.676220   306.839935  -101.512154
-30.706007   306.767761  -101.502495
-30.801771   306.613220  -101.467918
-31.433371   306.843445  -101.369278
-33.143524   308.031738  -100.998032
-34.435871   308.934174  -100.706146
-37.127159   310.304474  -100.045227
-39.727356   311.118744  -99.012283
-41.663292   311.703735  -98.207092
-43.069954   312.130493  -97.634697
-43.937950   312.455048  -97.235054
-44.558357   312.607483  -96.943977
-44.821190   312.795654  -96.766968
-44.858475   312.941406  -96.705879
-44.710320   312.994232  -96.756836
-44.002319   313.232330  -96.879745
-42.769333   313.421326  -97.180847
-41.262825   313.749207  -97.726143
-38.892593   314.490326  -98.448364
-36.486057   315.585571  -99.056343
-34.711544   316.655457  -99.385544
-33.119469   318.374847  -99.471970
-31.984522   320.026428  -99.461624
-31.217993   321.428619  -99.364555
-30.699284   322.377686  -99.304504
-30.247604   323.166229  -99.264427
-30.093056   323.876373  -99.176208
-29.988724   324.404419  -99.105003
-30.022875   324.824188  -99.018616
-30.086393   325.180450  -98.930840
-30.289988   325.626801  -98.802788
-30.638273   327.359558  -98.276855
-31.011820   329.170441  -97.735214
-31.145521   330.479492  -97.300537
-31.083681   331.461090  -96.954262
-31.042536   332.110291  -96.698532
-31.022125   332.547241  -96.504456
-30.872351   332.813202  -96.354355
-30.447735   332.563477  -96.404404
-29.796129   332.325653  -96.442612
-28.672699   331.017090  -96.673004
-27.398708   329.122101  -97.011665
-26.107937   326.416229  -97.410362
-24.455761   321.533936  -98.384659
-23.357092   318.186676  -98.909027
-23.049345   314.635162  -99.179565
-22.757858   310.987183  -99.324120
-22.662426   307.123596  -99.075623
-22.791536   303.928925  -98.621582
-23.224092   301.513336  -98.123833
-23.561092   299.928284  -97.760315
-24.407461   299.274567  -97.350311
-25.023619   299.675781  -96.964767
-25.575787   300.259613  -96.682106
-26.153269   301.411896  -96.372887
-26.581024   303.706512  -96.194397
-27.560976   307.679413  -97.309921
-28.763798   311.428406  -97.636284
-29.872684   315.916046  -97.053162
-30.951527   319.578949  -96.217079
-31.658321   322.828613  -95.441338
-32.298809   326.455688  -94.421906
-32.314919   330.602936  -93.439087
-32.404491   333.699768  -92.733215
-32.376804   335.545074  -92.335136
-32.246105   337.203735  -91.977943
-32.120365   338.382874  -91.740334
-32.031357   339.289276  -91.559547
-31.820971   340.313049  -91.400803
-31.509499   340.766205  -91.788582
-31.386190   340.896393  -91.954445
-31.234434   340.808685  -92.244568
-30.871351   340.473877  -92.810631
-30.385202   339.685974  -93.535736
-29.971758   338.646515  -94.300079
-29.604172   337.745636  -94.883095
-28.852013   336.563965  -95.464890
-28.017950   335.777496  -95.924332
-27.200397   335.309814  -96.278152
-25.947632   335.131195  -96.608849
-24.269720   335.334747  -96.867271
-22.401064   335.694336  -97.032578
-20.707800   336.065063  -97.096268
-18.974247   336.453552  -97.032066
-17.550873   336.517029  -97.048279
-16.372313   336.534698  -97.068794
-15.338862   336.270630  -97.171906
-14.486055   336.115234  -97.246048
-13.564072   335.785583  -97.349182
-12.806429   335.428894  -97.457108
-12.002144   334.957458  -97.581116
-10.974874   334.381897  -97.828514
-10.328433   334.234650  -98.027138
-9.762558   334.268860  -98.163635
-9.270027   334.304016  -98.313622
-8.896002   334.339783  -98.423241
-8.419052   334.309021  -98.638260
-8.091933   334.466614  -98.861778
-7.832836   334.750122  -99.004974
-7.708460   335.017151  -99.120003
-7.849085   335.029602  -99.254669
-8.300316   334.860291  -99.424995
-8.995941   334.498627  -99.645279
-10.119854   333.551392  -100.028122
-11.192765   332.636475  -100.379471
-12.026177   331.902405  -100.632141
-12.822292   331.028442  -100.875298
-13.473660   329.646851  -101.307465
-13.617917   327.852661  -101.663673
-13.267067   326.335052  -101.831390
-12.854074   324.944611  -102.016357
-12.493516   324.098511  -102.150566
-11.825118   323.529633  -102.285225
-10.627817   323.058960  -102.721153
-9.471640   322.721619  -103.083076
-8.296184   322.457458  -103.433159
-7.030884   322.774963  -103.678482
-6.260072   322.940094  -103.839157
-5.724823   323.028992  -103.965141
-5.252821   323.150055  -104.075554
-4.852466   323.351929  -104.164986
-4.568348   323.664368  -104.236084
-4.257504   324.096771  -104.308701
-4.016943   324.546661  -104.372627
-3.947863   324.886597  -104.483986
-4.012698   324.934967  -104.524910
-4.075584   324.963104  -104.611679
-4.113638   324.924988  -104.706970
-3.914010   324.239563  -104.953651
-3.091864   321.908417  -105.559456
-1.741229   319.916809  -106.124863
-0.444878   318.307190  -106.520493
0.733391   317.156555  -106.801727
2.499783   316.704224  -106.962379
4.261458   316.627350  -107.085060
6.111089   316.704071  -107.097740
7.415755   316.996155  -107.035065
8.561381   317.856720  -106.761528
9.485042   318.708069  -106.579956
10.198159   319.578979  -106.423729
10.583475   320.244202  -106.294731
10.816479   320.727509  -106.213646
10.957500   321.311676  -106.210503
11.031737   321.923889  -106.206299
10.946039   322.366821  -106.214294
10.851669   322.690948  -106.219154
10.786573   322.980927  -106.225281
10.627675   323.344879  -106.246056
10.452044   323.749969  -106.258934
10.157180   324.136841  -106.267822
9.661665   324.946533  -106.315346
9.198028   325.537750  -106.365471
8.819910   326.083069  -106.405128
8.512952   326.552551  -106.408218
8.236203   327.145874  -106.391754
7.988192   327.606750  -106.393707
7.807830   328.010254  -106.385384
7.674697   328.372223  -106.377655
7.487351   328.524384  -106.431389
7.273558   328.610107  -106.530365
7.051445   328.692230  -106.570633
6.819732   328.698456  -106.608803
6.502257   328.433350  -106.739105
6.383757   328.301514  -106.847755
6.266491   328.190033  -106.937889
6.134660   328.059570  -107.000626
6.006422   327.905609  -107.052704
6.191242   325.894653  -107.394997
6.164741   323.895172  -107.731010
6.223902   322.415070  -107.966637
6.722741   320.605133  -108.193359
7.177051   318.543579  -108.409645
7.520502   317.196503  -108.543228
7.867915   316.373352  -108.622467
12.771202   315.881500  -108.450584
14.613369   318.779602  -108.393776
15.292668   319.775055  -108.372726
16.452732   322.231262  -108.221855
16.846205   323.244659  -108.164604
17.212162   324.235718  -108.117233
17.612333   325.229645  -107.975830
17.771152   325.899445  -107.887238
17.798891   326.676605  -107.782913
17.849100   327.226563  -107.713585
17.868151   327.700806  -107.596527
17.880707   328.026550  -107.512123
18.201181   328.288147  -107.416969
18.391479   328.405640  -107.343857
18.686659   327.954926  -107.367294
19.140280   326.906311  -107.411209
19.602043   325.845673  -107.438614
19.943981   324.518524  -107.447662
20.195597   322.890228  -107.472427
20.582647   320.556122  -107.447296
20.947309   318.514069  -107.382660
21.111763   315.785492  -107.285194
21.206257   313.280182  -107.096642
20.866135   310.926575  -106.760109
20.224150   308.810059  -106.344612
19.495989   307.093018  -105.921661
18.605490   305.676788  -105.497749
17.557930   305.028015  -105.112610
16.344023   304.880249  -104.760605
15.227186   304.859985  -104.450218
13.901618   305.787201  -104.084953
12.744981   306.852936  -103.804504
11.784956   307.658569  -103.565422
11.019422   308.876068  -103.311974
10.197993   311.289032  -102.909660
9.872653   315.164459  -102.232529
10.060005   318.047577  -101.714706
10.905547   321.549072  -101.136559
11.719910   324.143372  -100.738243
13.179042   327.394104  -100.052353
14.871031   330.620178  -99.047890
16.351645   332.694977  -98.450134
17.724279   334.120789  -98.096085
19.061474   335.394989  -97.746666
20.666054   336.745087  -97.310051
21.962561   337.745850  -96.935509
23.011724   338.508179  -96.742661
24.510033   338.980316  -96.750206
25.612074   339.968964  -96.509293
26.986696   340.644501  -96.494347
28.174057   341.073273  -96.432739
29.313034   341.621887  -96.423019
30.523197   342.141357  -96.336105
31.995998   342.437469  -96.483948
33.405716   342.707489  -96.509651
34.803844   342.834351  -96.592072
36.024044   342.929138  -96.622337
37.339378   342.905701  -96.650139
38.497677   342.803314  -96.646362
39.866238   342.860596  -96.629478
40.764618   342.717377  -96.618599
42.063087   342.267456  -96.805832
42.945148   341.985626  -96.923752
44.034615   341.534851  -96.977150
45.052868   341.205200  -97.029747
45.875732   341.025269  -97.074860
46.728683   340.758728  -97.081627
47.693272   340.266327  -97.336548
48.658691   339.877808  -97.478157
49.292564   339.620789  -97.567398
50.871441   339.011658  -97.728432
51.234264   338.847717  -97.769478
51.797802   338.766571  -97.874374
52.138435   338.645905  -97.935913
52.075851   338.622192  -97.989021
51.845703   338.535919  -98.003006
51.415264   338.328461  -97.977928
50.661957   338.114563  -97.906021
49.827908   337.760559  -97.806343
48.763149   337.263000  -97.715736
47.781315   336.734985  -97.600388
46.858734   336.179962  -97.549629
45.960518   335.498199  -97.602898
45.409466   334.945251  -97.596100
45.061573   334.520905  -97.535492
45.023544   334.128815  -97.565849
45.016960   333.723633  -97.522614
45.747910   333.064911  -97.499123
46.996353   332.156708  -97.628815
48.017967   331.497345  -97.732506
49.945881   330.560242  -97.993141
52.401798   328.552887  -98.850082
54.745083   327.172058  -99.466370
56.302395   326.520813  -99.890572
57.274639   326.048523  -100.136551
57.906166   325.531830  -100.313568
58.091290   324.284393  -100.545349
58.220039   323.406464  -100.697968
57.955730   322.494049  -100.849617
57.144138   321.253052  -101.108765
55.468845   319.104034  -101.834503
54.000160   317.327271  -102.261093
52.428455   315.950714  -102.562675
50.975513   314.924072  -102.734886
49.566074   314.101288  -102.752815
48.658756   314.385132  -102.772873
48.010422   314.704285  -102.751266
47.556675   315.033875  -102.733284
47.202168   315.278534  -102.705421
46.927288   315.492157  -102.686577
46.812210   315.686646  -102.670837
46.437027   316.830780  -102.545029
46.134026   317.888031  -102.426254
46.186161   319.077698  -102.346535
46.695873   320.438019  -102.245544
48.139359   322.084412  -102.042786
49.715767   323.402374  -102.019936
51.620216   324.483643  -101.963448
53.416454   325.262970  -102.030533
55.274071   326.138794  -102.279045
57.155647   326.806702  -102.324097
58.367577   327.228241  -102.342583
59.930138   327.565155  -102.342430
61.343151   327.877716  -102.385353
62.368679   328.130951  -102.413773
63.258606   328.353546  -102.535843
64.159027   328.590454  -102.727242
65.150597   328.945953  -102.992790
66.510437   329.405792  -103.821014
67.626198   329.773499  -105.225906
68.238068   330.655609  -106.771301
67.524391   331.802612  -107.561531
66.783340   332.332428  -107.884811
66.188080   332.509979  -108.008904
65.721313   332.607208  -108.068687
65.130478   332.494995  -108.088966
64.575241   332.270996  -108.080643
63.938652   331.904541  -108.042870
63.216564   331.322754  -107.969742
62.619728   330.456238  -107.887810
62.127983   329.234833  -107.775673
62.192902   327.681030  -107.570229
62.671379   326.421875  -107.364304
63.757584   325.664398  -107.037788
64.970757   325.621063  -106.661240
66.061218   325.747955  -106.342651
66.928246   325.997711  -106.065201
67.772659   326.364532  -105.854477
68.359985   326.628143  -105.712646
68.854332   327.028656  -105.569305
69.236252   327.328125  -105.473442
69.520401   327.561218  -105.413689
69.603462   327.695679  -105.378357
69.649559   327.900574  -105.300575
69.645561   328.031036  -105.250862
69.714584   328.158447  -105.250832
69.787262   328.047424  -105.241554
69.869370   327.896912  -105.236351
70.018753   327.504120  -105.213058
70.225204   326.973175  -105.191353
70.655777   326.267944  -105.139374
71.395401   325.707306  -104.925613
71.861481   324.995148  -104.811302
72.492661   324.614624  -104.716965
73.101311   324.591187  -104.707413
73.618767   324.642334  -104.715660
74.265289   325.011414  -104.707809
74.959007   325.448700  -104.700226
75.543594   325.919769  -104.704735
76.026466   326.817657  -104.633278
76.460800   328.294495  -104.398285
76.737991   329.448151  -104.188522
76.962379   330.810577  -103.844452
77.035385   332.137451  -103.549194
77.099335   333.456696  -103.187866
77.185097   334.506378  -102.916832
77.313690   335.465027  -102.672333
77.390434   336.134918  -102.493698
77.419044   336.604950  -102.356720
77.433411   337.709930  -102.014084
77.452858   338.596680  -101.741951
77.287003   339.307617  -101.546028
76.977699   340.245117  -101.237793
76.757813   341.043488  -101.010902
76.566109   341.787018  -100.836281
76.453217   342.389923  -100.726784
76.381737   342.830200  -100.649651
76.342781   343.194763  -100.616081
76.340103   343.594391  -100.585945
76.317467   344.020325  -100.558083
76.357819   344.253113  -100.614952
76.393951   344.279785  -100.642929
76.425827   344.300537  -100.665718
76.451202   343.929657  -100.729385
76.457413   343.566711  -100.780876
77.155922   340.675812  -101.061996
77.475052   339.513611  -101.189590
77.815529   337.750885  -101.323776
78.171379   336.282654  -101.414185
78.568314   335.179871  -101.514053
78.985237   335.011505  -101.496956
79.045708   335.403961  -101.470093
79.063782   336.069946  -101.421898
78.967636   337.407288  -101.125114
78.940109   339.787354  -100.786469
78.639191   341.730164  -100.431793
78.300346   343.689514  -100.098930
77.537674   346.915405  -98.793083
77.007042   349.199738  -97.810646
76.673332   350.674805  -97.167763
75.963440   352.177002  -96.564995
75.521263   353.296600  -96.139130
75.075462   354.089386  -96.057999
74.648438   354.439301  -96.096405
74.320831   354.629150  -96.215622
74.021584   354.538452  -96.829498
73.925201   353.868378  -97.561005
74.058258   352.703430  -98.429619
74.390793   350.594391  -99.716324
74.782814   348.809235  -100.696129
75.439835   346.809113  -101.590508
76.205719   345.021179  -102.294823
76.713242   343.783569  -102.860504
77.322243   342.963654  -103.434418
77.856544   342.683807  -103.770844
78.259102   342.492798  -103.995354
78.531502   342.380280  -104.147705
78.754890   342.424561  -104.218536
78.974342   342.511383  -104.238556
79.132469   342.563324  -104.250603
79.199883   342.605499  -104.234177
79.264168   342.712341  -104.120163
79.318115   342.805176  -104.022003
79.361771   342.878998  -103.940216
79.392998   342.937408  -103.871002
79.441147   343.025940  -103.726265
79.429245   343.051971  -103.592117
79.599197   343.012512  -103.399818
79.700554   342.936615  -103.233330
79.745445   342.831299  -103.097992
80.143051   342.410858  -102.842659
80.888176   341.985321  -102.454414
81.559128   341.169769  -102.107727
82.097153   339.631134  -102.255310
82.522591   337.092102  -102.590881
82.737137   334.256622  -102.855469
82.780281   330.032745  -103.443451
82.779938   326.936584  -103.697701
82.968781   324.024170  -103.737846
83.380928   321.230713  -103.629570
83.674950   319.510132  -103.554184
84.045151   319.170593  -103.348045
84.416328   318.985718  -103.224838
85.517471   320.178162  -102.951515
86.008514   320.746613  -102.852646
87.000740   322.427185  -102.535324
87.638985   323.825256  -102.331245
88.305176   325.644653  -102.108551
88.964005   328.079315  -101.803185
89.480682   330.010590  -101.444389
89.756714   332.701813  -101.094551
89.759438   335.329346  -100.604294
89.761002   337.286743  -100.210518
89.728638   338.737152  -99.904770
89.350861   340.467438  -99.500038
88.740372   342.354248  -99.135719
88.569458   343.789642  -98.894096
88.327644   345.024261  -98.710907
88.184647   346.370483  -98.601059
88.168663   347.448364  -98.513565
88.131683   348.745667  -98.641098
88.149429   349.671967  -98.747849
88.186790   350.416779  -98.983154
88.001511   350.639954  -99.253525
88.013435   350.565552  -99.464592
88.165840   350.404572  -99.648270
88.477951   349.908020  -99.852089
88.673325   349.140594  -100.025848
88.936119   347.312439  -100.405785
89.587875   344.337067  -100.836464
90.166214   341.301361  -101.248413
90.806374   337.289581  -101.742767
91.716660   332.793793  -102.792053
93.111671   324.882385  -105.725937
94.066010   319.861023  -107.319084
94.672066   316.890320  -108.179214
94.933609   315.298431  -108.744492
95.068245   314.385620  -109.055153
95.154427   313.930664  -109.453697
95.154373   314.474365  -109.368919
95.342491   315.737366  -109.041702
95.902390   317.533417  -108.865479
96.588745   320.346069  -108.464455
97.206871   321.874786  -108.454041
97.667587   322.898010  -108.463303
98.154961   323.816132  -108.513977
98.719559   325.999176  -108.106117
98.913399   328.064453  -107.612816
98.839592   329.582458  -107.219292
98.599373   330.416443  -106.928024
97.984306   331.049896  -106.654350
97.413147   331.533661  -106.408028
96.240440   332.055817  -106.056236
95.109596   332.024750  -105.737709
94.187241   332.127350  -105.307816
93.286926   332.168945  -104.903946
92.858864   332.536957  -104.439835
92.835739   332.873657  -104.045784
93.347313   333.648163  -103.471855
94.228607   334.526428  -102.990799
95.016174   335.194641  -102.635033
95.774475   335.705414  -102.349609
96.898254   335.965027  -101.768250
97.987350   336.100708  -101.186005
98.560310   336.048645  -100.804131
98.892967   335.620209  -100.459358
99.595673   331.821350  -102.561531
100.272278   329.160126  -104.108597
101.189842   327.677124  -105.431305
102.743843   330.850067  -104.781281
103.167953   331.629211  -104.536018
104.108391   334.082764  -103.273613
104.839691   335.804504  -102.378456
104.980148   336.974854  -101.874100
105.142540   338.435822  -101.365921
104.713776   340.449432  -100.705933
104.452103   341.082123  -100.461983
103.861954   342.107239  -100.015114
103.551956   342.418365  -99.796066
103.249252   342.546265  -99.471176
103.030403   342.641449  -99.215607
103.370110   343.322266  -98.963791
104.449303   344.366425  -98.367287
105.533272   345.549347  -97.906761
106.051903   346.096924  -97.747490
106.846085   346.906342  -97.637077
107.651047   347.718750  -97.569176
108.415260   348.264221  -97.713440
108.966187   348.646667  -97.824692
109.380753   348.935028  -97.909355
109.699409   349.157715  -97.975731
109.953064   349.337524  -98.030159
110.128479   349.441956  -98.070091
110.843208   349.537506  -98.338219
111.368820   349.573273  -98.556549
111.998482   349.247498  -98.900352
112.318390   348.167206  -99.178062
112.553413   347.121948  -99.389099
113.593689   345.281921  -98.875397
114.741554   343.897400  -98.240082
114.861259   341.364349  -98.627922
114.361992   337.738953  -98.876099
114.097633   334.846466  -98.765488
114.066277   331.938568  -98.554962
114.084503   330.328094  -98.308014
114.277397   329.250732  -98.314255
115.651146   328.094177  -99.487892
117.235603   328.283661  -101.071136
118.414551   329.821564  -101.891762
118.828293   330.755096  -102.103706
119.190559   333.125671  -102.218826
119.343536   334.843353  -102.245392
119.076050   336.274506  -102.042953
118.688049   339.511658  -101.087822
118.363579   342.044403  -100.320892
117.307411   348.452972  -96.872681
116.769753   352.232422  -94.671417
116.285927   354.601288  -93.269691
115.618340   356.390442  -92.431648
115.194351   357.416443  -91.925545
114.966949   357.676544  -91.951767
114.823227   357.758667  -92.063332
114.516220   357.264252  -92.530846
114.380508   356.609589  -92.977844
114.428192   355.222015  -93.712776
114.729889   352.623138  -94.838715
114.772232   350.366364  -95.612679
115.081352   348.433777  -96.174225
115.763855   346.349731  -97.339859
116.504272   344.872589  -98.344101
117.567192   343.940552  -99.179817
118.563400   343.026703  -100.184975
119.169388   342.454895  -100.813599
119.140869   342.711334  -100.970253
119.156815   342.942047  -101.095451
119.168823   343.112518  -101.184616
119.156197   343.287903  -101.220291
119.071640   343.542755  -101.188179
119.064499   343.959991  -101.083023
118.707764   345.109406  -100.146294
118.491867   346.751099  -98.037910
118.423691   347.797150  -96.755142
118.430946   348.368042  -96.098312
118.439331   348.785004  -95.623459
118.322937   348.950836  -95.123581
118.213203   349.047546  -94.758728
118.131531   349.100769  -94.504341
118.046547   348.966248  -94.277451
118.304039   348.751892  -93.930481
118.419182   348.306213  -93.551651
118.694832   347.934082  -93.115608
118.724007   347.225128  -93.022415
118.716621   346.582214  -92.996841
118.732697   346.086761  -92.978989
118.798523   345.604004  -92.915039
118.869911   345.066956  -92.848557
119.285545   344.689819  -92.692314
119.395576   343.710358  -92.565483
119.653122   343.052002  -92.661972
119.685028   342.428894  -92.735077
119.771301   341.695038  -92.848572
120.227875   341.410309  -92.670036
120.538811   340.945099  -92.418861
120.670395   340.442810  -92.500351
120.824738   340.088135  -92.539978
121.007133   339.613007  -92.540688
121.135292   339.226593  -92.533653
121.198463   338.955048  -92.527763
121.396996   338.608490  -92.503738
121.550789   338.382477  -92.492020
121.766090   337.981873  -92.435623
121.951065   337.525818  -92.485535
122.150124   337.288116  -92.601807
122.381607   337.125946  -92.738716
122.852325   337.007813  -92.913017
123.131691   336.823669  -93.040833
123.438156   336.706055  -93.121162
124.049171   336.546570  -93.273445
124.622284   336.590698  -93.378960
125.199051   336.747711  -93.470848
125.693169   336.896973  -93.544098
126.556221   337.242523  -93.695488
128.020142   338.022369  -93.758125
129.340576   338.655487  -93.673904
130.373459   339.316315  -93.591682
131.138275   340.183502  -93.579849
131.970947   340.980774  -93.500160
132.467621   341.711670  -93.310707
132.774353   342.209045  -93.175583
132.845993   342.574707  -93.065323
131.428543   343.782257  -92.948418
130.922607   344.119751  -92.902237
129.819717   344.658142  -92.772583
128.870621   345.054871  -92.666161
128.082733   345.275726  -92.577774
127.591866   344.897980  -92.583046
127.424721   344.712982  -92.596573
127.173500   344.008148  -92.760643
127.521866   342.926453  -93.042969
128.351334   341.932007  -93.277641
129.720734   340.427765  -93.931717
130.918350   339.034729  -94.381897
132.373199   337.199219  -94.879723
133.697510   335.931396  -95.248314
134.586853   335.116669  -95.476524
135.249008   334.561920  -95.633888
135.650482   334.061615  -95.741463
136.138306   331.877655  -97.037231
135.907013   328.150574  -99.904526
134.398331   324.572723  -102.357979
132.847977   321.907501  -104.174080
131.501144   320.052856  -104.881416
130.284393   318.649353  -105.070030
129.679581   318.262939  -105.029175
129.347916   318.052887  -104.976151
129.083755   318.118011  -104.855141
129.214722   319.449371  -104.421463
129.468887   321.230377  -104.180748
129.844391   323.746979  -103.281868
130.142731   325.414948  -102.707199
130.304886   326.399963  -102.357475
129.940125   328.489166  -101.465225
129.933823   331.526855  -100.333374
130.106003   334.193146  -99.440231
130.241638   336.160004  -98.812836
130.403763   337.750519  -98.383873
130.543625   338.926514  -98.086205
130.755875   340.008575  -97.878159
130.811111   341.915710  -97.788544
131.020676   343.565735  -97.639168
131.159256   344.683167  -97.536621
131.093582   345.795746  -97.354462
131.314240   346.896301  -97.236557
131.610458   347.854980  -97.158264
131.497055   349.628632  -96.436897
131.311066   351.512177  -95.559914
131.172180   351.722229  -95.403069
131.255585   351.856934  -95.324646
131.429214   351.846680  -95.273613
132.000992   351.752197  -95.135689
132.264420   350.838531  -95.429848
133.088898   349.276794  -95.864098
134.094940   345.650604  -96.533157
135.473602   341.611023  -98.045258
136.705826   336.798859  -98.893188
137.621872   332.337097  -99.559448
139.139130   325.252930  -102.358704
140.081711   321.476044  -103.552155
140.712570   319.473267  -103.804214
140.998489   318.236359  -103.805832
141.774902   317.688385  -104.014343
142.309296   317.322479  -104.524254
142.112076   318.118835  -104.248367
142.088882   318.430206  -104.174522
142.403534   320.037811  -103.833618
143.333893   322.319794  -103.320992
144.265106   325.355530  -102.515320
145.067932   327.882996  -101.940155
146.194366   330.376465  -101.264816
147.182495   332.361725  -100.526352
147.918427   333.720154  -100.031471
148.371567   335.828064  -99.093758
148.842117   337.360718  -98.455467
149.399902   338.607483  -97.661369
149.881317   338.954224  -97.334076
150.013412   338.686615  -97.257126
150.113174   338.062531  -97.282944
149.969116   336.220062  -97.416351
150.099457   334.018921  -97.802444
150.686188   330.980988  -98.661934
150.990036   328.499329  -99.223785
151.841141   324.849701  -100.093102
153.062790   321.300446  -101.193443
153.683823   318.085510  -102.741646
154.136597   316.495331  -103.298996
155.193542   315.589752  -104.200920
156.286835   315.614960  -105.088989
156.651505   316.851898  -104.734352
156.707077   317.944275  -104.261574
156.852005   319.167816  -103.861664
157.117752   321.030396  -103.126984
157.943558   325.685150  -101.842323
157.551346   328.780396  -100.604713
157.713913   331.435944  -99.810448
157.531601   335.872345  -98.214279
157.057220   338.348541  -97.267548
156.570313   340.245422  -96.628815
156.553574   341.898376  -95.851639
156.466873   342.940765  -95.344658
156.171173   344.299866  -94.812828
155.667908   346.225250  -94.107353
155.458542   347.616699  -93.463570
155.183594   348.318817  -92.963974
155.078735   348.804291  -92.661644
155.013809   349.088196  -92.467857
155.003143   349.050262  -92.284042
154.997437   347.866882  -91.806694
155.594452   347.001160  -91.474541
156.321777   346.076691  -91.209198
157.193451   344.992249  -91.063980
157.886734   342.065887  -91.552376
158.803635   339.236786  -92.333954
160.392227   335.731079  -92.955406
161.313705   332.350281  -93.507439
161.488144   329.848083  -93.880325
161.364304   327.021576  -94.145027
162.111908   324.506409  -94.717712
162.297668   322.396698  -95.099358
162.782166   320.772552  -95.334129
163.095093   319.720886  -95.482529
163.117569   318.806488  -95.633919
163.579208   319.019440  -95.806938
163.737976   319.479187  -95.915504
165.541290   324.898224  -96.251472
165.984100   326.169922  -96.302689
166.339218   328.882660  -97.206230
166.128845   330.920258  -97.544754
166.116043   332.104584  -97.548386
166.429550   333.695221  -97.219322
167.518265   335.988434  -96.753700
168.300705   337.686249  -96.306015
168.847488   338.303528  -96.091393
169.096085   338.329834  -95.963676
169.885056   337.859070  -95.169952
170.679535   337.407562  -94.532562
171.241150   337.131134  -94.069717
172.358826   336.606506  -93.467392
173.186905   336.043945  -93.427544
175.025375   335.185364  -93.360275
176.962158   334.221985  -93.267563
178.576813   333.545990  -93.171089
180.325729   332.797119  -93.116982
182.432114   331.940613  -93.064621
184.741821   331.884155  -92.768806
187.061691   332.933594  -92.113632
188.331116   333.620148  -91.701538
189.266541   334.210541  -91.453041
190.205994   335.355927  -91.326447
190.793472   336.092865  -91.230217
191.163437   336.605621  -91.153114
190.757843   336.658569  -91.529938
190.218872   336.483704  -91.951469
189.348053   335.889374  -92.401825
188.176483   335.008606  -92.853821
187.033630   333.782959  -93.299187
185.986115   332.311951  -93.672615
185.478607   331.409607  -93.877563
185.157944   330.848541  -93.998482
185.006302   330.139465  -94.184967
184.925903   329.631042  -94.301056
185.104294   329.608521  -94.175209
185.595230   329.653351  -94.046860
185.847031   329.848602  -94.138580
186.237488   330.079346  -94.322731
186.557556   330.276794  -94.465981
186.911087   330.464172  -94.680634
187.189621   330.619629  -94.846695
187.442108   330.785583  -94.970520
187.621735   330.891296  -95.066902
188.276382   330.534271  -95.766197
188.591370   327.088409  -99.280052
189.540680   324.924316  -100.743294
191.122513   323.528931  -101.640602
192.897919   322.672455  -101.919159
195.107849   322.258331  -101.725273
199.114212   326.162140  -98.951210
203.645508   331.623260  -95.351334
207.262192   337.764099  -91.518059
209.193680   342.738495  -87.791862
212.988831   348.338196  -83.380234
214.213364   350.318726  -81.925980
214.539948   350.930786  -81.506821
214.029938   351.547852  -81.293304
213.252563   351.307953  -81.907272
213.268875   351.618286  -81.783531
211.516235   349.762878  -83.835373
210.632141   348.252411  -85.384384
209.664688   346.655975  -87.174454
208.968369   344.779236  -88.921135
208.599640   344.226257  -89.673836
208.205627   343.437531  -91.148438
208.363113   342.214386  -91.947441
208.668411   341.077881  -92.205246
209.099457   340.718933  -92.179108
209.690414   341.494202  -91.925415
209.956558   342.116425  -91.772980
210.330627   343.337524  -91.538757
210.839508   344.443451  -91.108345
211.703049   346.051666  -90.561226
211.905151   346.645233  -90.387497
212.156921   347.602844  -90.110672
212.170090   348.354340  -89.952896
212.231964   349.623688  -88.876343
211.943527   352.138000  -87.089584
211.909378   353.594147  -86.055496
212.078094   354.636658  -85.307800
212.319504   355.718719  -84.499321
212.403275   356.443756  -83.978897
212.379990   356.881165  -83.674255
212.464508   357.509460  -83.292137
212.741730   358.296906  -82.856064
212.901001   359.271576  -82.349648
212.667847   359.634338  -82.087585
212.741776   360.431671  -81.291588
