5.473431  174.343750  25.306911
5.485013  174.356461  25.291763
5.493546  174.363449  25.285275
5.497513  174.363998  25.281105
5.491828  174.351852  25.275248
5.480373  174.331955  25.268690
5.472372  174.317642  25.261614
5.471254  174.311127  25.253613
5.471968  174.304855  25.245924
5.475539  174.304077  25.237698
5.479825  174.303116  25.230963
5.489625  174.305786  25.223770
5.498485  174.306473  25.217478
5.505727  174.303421  25.211439
5.511297  174.297852  25.205820
5.518831  174.298859  25.199104
5.525203  174.296066  25.191555
5.529422  174.296600  25.183149
5.533332  174.297226  25.174788
5.529716  174.290939  25.168547
5.531147  174.290237  25.161205
5.528797  174.283585  25.153326
5.524805  174.276474  25.146015
5.522506  174.269318  25.139002
5.521777  174.264359  25.131767
5.522392  174.257111  25.124767
5.523201  174.250229  25.118010
5.522825  174.241165  25.112106
5.520616  174.229156  25.107170
5.517682  174.218399  25.102789
5.515037  174.209534  25.098511
5.511200  174.200485  25.094648
5.511431  174.190750  25.091097
5.490592  174.175049  25.090084
5.489452  174.166611  25.088118
5.491783  174.161270  25.085756
5.489700  174.150986  25.084265
5.488884  174.143845  25.083742
5.489318  174.139191  25.083303
5.491334  174.129074  25.082415
5.483846  174.105652  25.079300
5.483582  174.105087  25.079187
5.468767  174.086212  25.074488
5.458371  174.079041  25.072054
5.454412  174.074081  25.067894
5.453244  174.071884  25.063192
5.451155  174.071869  25.058569
5.447554  174.070663  25.053391
5.444468  174.070679  25.047802
5.444736  174.070114  25.042059
5.442618  174.067932  25.037176
5.443490  174.068527  25.031820
5.436793  174.064606  25.028158
5.427647  174.059647  25.025148
5.418804  174.054932  25.022406
5.411375  174.051239  25.019512
5.399613  174.046158  25.016808
5.384171  174.043488  25.014378
5.364520  174.043121  25.011824
5.339670  174.044785  25.008841
5.307503  174.053787  25.005693
5.278768  174.074356  25.004534
5.246280  174.119995  25.010660
5.230943  174.201675  25.014690
5.198113  174.330139  25.028559
5.147253  174.496674  25.045261
5.088856  174.705444  25.056938
5.005039  174.885361  25.064627
4.901143  175.059601  25.069313
4.774579  175.269516  25.081026
4.651892  175.499924  25.099953
4.483057  175.842377  25.124468
4.005957  176.916763  25.305784
3.822131  177.366913  25.356050
3.429857  178.294434  25.470413
2.942788  179.462997  25.602814
2.383151  180.680984  25.783377
1.911977  181.979294  26.016714
1.410555  183.438660  26.373075
0.804039  185.021515  26.762453
0.161569  186.902374  27.242939
-0.530532  188.711060  27.756109
-1.390554  191.051117  28.520699
-2.312205  193.543228  29.381544
-3.218935  195.763199  30.229567
-4.102717  197.988998  31.151321
-5.055926  200.326141  32.302849
-5.967152  202.774445  33.455566
-6.706600  204.291092  34.274246
-7.879924  206.845566  35.753906
-8.885231  208.860321  37.071236
-9.758769  210.841537  38.327225
-10.641841  212.904251  39.546825
-11.222650  214.066238  40.289318
-12.145157  215.626236  41.274017
-13.006696  217.073853  42.218334
-13.799378  218.193848  42.999699
-14.575260  219.304596  43.733006
-15.245523  220.167145  44.362198
-15.824008  220.825226  44.910816
-16.359722  221.459427  45.473351
-16.843624  221.976089  45.898441
-17.386246  222.412094  46.283138
-17.873569  222.828369  46.628429
-18.314287  223.091095  46.888783
-18.737720  223.207672  47.052151
-19.119534  223.240204  47.142593
-19.472210  223.179977  47.213818
-19.824108  223.177200  47.338669
-20.204094  223.045654  47.313301
-20.460636  222.851166  47.274494
-20.727783  222.645981  47.264244
-21.009211  222.413361  47.250385
-21.361708  222.022827  47.167393
-21.810133  221.535507  47.076656
-22.319946  220.960815  46.969749
-22.891016  220.392776  46.908520
-23.714638  219.634018  46.855419
-24.734873  218.545227  46.814327
-25.886436  217.434570  46.807995
-27.195896  216.180710  46.763775
-28.811546  214.616135  46.743210
-30.172670  213.207138  46.709309
-31.794054  211.458496  46.583832
-33.472214  209.808334  46.547382
-35.216080  208.199997  46.625145
-36.919445  206.669373  46.712971
-38.801205  205.179825  46.827892
-40.577541  203.447937  46.870766
-42.257236  202.160339  47.123764
-43.983738  200.539108  47.305077
-45.382912  199.284286  47.516861
-46.696949  198.025909  47.744495
-47.877373  196.715881  47.878990
-48.942406  195.573593  48.031727
-49.896214  194.332581  48.128548
-50.710918  193.333527  48.241943
-51.431347  192.423279  48.350838
-52.055958  191.592804  48.444538
-52.506561  190.803101  48.496754
-52.865368  190.083542  48.538357
-53.145779  189.494385  48.575085
-53.352192  188.979523  48.587471
-53.492771  188.591446  48.590157
-53.582127  188.268829  48.584507
-53.599209  187.998138  48.610046
-53.541225  187.677338  48.616131
-53.216370  187.307083  48.559486
-52.788532  187.174377  48.574131
-52.277050  187.077774  48.526627
-51.688995  187.041962  48.388908
-50.797981  187.189529  48.131153
-49.796040  187.396957  47.863586
-48.643536  187.616135  47.508316
-47.212513  187.949722  47.001766
-45.727924  188.180344  46.442989
-44.108456  188.696365  45.755230
-42.258987  189.469040  45.101604
-40.245117  190.225571  44.355743
-38.040634  191.294189  43.612984
-36.030640  191.868942  42.899956
-33.690643  192.476563  42.122692
-31.094376  193.165756  41.184681
-28.406593  193.530365  40.327354
-25.347469  194.356216  39.552048
-21.921232  195.332977  38.669846
-18.625803  196.077423  37.817760
-15.092785  196.836212  36.858227
-11.654763  197.702942  36.192684
-7.939745  198.895950  35.703445
-4.497736  199.752960  35.268871
-1.171468  200.739746  34.958275
2.037333  201.655624  34.652645
5.350956  202.500031  34.427643
8.680739  203.511536  34.397648
11.668203  204.260727  34.382252
14.750909  204.986176  34.460785
17.800920  205.802277  34.638348
20.474043  206.489685  34.822613
22.789377  207.114136  35.039616
24.846338  207.564148  35.193951
26.807772  207.967804  35.326881
28.790909  208.494476  35.490093
30.626402  208.942673  35.629696
32.161869  209.219131  35.752884
33.487625  209.306671  35.816517
34.908428  209.539734  35.870438
35.996502  209.713806  35.895073
37.246639  210.105270  35.958458
38.231846  210.358521  36.001816
39.257931  210.486237  36.011990
40.302822  210.667923  36.054104
41.179665  210.756302  36.081882
42.234741  211.004807  36.168621
43.042576  211.179321  36.228928
43.674767  211.244705  36.275833
44.273785  211.285202  36.330593
45.579704  211.390152  36.450638
46.012451  211.517395  36.568718
46.688122  211.759491  36.748581
47.294888  211.958282  36.758793
47.855457  212.147675  36.742508
48.252979  212.270218  36.729599
48.495373  212.341309  36.722816
48.824085  212.388687  36.718048
49.062187  212.408569  36.729118
49.252460  212.396851  36.733624
49.420536  212.343277  36.734158
49.559040  212.283768  36.738712
49.698975  212.206070  36.742668
49.815342  212.138046  36.747433
49.944698  212.065399  36.756802
50.061001  211.985413  36.759830
50.178448  211.926559  36.767357
50.277306  211.880188  36.774319
50.380581  211.836731  36.782829
50.494938  211.804703  36.801006
50.600910  211.794266  36.820656
50.689201  211.777420  36.837719
50.786442  211.775238  36.859543
50.875225  211.781357  36.881847
50.963547  211.789948  36.905464
51.038788  211.792923  36.925045
51.144058  211.843750  36.987434
51.266418  211.928696  37.095890
51.390079  211.998215  37.220158
51.602165  212.189468  37.531155
51.767647  212.328339  37.812950
51.805195  212.307938  37.895378
51.818905  212.225281  37.941238
51.898483  212.245743  38.082195
51.978176  212.274963  38.211349
51.960079  212.156235  38.255001
51.919930  211.970993  38.271263
51.875385  211.795166  38.280193
51.839195  211.655533  38.284805
51.819145  211.554489  38.287518
51.794163  211.453949  38.285091
51.780449  211.394318  38.286682
51.767010  211.328033  38.282459
