-114.566757   210.644760  -46.437271
-114.453667   211.141388  -46.655041
-114.419151   211.225754  -46.693867
-114.369370   211.367447  -46.741077
-114.333679   211.475342  -46.773922
-114.305077   211.562057  -46.800270
-114.281059   211.648193  -46.819061
-114.233147   211.707413  -46.840141
-114.197083   211.780380  -46.850780
-114.189774   211.783875  -46.866383
-114.225121   211.788086  -46.872665
-114.262009   211.797333  -46.888988
-114.277695   211.799942  -46.896622
-114.300156   211.814972  -46.898380
-114.313576   211.825500  -46.899887
-114.322395   211.832428  -46.902023
-114.335579   211.843414  -46.904186
-114.339897   211.845428  -46.906048
-114.346535   211.846603  -46.909191
-114.340073   211.847763  -46.913769
-114.333000   211.844452  -46.918236
-114.308907   211.845322  -46.915874
-114.284286   211.845093  -46.920410
-114.239288   211.844528  -46.930286
-114.199234   211.854858  -46.933064
-114.155937   211.865646  -46.925438
-114.071747   211.895248  -46.900608
-114.013474   211.921417  -46.885967
-113.916817   211.974670  -46.844971
-113.858170   212.001633  -46.824432
-113.760529   212.059113  -46.779331
-113.726234   212.052521  -46.783352
-113.700645   212.053497  -46.785152
-113.660103   212.057327  -46.795898
-113.640587   212.058685  -46.800907
-113.606743   212.070724  -46.809956
-113.577225   212.117462  -46.790443
-113.554390   212.129333  -46.774216
-113.531975   212.185089  -46.706135
-113.540268   212.240295  -46.670338
-113.532730   212.288086  -46.653175
-113.554100   212.362289  -46.623264
-113.587074   212.444901  -46.580933
-113.638626   212.577789  -46.519886
-113.660973   212.701767  -46.483353
-113.681343   212.861115  -46.453327
-113.732796   213.116150  -46.418877
-113.754623   213.230026  -46.402451
-113.804756   213.483536  -46.326870
-113.831932   213.641220  -46.284363
-113.898529   213.826538  -46.212025
-114.001671   213.984100  -46.125835
-114.132286   214.007980  -46.078381
-114.440369   213.963928  -46.005444
-114.809395   214.051102  -45.887894
-115.776657   213.643478  -45.701130
-116.623253   212.755249  -45.257755
-117.445801   211.523682  -44.818352
-118.830284   209.445999  -44.250652
-119.903679   207.316986  -44.074291
-121.806610   203.481781  -43.583313
-123.419685   200.544128  -43.163269
-124.771378   197.212067  -42.927715
-126.320290   192.219955  -42.150768
-127.251442   188.217987  -41.857304
-128.675873   182.810898  -41.422199
-129.593948   178.630081  -40.842556
-129.851608   174.450317  -39.839565
-130.324722   168.353149  -38.325665
-131.089157   163.592880  -38.174747
-131.671051   156.387360  -37.400703
-131.782898   150.013336  -36.948090
-131.598862   145.293777  -35.972980
-131.018753   137.258453  -34.035545
-130.536789   132.436981  -33.352795
-129.220535   123.595291  -32.176865
-127.351692   117.875702  -29.989519
-126.019936   111.591866  -29.149637
-122.671387   102.786636  -27.288630
-121.232559   97.364891  -26.841499
-117.108566   90.750717  -25.578569
-111.207329   87.688080  -22.516888
-108.189110   85.165932  -20.508883
-102.808304   80.593399  -17.891596
-99.837151   78.816925  -17.348473
-94.978821   75.001999  -18.562346
-91.940010   74.122734  -18.906988
-86.441467   73.656708  -19.279299
-82.497391   74.555061  -20.434387
-78.684097   76.194054  -21.365730
-73.298775   79.622147  -23.217365
-69.765869   82.852837  -23.728209
-64.479576   88.040039  -26.588362
-60.901810   93.353325  -28.577452
-58.268600   98.781929  -30.470459
-55.172672   107.629845  -35.490345
-54.074974   113.394226  -37.340439
-51.781246   124.095444  -39.021824
-49.967571   130.162781  -40.497581
-49.498478   136.646194  -41.756607
-48.150543   147.885193  -42.685253
-47.746796   154.672638  -42.946198
-48.554089   166.226395  -44.203419
-48.346134   176.580093  -43.237049
-48.545940   186.022644  -41.717979
-49.913937   195.583755  -41.857872
-51.032001   200.885574  -40.991993
-53.708771   209.409958  -39.892998
-55.904202   215.943741  -39.171921
-58.766636   221.398514  -38.480801
-62.897560   229.610855  -38.249435
-65.737694   233.059097  -37.828983
-69.596436   238.138168  -37.185802
-72.368423   241.123322  -37.269638
-76.028915   247.082886  -36.993526
-78.050262   249.082230  -36.343567
-79.650208   249.962250  -35.509193
-81.031342   250.592743  -34.580009
-81.341087   250.767670  -34.359421
-81.501099   250.960159  -34.212906
-80.095360   249.131104  -32.885513
-77.993515   246.211304  -31.296906
-73.190620   242.645340  -29.749178
-72.004288   240.874344  -30.237070
-67.924469   237.090637  -32.749176
-59.324066   231.856979  -35.336849
-52.084930   226.499832  -35.667538
-42.941387   219.345871  -36.275692
-37.546165   213.574829  -35.057167
-31.462894   205.493073  -31.821468
-28.890104   199.940796  -30.047699
-25.311558   196.839935  -28.662893
-20.794498   192.394348  -26.597885
-17.996645   189.484528  -24.747755
-14.433587   185.865219  -22.791220
-12.032866   183.276474  -22.150160
-9.761223   180.943848  -22.353241
-5.980845   178.401901  -23.480949
-4.237484   176.943466  -23.556246
-1.673765   174.843002  -23.466785
0.081173   173.358276  -23.784336
1.595868   171.872650  -24.332407
3.721142   169.689926  -24.958750
4.762725   168.689987  -25.137203
6.516887   167.248367  -25.356705
7.508295   166.529556  -25.440744
9.149670   165.326981  -25.475470
10.272748   164.562347  -25.428919
11.109173   163.820389  -25.365295
12.459056   162.065506  -25.473417
13.047591   160.812241  -25.634897
13.588117   158.349045  -26.187714
13.847907   157.109573  -26.345448
13.611455   156.067368  -26.732857
12.412179   155.231583  -27.519182
11.009604   155.261719  -28.470688
6.767364   156.230911  -30.210157
2.008794   157.318420  -30.928982
-3.995065   157.606674  -30.648577
-14.452895   157.031387  -28.695713
-21.184370   155.802429  -27.035696
-42.534531   143.079086  -16.130072
-45.399014   138.236496  -13.110186
-46.065765   134.770523  -11.360362
-45.845619   125.270309  -8.867059
-44.543350   116.486588  -7.640699
-41.214764   108.217621  -6.340486
-36.173107   97.995407  -3.973433
-32.665432   94.547234  -3.517218
-26.584215   90.674294  -4.066187
-20.179874   89.164528  -5.666988
-12.129149   88.739220  -8.999918
-7.652854   91.331894  -13.352970
-4.416657   96.043121  -17.271349
-0.559749   104.749107  -23.948927
0.038078   113.257462  -27.073586
-0.194543   127.306656  -33.174850
-1.195074   139.212753  -37.297836
-2.517699   148.662292  -40.046963
-6.332606   165.449463  -42.357140
-8.081409   174.723129  -42.676559
-11.533744   188.940903  -42.901379
-14.113222   197.413055  -42.662872
-16.549433   205.613342  -40.991791
-19.600790   218.406021  -38.186481
-21.212120   222.109039  -36.791351
-23.401852   228.669830  -36.234406
-24.151329   231.022873  -36.125153
-24.640354   232.090424  -35.982399
-25.077467   232.624756  -35.802059
-25.272606   231.634857  -35.543213
-25.450275   228.268158  -35.089294
-24.761108   223.371780  -34.306091
-23.917231   216.620621  -33.174507
-21.536022   200.758621  -29.966057
-20.529337   188.295792  -25.612967
-13.274296   166.659775  -19.698040
-6.106375   158.579941  -16.857111
4.868142   151.080078  -14.475989
18.552349   152.809097  1.646862
27.733837   150.765045  7.738601
17.888105   159.307495  7.599898
20.828619   156.733917  5.587729
27.200151   150.527100  2.195560
56.619308   135.710007  1.319024
34.209316   144.934525  0.860927
38.797729   143.086182  0.994366
67.301064   132.941864  0.189640
70.123726   135.851944  -1.576063
70.633469   137.709000  -3.141126
71.449028   141.470917  -6.139300
71.544296   148.564926  -9.610758
71.576004   155.187637  -12.347437
69.979393   168.271240  -16.357378
67.274513   177.743576  -16.926479
64.250954   183.183807  -16.933004
59.743191   188.342896  -16.936794
57.487854   192.079727  -16.550177
53.797832   197.152390  -16.407303
50.012959   200.247223  -17.793421
46.332760   203.519333  -18.179892
41.660851   206.546173  -17.863525
39.833858   207.576782  -17.566357
39.424091   206.942429  -16.922049
39.726280   205.517151  -16.610830
40.866386   204.200562  -16.564468
47.666935   201.765610  -16.738821
49.319691   201.187714  -16.768942
53.923183   202.946686  -16.284842
55.418213   203.406433  -16.084455
59.090069   207.458786  -14.705129
60.315464   208.495956  -14.429482
60.508587   209.703888  -13.635841
60.400585   210.662598  -12.924573
60.082584   210.591202  -12.663829
59.772911   210.499680  -12.422026
59.441250   209.558929  -12.620495
59.222569   208.926300  -12.741136
59.078300   205.892258  -13.041428
59.053062   204.766418  -13.161767
59.762711   203.321747  -13.446439
59.971088   202.689972  -13.648647
65.992676   192.029755  -15.517844
69.597580   182.741135  -16.331842
71.955864   176.011063  -16.682949
76.753433   168.873871  -16.905712
80.516052   163.556839  -16.953255
84.004730   158.636444  -17.021166
84.990494   156.736481  -17.266560
84.668808   155.018387  -17.421860
83.863136   154.956329  -17.277023
83.207520   156.224960  -17.027348
82.648865   159.803635  -16.234791
82.574562   162.450653  -16.190462
82.358078   166.001938  -16.029696
81.904106   169.210342  -15.391455
81.413910   171.136017  -14.646200
81.867760   172.397842  -13.519385
82.392052   172.588303  -12.676417
83.640656   171.989090  -11.454160
84.796661   171.290695  -10.670717
88.352501   169.796631  -8.004434
91.549149   169.024094  -6.361424
94.618286   169.084518  -4.517825
99.358215   172.022339  -1.650474
102.501060   175.814667  0.090061
108.419579   182.682007  1.531493
111.187462   188.639191  -0.128920
113.433189   193.836166  -1.160671
116.465645   200.101776  -2.002209
119.070419   203.791626  -2.230834
122.958099   208.392807  -3.170954
125.117821   210.565201  -3.948709
127.545067   211.965286  -4.767974
132.291962   213.842102  -5.664909
134.953964   214.227371  -5.819284
138.555984   213.355942  -6.792871
141.375290   210.549774  -7.154677
144.497192   206.283752  -7.547330
147.950165   195.278946  -5.906849
150.377411   188.440857  -5.597008
154.296722   175.361221  -6.240325
156.228134   164.563873  -5.372252
157.087814   155.021347  -3.696858
158.404236   141.361206  -0.568264
154.068207   121.119514  2.598093
146.866028   118.982498  -0.554664
138.268219   114.962006  0.090988
123.642525   111.595444  0.788227
103.878586   100.478531  5.554431
92.845261   95.446098  10.455422
79.120888   93.184456  16.176252
72.507591   93.327690  16.568209
69.477196   95.152626  14.521437
67.310844   98.620567  12.504164
67.306190   101.463463  10.357727
70.308517   108.662033  5.422441
75.471626   115.525734  2.494668
82.587914   122.012276  -0.396239
94.271561   129.032410  -4.583179
103.867477   132.624176  -7.143802
117.729149   136.812668  -9.747737
129.230347   138.798355  -10.897444
135.898056   139.636383  -11.534332
145.207733   140.296036  -11.836764
149.695709   140.460739  -12.184781
156.455551   140.498581  -13.263628
162.722427   142.662827  -14.083987
166.092056   144.017899  -14.538231
170.575836   145.748428  -14.932513
172.278748   146.192581  -15.113739
174.818695   147.608124  -14.898900
175.613220   147.996582  -14.706889
176.211090   148.707077  -14.475386
176.463440   149.315750  -14.408102
176.346695   149.616486  -14.290263
176.215164   149.957367  -14.161925
176.111832   150.654343  -13.988324
175.983780   151.471603  -13.903365
175.964935   151.868118  -13.844806
175.862839   152.366776  -13.940881
175.768173   153.251205  -14.050529
175.771973   153.649231  -14.073421
175.889084   155.753860  -14.090611
176.002808   156.888535  -14.038537
176.079941   159.436264  -13.555872
176.498825   164.518936  -12.353136
