-69.102371   92.446930  14.513934
-68.894211   92.147095  14.509748
-68.843979   92.061859  14.522118
-68.823174   91.973755  14.550617
-68.776093   91.870705  14.621857
-68.748451   91.788353  14.688439
-68.725914   91.717781  14.745810
-68.701019   91.655716  14.805135
-68.693710   91.597008  14.859829
-68.672089   91.525230  14.927840
-68.648308   91.469353  14.997758
-68.613594   91.453804  15.047939
-68.571800   91.438805  15.109385
-68.549805   91.439285  15.217075
-68.546265   91.424118  15.428136
-68.608597   91.422470  15.656400
-68.672081   91.437271  15.871261
-68.695045   91.480537  16.040091
-68.691895   91.521202  16.286114
-68.665482   91.579704  16.540150
-68.459717   91.847343  16.912647
-68.386559   92.069016  17.277346
-68.342979   92.241035  17.531237
-68.314178   92.368454  17.709717
-68.359001   92.440903  17.846296
-68.455116   92.484062  17.938299
-68.538788   92.520882  18.008589
-68.660042   92.571579  18.039576
-68.820236   92.620422  18.067749
-69.043884   92.699181  18.058565
-69.317520   92.770584  18.056692
-69.798828   92.926666  18.020622
-70.632568   93.252754  17.909292
-71.472710   93.604240  17.716898
-72.709206   94.217812  17.464035
-74.268524   95.274307  17.568256
-76.910606   96.879684  17.672716
-79.463676   100.869804  15.968889
-82.278969   104.830078  14.447070
-84.861031   109.466080  12.872879
-87.438774   115.722954  10.833264
-89.996864   122.072807  9.234843
-91.406273   129.186691  7.151670
-92.551170   136.215958  4.411288
-92.296196   142.846802  1.407883
-91.318657   150.388947  -1.932102
-91.133728   161.014862  -4.023758
-89.333794   169.394806  -7.343929
-86.399025   177.634995  -9.663286
-82.178131   184.737946  -13.262543
-78.023972   189.161072  -16.006369
-72.591721   193.573151  -18.141298
-68.295547   196.464996  -19.943888
-62.758327   197.187103  -22.294252
-58.506748   196.178085  -23.879847
-55.679100   195.099792  -24.866453
-54.210686   194.251831  -25.160997
-53.162689   192.874191  -25.065584
-53.957512   188.749969  -22.726709
-56.177696   184.145859  -19.060844
-60.461201   178.878418  -15.058152
-64.879738   172.622208  -10.882193
-68.025063   165.525787  -5.559129
-71.084869   158.056305  -0.872782
-72.338112   149.407242  3.975165
-72.890259   143.264648  7.641133
-72.744370   137.597488  9.977361
-63.736633   128.480591  13.140614
-61.124874   127.173042  12.489305
-57.889759   126.256645  11.231691
-53.715046   126.192390  8.801579
-50.309978   126.570549  5.779404
-46.779793   127.468246  2.324159
-43.265911   128.904068  -0.920648
-39.370140   130.969269  -4.049112
-37.541626   131.934433  -7.227482
-35.790691   134.367859  -10.412234
-34.236343   139.432495  -14.811911
-34.586098   141.823303  -16.387678
-34.970772   144.120621  -17.743063
-35.627583   146.453827  -18.051558
-36.664310   147.473175  -17.600786
-37.697208   147.657410  -16.841091
-38.989216   146.261734  -15.119722
-40.461529   144.063721  -12.735152
-41.537670   140.688171  -10.156614
-42.152378   136.634094  -7.291429
-40.064625   134.177536  -4.728588
-38.172283   130.176727  -1.651519
-36.534279   126.701805  0.977054
-34.231949   123.766785  3.124293
-31.370409   121.316086  5.103914
-29.156258   119.762840  5.873667
-26.151888   119.242409  4.963109
-23.243883   119.259705  3.631194
-20.190380   120.414574  0.671365
-17.386589   121.773766  -2.368250
-14.493701   123.963326  -5.542573
-11.747434   126.133087  -8.495473
-10.303212   128.967850  -12.096189
-10.153186   133.390305  -15.934671
-11.261234   137.489151  -19.331295
-13.267467   141.333496  -21.975277
-17.031359   145.634857  -23.723965
-21.052702   150.764969  -24.299356
-25.007925   154.071259  -24.151031
-29.246538   155.514999  -22.727905
-33.372803   155.005295  -20.750965
-37.029091   152.061493  -18.027250
-39.878967   148.869736  -14.889216
-42.161175   144.851120  -11.517792
-44.223476   138.548401  -8.518009
-45.213284   134.483597  -6.512633
-45.406986   131.767960  -5.373674
-44.090900   129.424088  -4.548124
-42.338470   127.471909  -4.166559
-39.711826   126.013710  -4.671974
-36.829018   126.411194  -5.593083
-32.929455   128.934967  -8.074186
-30.275547   132.213181  -10.968201
-28.143223   136.540710  -14.279593
-26.134268   142.814224  -17.857910
-24.974693   151.388718  -22.157866
-22.951708   158.701782  -26.132753
-21.432320   167.689774  -28.674614
-18.691904   178.012314  -31.962938
-16.376997   189.035049  -34.133110
-14.015637   201.218475  -36.639641
-10.771033   211.950424  -39.296818
-7.954715   222.039444  -41.770351
-6.174609   229.811172  -43.572372
-5.068873   235.170898  -44.963135
-4.628920   238.706177  -45.779549
-4.847980   241.017105  -46.068867
-5.581007   241.691452  -46.334332
-5.975369   240.474762  -46.401573
-6.789083   235.047714  -46.877659
-8.468882   227.179825  -45.294220
-10.406434   218.429825  -44.206936
-12.189045   207.811478  -41.363335
-15.337350   193.631516  -36.408600
-17.844288   180.968124  -29.400003
-21.375437   167.954346  -22.598316
-23.734957   155.433044  -15.809205
-24.586559   145.112579  -10.094824
-23.922956   135.871994  -6.066940
-23.001661   129.734467  -3.284599
-21.465794   123.469513  -1.344378
-20.105158   120.001915  -0.589363
-16.204939   118.080460  -0.628791
-14.284157   117.820999  -1.798204
-12.855176   118.603287  -3.400826
-10.376003   121.847389  -6.444004
-6.689126   126.606110  -10.740525
-3.495321   131.596527  -15.396053
-0.705923   137.733841  -20.096626
1.184655   144.806931  -24.690138
4.007053   152.791382  -30.099339
6.760298   160.634476  -33.999760
8.535584   166.301025  -36.288570
9.687388   170.252151  -37.538162
10.026444   173.071487  -38.116016
9.676600   174.651367  -38.285770
9.159124   175.330063  -37.959389
8.513901   174.536301  -37.507538
7.486396   170.460876  -35.037884
5.904725   163.142334  -31.013880
5.116255   156.399246  -26.397121
4.369709   149.041138  -23.364103
4.510504   142.629349  -18.761261
5.243940   136.442581  -15.851748
6.587489   131.342529  -13.309685
8.130492   126.639542  -11.757216
10.184902   123.243256  -12.010640
12.338957   121.200867  -12.590555
17.220278   121.967751  -18.499371
20.648388   125.051155  -22.711756
24.319023   129.091553  -26.976837
27.903294   135.125992  -31.513855
31.933123   142.410385  -35.788868
34.859570   150.424713  -39.179531
36.825741   158.326492  -42.599220
38.004284   166.227341  -46.096394
38.753254   173.500488  -49.074196
39.182346   181.446991  -50.710342
39.464485   188.240829  -52.470646
39.456848   193.615082  -53.922123
39.182362   197.161194  -55.057396
38.664474   198.849854  -55.643166
37.887024   199.146561  -55.594894
31.784100   187.670395  -51.906090
30.234255   182.003326  -49.179638
28.418207   174.797501  -46.057545
26.481972   166.516617  -42.050045
24.685932   157.043442  -38.006496
23.638384   147.313171  -32.827572
23.399284   137.324860  -27.087442
25.390129   127.696243  -22.792616
26.809135   120.311302  -17.883514
28.884840   114.343658  -14.232922
31.546341   109.216286  -12.389214
35.027534   105.500328  -12.191600
39.735565   104.803772  -12.816520
44.835712   105.325516  -15.358389
50.040916   107.382576  -18.481068
54.860497   111.782211  -22.285213
59.250450   118.667313  -26.697197
62.701000   127.577370  -31.656666
65.389023   137.834198  -36.778286
67.010170   148.631271  -41.805168
67.948814   160.883957  -45.585815
69.140953   173.213974  -49.630989
68.634056   185.681412  -52.462608
69.371925   198.224167  -55.152676
72.171913   209.764236  -59.176762
73.934326   220.475632  -61.629578
75.497452   230.725296  -64.438011
76.037758   238.931091  -67.490410
75.551109   244.349701  -69.474144
74.233948   246.568909  -70.776451
72.293678   246.749695  -71.717903
70.440056   245.769043  -72.284836
67.941322   240.381363  -72.421310
65.012733   231.557297  -70.564636
62.150604   219.063721  -67.241310
59.133137   207.440186  -58.038902
57.132664   198.811234  -46.508598
55.510471   188.156509  -38.107986
54.564079   176.770752  -31.463617
53.936577   165.679779  -24.742374
54.561184   157.306427  -20.498829
56.251945   149.434998  -17.219641
58.232006   144.248672  -15.327398
59.998398   141.718414  -15.333524
62.957409   142.374008  -17.695551
65.937866   144.535660  -21.131416
69.229843   148.878098  -26.889410
72.652237   154.722580  -33.476101
74.948318   161.891510  -39.938580
76.913765   172.556702  -47.044281
79.177238   184.342514  -52.965298
81.896317   198.103058  -56.562023
84.932304   210.866745  -58.649612
87.883331   222.156494  -59.947567
91.134926   230.881500  -60.267532
94.278862   237.135254  -59.947330
96.950493   240.315750  -59.876652
99.253029   240.320206  -59.987862
100.697380   237.955093  -59.951080
101.692856   232.171906  -59.545383
101.606651   224.012085  -58.958214
100.225708   215.002777  -55.934246
100.253304   204.435730  -53.446552
99.949379   192.368713  -50.080414
103.532997   183.047058  -48.105877
110.580284   173.803802  -47.056316
119.392372   165.434204  -47.192944
131.030197   159.246475  -48.189434
143.760818   154.974014  -49.928993
154.934753   152.306000  -51.193668
162.942596   150.867279  -51.498997
167.352234   151.108246  -51.792210
167.861877   151.584793  -51.902042
166.942581   152.578033  -51.968102
161.558960   155.396194  -52.202206
153.592987   159.277344  -52.433647
143.520935   163.641708  -53.050514
130.558426   168.404144  -53.464005
114.922401   173.687012  -53.044865
96.031326   179.632172  -49.324604
78.768913   185.302811  -44.774979
65.172134   191.354599  -39.300964
54.762218   195.763443  -34.460983
46.987076   198.486435  -31.255814
42.546219   199.993088  -29.590336
43.500706   203.687607  -29.380211
47.188538   207.467316  -30.805859
53.358150   210.932053  -32.616104
61.285080   213.948044  -35.032291
70.161705   216.241196  -40.067265
77.424812   217.334335  -43.689152
83.564964   218.145035  -47.202251
86.515594   219.063629  -48.970917
87.367683   220.677902  -49.809151
87.350281   223.950531  -50.349800
84.483459   227.099655  -50.400440
79.678787   230.434235  -49.720791
72.970512   233.124863  -48.417614
65.076721   235.504028  -46.604397
56.151558   238.809586  -42.990692
46.609661   241.164215  -39.036911
36.629208   244.238708  -34.981712
26.425230   246.717438  -29.992727
17.236111   248.643555  -25.064487
9.445338   249.574356  -21.134356
3.342757   249.228592  -19.851147
-1.400713   245.518799  -19.080547
-5.324111   240.982193  -19.953510
-7.842062   236.121536  -21.450462
-9.944874   231.143555  -24.128448
-12.026360   226.395874  -28.106670
-14.618233   221.555603  -31.511400
-16.594452   218.521255  -33.399029
-17.842117   217.065994  -33.907536
-19.163900   216.110062  -33.674801
-20.536356   215.195923  -32.872078
-22.123064   214.440704  -31.753193
-23.504595   213.658783  -30.666548
-25.335899   211.806259  -28.788435
-27.512182   209.114334  -26.385826
-30.351589   204.553207  -22.521578
-32.864044   199.434464  -18.764132
-35.774807   192.621368  -14.120009
-37.167606   181.339783  -8.563310
-28.262148   165.327240  -0.398196
-19.048635   140.436539  25.233522
-19.012589   140.393433  28.377853
4.996593   147.230698  41.750111
11.687118   148.572327  50.337696
16.885712   143.277878  62.558872
17.263103   138.839752  69.142151
14.612962   136.601059  74.069374
17.094946   133.763443  76.233086
21.792368   125.637764  79.135460
25.977451   116.938698  81.733391
31.419960   107.493423  83.833000
26.013020   77.193542  76.457954
