-69.639534   215.160263  -17.518116
-69.655731   215.143951  -17.531506
-69.667969   215.127396  -17.547468
-69.672104   215.110443  -17.556183
-69.679710   215.073654  -17.586708
-69.684792   215.063431  -17.599237
-69.693405   215.043152  -17.628479
-69.696129   215.033173  -17.643351
-69.695236   215.024155  -17.666956
-69.695320   215.028534  -17.674978
-69.694725   215.036667  -17.687031
-69.694885   215.037445  -17.689686
-69.692329   215.042191  -17.685226
-69.648453   215.073441  -17.647299
-69.637444   215.077515  -17.629148
-69.618622   215.076599  -17.610655
-69.599205   215.071213  -17.600506
-69.517387   215.113739  -17.555740
-69.487274   215.135086  -17.534277
-69.453674   215.160324  -17.515787
-69.433189   215.183960  -17.509439
-69.390671   215.208435  -17.478003
-69.313202   215.241821  -17.427860
-69.241333   215.266846  -17.375938
-69.204628   215.291687  -17.349501
-69.184013   215.331711  -17.305735
-69.123398   215.387833  -17.257744
-69.057449   215.461212  -17.193523
-69.032486   215.475403  -17.177614
-68.998909   215.491455  -17.155849
-69.032852   215.504410  -17.148544
-69.049332   215.502609  -17.154001
-69.058502   215.502762  -17.152258
-69.063377   215.508514  -17.145000
-69.077454   215.535553  -17.123390
-69.104111   215.545685  -17.115349
-69.140190   215.562973  -17.106136
-69.187782   215.622421  -17.084589
-69.211082   215.646423  -17.080875
-69.250519   215.681534  -17.094332
-69.288055   215.726273  -17.105255
-69.325142   215.788925  -17.123745
-69.343834   215.818375  -17.126762
-69.393890   215.908005  -17.125214
-69.427437   216.038971  -17.063723
-69.445961   216.091095  -17.035759
-69.512360   216.241898  -16.976204
-69.573906   216.399780  -16.916767
-69.614243   216.503601  -16.890427
-69.679077   216.698090  -16.859612
-69.802467   216.806046  -16.950279
-69.960609   217.034012  -16.995832
-70.017242   217.112534  -16.976570
-70.151085   217.188736  -16.947353
-70.343491   217.266449  -16.917866
-70.407333   217.284424  -16.905994
-70.483543   217.300919  -16.884073
-70.513329   217.323227  -16.863190
-70.496201   217.333450  -16.815369
-70.505600   217.257629  -16.817533
-70.509918   216.825424  -16.931009
-70.430023   215.601547  -17.255692
-70.201485   213.916733  -17.771866
-69.855545   209.414154  -19.031897
-69.075920   202.734482  -20.553198
-67.650139   191.153320  -22.615505
-66.904274   185.274323  -23.603535
-65.790794   175.439209  -25.045883
-63.077774   156.942032  -27.573214
-61.431385   148.672379  -27.240004
-60.574589   137.550140  -24.661282
-59.308601   121.965897  -18.838478
-59.072853   116.079109  -14.989624
-59.707996   110.301590  -9.322049
-60.737694   105.686707  -5.121095
-61.656780   101.422058  -1.333432
-62.099083   100.634575  -0.485482
-63.425686   101.118874  -0.000609
-65.600952   103.716583  0.362352
-67.208145   106.564018  0.263238
-70.332939   113.581947  -0.013568
-73.261658   124.051598  0.188987
-75.569046   137.378784  0.335253
-75.555916   140.609192  -0.037654
-70.951157   156.878479  -3.630808
-69.416473   158.682220  -4.417636
-65.784233   161.099518  -6.105963
-63.172447   162.120865  -6.855990
-58.647308   162.047928  -8.356462
-53.585884   161.158127  -10.276234
-45.794800   160.083496  -11.977536
-42.769741   160.010162  -12.266913
-38.485081   160.407135  -13.677827
-31.635632   162.148544  -15.667851
-27.880322   163.017914  -17.571054
-23.551386   167.195572  -19.701103
-19.982859   174.148666  -21.049692
-16.673147   187.212494  -22.101412
-15.822095   192.999283  -23.362509
-15.014792   203.461960  -23.445417
-14.673432   218.994705  -21.664783
-14.869954   226.297485  -19.876179
-14.673013   234.796295  -17.415997
-15.695096   242.824097  -15.264550
-15.971819   254.801422  -12.358786
-16.054302   257.166168  -11.864472
-16.727165   259.103424  -11.848563
-17.324602   260.446594  -11.891782
-17.787336   259.220062  -12.528188
-18.514151   256.168457  -13.592803
-20.322512   246.433197  -16.950235
-20.938490   236.151123  -19.669302
-20.060482   216.881516  -22.274422
-20.677464   207.236481  -25.534851
-23.896717   185.572296  -29.466337
-23.775391   174.095459  -30.559990
-32.941139   145.093979  6.910882
-33.360897   123.485550  25.440371
-27.426340   123.025452  42.158718
-2.048093   114.475937  43.532463
1.153454   110.249290  43.591812
6.202176   106.090538  44.201389
7.979323   105.384674  43.345123
10.238756   104.775688  42.423988
15.567789   105.812096  38.797508
17.805304   106.629234  37.563587
23.155628   109.336807  34.875931
29.429018   112.840126  30.925377
38.075600   118.941727  24.353580
42.365211   122.491295  20.616632
45.859768   127.620102  16.208876
51.303074   137.276703  10.682171
34.104530   142.117233  9.650187
34.944820   146.614029  8.649097
35.044033   152.445435  6.988111
35.060337   154.582809  6.134880
34.775333   156.467636  5.137427
34.124268   157.085693  4.929915
33.225681   157.001663  5.026518
32.837456   156.645355  5.203308
31.800934   154.017426  6.597634
30.742241   148.451843  9.620505
30.015144   145.757767  11.530523
29.628262   141.913635  17.030645
50.246452   135.311020  21.707537
51.670418   131.488388  24.633059
52.348911   130.813065  25.155573
53.870949   130.439835  24.966648
58.715027   131.635956  22.195192
61.955811   133.471313  20.324482
66.870644   137.166763  17.058973
70.675972   140.340057  14.396825
74.471481   146.266434  12.204443
75.190033   147.698578  11.666798
75.793846   148.948746  11.231928
75.539276   152.541595  10.154134
75.475021   153.527100  9.863626
75.429855   154.050781  9.998018
75.439072   154.014053  10.415088
75.383995   153.516785  11.090348
75.261345   152.223022  12.594035
74.790276   148.315674  14.277035
75.388794   143.297302  16.741930
76.145737   141.169678  17.909874
77.987755   138.337280  19.015436
81.131912   135.039444  19.951324
83.856689   133.524017  19.993179
88.486702   132.533875  19.763271
92.152206   131.838211  18.813046
100.337898   133.145050  15.937740
103.485443   133.619247  14.917358
108.291550   135.184189  13.034258
111.481201   139.807037  10.610703
113.247139   143.344772  9.451239
114.671059   147.854446  7.963982
115.371819   153.451309  6.008623
113.770866   160.979919  4.277849
112.366516   164.126694  3.733484
110.230270   167.859833  3.228966
105.792992   171.965698  3.788172
103.647003   172.729019  4.323958
82.009132   172.259552  4.568501
78.455887   172.404144  5.719514
76.791428   171.662079  6.586975
76.300697   170.511292  7.565242
76.394470   169.709793  8.172223
77.021652   168.375000  8.946913
78.559380   167.633911  9.220620
83.875626   167.044022  8.543743
92.432999   168.408325  7.540606
97.115326   168.727203  6.635960
102.679802   168.945602  5.606456
108.385040   168.256775  4.854391
114.824326   165.786743  4.662334
116.908646   164.192184  4.833617
119.535461   162.307327  5.749872
119.238266   161.064667  9.778449
116.430061   161.886246  13.889664
116.510445   158.161224  17.324255
116.755577   154.591782  21.421698
118.098007   144.892685  31.592670
134.905838   138.577667  33.447971
135.748627   138.607559  32.599930
138.221893   140.145645  30.502686
144.406097   143.771683  26.843187
146.978745   147.046249  24.716499
151.113068   150.768738  22.970177
148.105759   165.440491  17.745434
148.661469   167.269531  17.465956
162.104858   169.693588  16.057449
161.385971   171.199417  15.524392
158.825821   173.237045  15.937575
156.355835   173.979477  16.924105
149.237076   173.967484  18.548708
144.239273   173.316910  20.339451
137.256790   170.945709  23.306278
127.420128   166.078522  28.568138
123.206825   160.663452  31.571608
120.252487   153.602249  36.154148
116.136894   148.981293  40.249969
109.404579   142.649414  46.250526
107.359833   137.707047  50.655117
105.627655   133.727036  54.501160
103.444420   129.261337  58.949173
103.286285   128.005676  59.971722
103.361099   126.550224  60.703770
104.248444   123.980827  61.265392
104.283852   123.328537  61.684551
103.774117   123.066902  62.606876
103.633156   122.528084  63.275753
103.806961   122.412346  64.945099
103.898903   122.088440  66.581284
106.532669   121.409615  68.860565
114.427513   120.704590  67.648506
119.906181   120.760689  64.784607
128.270905   120.240135  60.523651
139.528946   120.409363  56.461357
162.466202   120.103676  46.735828
194.117889   116.036209  40.733723
207.249786   115.180923  41.442871
214.100739   115.255043  41.958286
223.089142   116.258102  42.231777
229.283737   116.904922  42.973595
230.132721   117.003563  43.052864
230.391205   117.186775  42.076740
228.188858   117.929962  41.711155
221.413940   120.869034  42.246643
218.799103   121.949669  43.047871
212.759750   124.605804  41.577415
202.384918   129.245163  39.816624
197.708115   130.995544  39.646027
192.691254   132.732498  40.180824
188.773895   134.199753  40.668278
184.973846   136.509933  42.315395
183.988464   137.125473  42.694721
182.651123   139.113770  44.376381
181.794907   140.975845  46.747105
181.309402   141.472946  47.314865
183.964249   140.922958  50.704132
186.769699   140.254837  54.543854
190.633087   139.141891  60.018417
190.721786   139.283249  60.518234
191.571091   137.866516  62.383896
192.639862   136.381241  64.488533
191.850845   136.045547  64.180115
190.644791   136.587692  63.133678
189.579117   137.202499  61.917957
187.440399   137.005585  62.095287
184.201065   136.479309  62.639542
181.382980   136.092407  63.959526
179.255402   136.286667  65.143814
178.335266   136.947479  65.414871
176.740707   138.221069  65.480843
