-115.327019   214.502487  -9.678185
-115.279099   214.478531  -9.703405
-115.242065   214.439407  -9.737887
-115.218704   214.400192  -9.763758
-115.198845   214.355499  -9.790897
-115.192314   214.299728  -9.819671
-115.168617   214.278275  -9.835381
-115.144173   214.260422  -9.850604
-115.123711   214.236862  -9.869263
-115.108376   214.204971  -9.891602
-115.092987   214.160812  -9.922202
-115.068138   214.123672  -9.953196
-115.051888   214.067856  -9.993089
-115.046028   214.025711  -10.023887
-115.045013   213.982162  -10.055228
-115.041603   213.944397  -10.083106
-115.050690   213.869156  -10.129522
-114.849625   213.840530  -10.339357
-114.556084   213.902252  -10.486635
-114.433167   213.747879  -10.589905
-114.062851   213.876556  -10.541207
-113.890259   213.884949  -10.418892
-113.792923   213.844376  -10.345517
-113.725586   213.780441  -10.308226
-113.638870   213.758118  -10.271277
-113.558136   213.729675  -10.245937
-113.501488   213.674286  -10.238735
-113.458870   213.635513  -10.227654
-113.420448   213.610245  -10.210673
-113.407272   213.543381  -10.216615
-113.395523   213.484360  -10.221125
-113.364555   213.476028  -10.199974
-113.331551   213.480026  -10.176698
-113.309158   213.472656  -10.159447
-113.283737   213.478409  -10.139067
-113.246170   213.502151  -10.112342
-113.220848   213.510117  -10.093888
-113.210670   213.507507  -10.079494
-113.194580   213.512878  -10.063101
-113.177322   213.520248  -10.048553
-113.156555   213.532120  -10.032616
-113.137489   213.544846  -10.016890
-113.119911   213.555878  -10.002154
-113.100090   213.568680  -9.987823
-113.081894   213.580276  -9.974538
-113.071686   213.584702  -9.964488
-113.059959   213.590225  -9.955112
-113.045761   213.598618  -9.944929
-112.945961   213.999969  -9.934088
-112.894012   214.383392  -9.900047
-112.891342   214.643341  -9.883729
-112.920105   214.827408  -9.871266
-112.980606   214.937057  -9.872495
-113.031860   215.024216  -9.870990
-113.079971   215.083572  -9.874844
-113.136955   215.120636  -9.875998
-113.171722   215.161621  -9.876031
-113.218796   215.188370  -9.871061
-113.252518   215.209244  -9.872301
-113.313156   215.197983  -9.878208
-113.362938   215.195770  -9.881138
-113.420776   215.183990  -9.883008
-113.462616   215.178757  -9.886090
-113.491386   215.185043  -9.881371
-113.532028   215.182419  -9.875444
-113.560158   215.178513  -9.874969
-113.597115   215.160446  -9.876950
-113.609222   215.157700  -9.880492
-113.621437   215.155838  -9.882223
-113.642723   215.140076  -9.884885
-113.670235   215.117325  -9.886683
-113.676109   215.112350  -9.888749
-113.687004   215.100098  -9.891280
-113.684418   215.102570  -9.892843
-113.692299   215.095306  -9.893369
-113.703156   215.090057  -9.892479
-113.719353   215.079544  -9.891275
-113.740730   215.064087  -9.888275
-113.758804   215.044739  -9.883552
-113.771637   215.037064  -9.876661
-113.793922   215.023087  -9.868101
-113.821068   215.009781  -9.856418
-113.817528   215.012421  -9.848499
-113.806015   215.020798  -9.841750
-113.821045   215.014557  -9.834090
-113.820679   215.020493  -9.827686
-113.825867   215.026733  -9.818786
-113.822525   215.036362  -9.812076
-113.830116   215.042068  -9.803131
-113.899651   215.007507  -9.793736
-113.990791   214.967926  -9.781087
-114.083122   214.935730  -9.762411
-114.196884   214.883774  -9.749593
-114.337502   214.806625  -9.744716
-114.280670   214.582382  -9.966819
-114.272728   214.364899  -10.154277
-114.221191   214.157074  -10.354058
-113.952263   213.785889  -10.689959
-113.811165   213.376038  -10.967044
-113.775574   213.024078  -11.167588
-113.845001   212.689026  -11.320544
-113.972725   212.375626  -11.435519
-114.084869   212.116638  -11.528133
-114.188301   211.973495  -11.496366
-114.291359   211.886978  -11.396449
-114.286179   211.735504  -11.337725
-114.327766   211.553818  -11.290133
-114.426567   211.354431  -11.246104
-114.538322   211.167572  -11.206285
-114.663803   210.993469  -11.155171
-114.667946   210.888947  -11.048021
-114.731010   210.744171  -10.960004
-114.799393   210.588806  -10.877815
-114.686104   210.171097  -10.959570
-114.661301   209.733322  -11.042034
-114.950722   208.371826  -11.317414
-114.992737   207.516479  -11.453061
-115.015152   206.899902  -11.492597
-113.660469   205.041794  -12.279558
-114.199753   205.795074  -9.302854
-114.123909   204.672577  -9.867468
-114.060074   203.593369  -10.428906
-114.079178   202.188385  -11.155476
-114.615860   201.720871  -10.575427
-114.692764   200.582657  -11.214555
-114.890755   198.973145  -12.216643
-115.221207   197.072952  -13.421482
-115.427063   195.693207  -14.215142
-115.895172   193.400162  -15.525142
-115.497322   191.700943  -16.512400
-115.739006   191.114609  -16.336130
-115.559998   189.485092  -17.150461
-115.482338   188.332108  -17.702948
-115.459579   187.609070  -18.039469
-115.654427   185.864197  -18.765949
-115.583542   185.165390  -18.248766
-115.523979   183.053482  -18.889156
-115.474152   181.601715  -19.364809
-115.647171   180.463120  -19.666809
-115.911201   179.470551  -19.936152
-116.133949   178.748093  -19.847481
-116.208092   177.856232  -20.273479
-116.334908   177.015961  -20.401375
-116.642410   176.059235  -20.480532
-116.980133   175.204163  -20.537802
-117.075172   173.947678  -21.565767
-117.190887   172.335709  -21.853266
-117.314163   171.344955  -21.987257
-117.299034   170.245422  -22.368141
-117.310768   169.079010  -22.648602
-117.373070   167.806107  -22.917900
-117.473602   166.526932  -23.307602
-117.583771   165.092834  -23.613150
-117.571220   163.886398  -23.902113
-117.419365   162.178070  -24.336235
-117.406021   160.102509  -24.679279
-117.671204   158.312363  -25.090513
-117.605881   156.611328  -25.164637
-117.678360   155.225616  -25.283720
-117.367119   153.044617  -25.312933
-117.345001   151.574875  -25.244972
-117.437378   150.012009  -25.386921
-117.426331   148.860275  -25.493587
-117.522453   147.766556  -25.576342
-117.525185   146.638062  -25.373259
-116.952682   144.717163  -25.236382
-116.888229   143.176453  -25.183426
-117.108955   141.998306  -25.139553
-117.339973   141.080978  -25.171345
-117.301041   139.701202  -25.212486
-116.438622   137.175186  -25.500771
-116.402107   135.493866  -25.290154
-116.465919   134.593735  -25.238419
-116.709831   133.644196  -24.922064
-116.777916   132.755554  -24.993942
-118.022949   132.579086  -23.660908
-118.008156   131.426987  -23.778826
-118.091820   130.539536  -24.159782
-118.253754   129.398514  -24.701929
-118.336227   128.509262  -25.166842
-118.478600   127.951569  -25.358019
-119.118729   126.580696  -25.405355
-119.123634   125.454865  -26.096777
-119.098373   124.618179  -26.669519
-118.890678   123.331749  -27.203777
-118.707672   122.160217  -27.589338
-118.439507   120.566978  -27.784204
-118.385468   119.730156  -27.659449
-118.000694   118.781990  -27.548494
-117.640076   117.780907  -27.733583
-117.390770   117.186745  -27.872095
-117.247551   116.800797  -27.958990
-117.161102   116.516525  -27.989407
-117.155388   116.404945  -27.981045
-117.173363   116.465675  -27.891691
-117.164154   116.690964  -27.753090
-117.146339   116.932793  -27.594904
-117.115173   117.305321  -27.435202
-117.114449   118.216057  -27.076115
-117.066757   119.573578  -26.438486
-117.085167   121.495125  -25.353241
-117.005348   122.829926  -24.709970
-117.209389   125.192490  -23.965916
-117.097443   127.343567  -23.439373
-116.527168   128.647491  -23.535685
-116.520515   130.503082  -22.956888
-116.310234   132.284027  -22.155207
-115.961655   134.300980  -21.172354
-115.877480   136.564560  -20.383415
-115.610077   139.115417  -19.771570
-115.858055   141.749268  -18.820280
-115.643272   144.230759  -17.981857
-115.719398   146.735748  -17.392643
-115.651382   149.757965  -16.670410
-116.278900   152.701080  -14.950409
-115.636627   155.480179  -14.373343
-115.324738   158.513947  -13.453206
-114.417458   161.034897  -12.968301
-113.901787   162.958740  -12.483178
-113.505035   164.957443  -11.972752
-113.253250   166.810043  -11.459191
-112.846214   168.557999  -11.408581
-112.548904   169.671494  -11.496516
-112.332619   171.694489  -10.949174
-111.567123   174.196167  -10.080976
-111.188644   175.436310  -9.814792
-110.871964   176.216309  -9.774529
-110.730171   177.061981  -9.614139
-110.722397   180.543518  -6.681982
-110.893394   182.068085  -6.390931
-111.074097   183.396759  -6.015174
-111.188011   184.334595  -5.888584
-111.332306   185.919952  -4.921527
-111.010620   187.604263  -4.236077
-110.769806   188.684464  -4.047868
-110.408974   189.209488  -4.080540
-110.591553   190.622559  -3.205377
-110.722412   191.464722  -3.117875
-110.949265   192.462723  -2.758127
-111.181381   193.287338  -2.443624
-111.442848   194.268341  -1.885666
-111.715698   194.962112  -1.765572
-111.803307   195.490051  -1.771382
-111.726494   195.797592  -1.972006
-111.652519   196.117813  -2.065256
-111.439980   196.688507  -2.035824
-111.362877   197.034027  -1.997592
-111.476402   197.147552  -2.110135
-112.077530   197.498764  -2.141545
-112.360123   197.771164  -2.586947
-112.495773   198.075699  -2.999942
-112.560059   198.188538  -3.418584
-112.473358   198.336502  -3.683699
-112.874748   198.989151  -3.427270
-112.844170   199.352280  -3.431249
-112.932373   200.096283  -2.991915
-113.211845   201.437439  -2.416558
-114.045860   203.958405  -0.542252
-114.284950   205.060135  -0.680035
-115.153755   207.173965  0.040590
-115.481041   208.138687  -0.147764
-115.482681   208.722946  -0.283345
-115.019958   208.824020  -1.013895
-114.697769   208.906372  -1.501824
-114.468254   208.969711  -1.843679
-114.295769   209.020660  -2.097118
-113.151787   211.134766  -2.547262
-111.805031   212.131302  -3.341156
-110.833725   212.872345  -3.873798
-110.270714   213.306473  -4.176592
-109.832947   213.760056  -4.734711
-108.899452   214.482956  -5.422554
-107.686317   215.366821  -5.911968
-106.379967   216.307693  -6.266011
-104.955215   217.518784  -6.356758
-103.739944   218.699188  -6.155455
-102.633469   219.601593  -6.030542
-100.277802   220.039993  -7.298055
-98.657486   220.357208  -8.211349
-97.056381   220.740601  -8.780978
-95.055397   220.995819  -9.348522
-93.217201   221.244629  -10.000560
-92.626289   219.467545  -11.464901
-89.187225   217.774200  -13.387649
-87.455696   217.264206  -13.974087
-85.365234   215.936096  -15.270370
-83.842285   215.679428  -15.561852
-82.932144   215.266663  -15.799787
-82.258583   214.969482  -15.913898
-81.573219   214.728516  -15.950403
-80.675415   214.061981  -16.422365
-80.038803   212.881683  -16.845310
-79.415558   211.886810  -17.167767
-78.719971   210.721771  -17.313787
-77.882401   209.574539  -17.481792
-77.451927   208.346924  -17.724737
-77.185150   207.439011  -17.770182
-76.970375   206.571793  -17.698875
-76.856598   205.571182  -17.588001
-77.031013   203.971420  -17.889898
-77.104538   201.995163  -18.195234
-77.528671   200.138428  -18.423615
-78.082169   198.421661  -18.427067
-78.901894   196.311142  -18.576679
-79.456490   194.651505  -18.642656
-80.653877   192.651443  -18.889898
-81.400528   190.653717  -18.884205
-82.285599   188.824646  -18.492319
-82.889816   187.035126  -18.408691
-83.703453   185.610413  -18.303986
-84.774857   184.559158  -17.918018
-85.778412   183.209808  -17.997198
-86.644958   181.374496  -18.231575
-88.034744   180.427383  -17.735920
-89.189362   178.947678  -17.856676
-90.398079   177.031021  -18.012255
-91.508995   175.730347  -17.858158
-92.518417   174.511612  -17.268446
-93.490280   173.515472  -16.938532
-94.742432   172.483765  -16.588921
-96.370316   171.497131  -16.334600
-97.674355   169.663361  -16.917068
-99.127998   168.597916  -16.436781
-100.299080   167.966110  -16.158606
-101.337479   167.960449  -15.458858
-102.869911   167.224197  -15.189331
-104.136604   166.591095  -14.937433
-105.295273   165.942017  -14.679226
-106.492447   165.384338  -14.343759
-107.551125   164.964951  -14.122312
-108.714752   164.749619  -13.466311
-109.945908   164.830719  -13.185316
-111.146400   164.435226  -13.023039
-112.220436   164.187088  -12.937955
-113.086044   164.022659  -12.970724
-114.088943   163.883347  -12.863843
-114.939133   163.768906  -12.753056
-115.623398   163.626526  -12.599160
-116.340302   163.527054  -12.332553
-116.978218   163.533844  -12.145302
-117.440018   163.574677  -11.901151
-117.949234   163.511261  -11.447590
-118.517876   163.627380  -10.957644
-118.919624   163.643143  -10.634134
-119.166946   163.582596  -10.471281
-119.399590   163.501862  -10.326814
-119.584961   163.421356  -10.261348
-119.689415   163.334549  -10.225597
-119.780708   163.268921  -10.180339
-119.904572   163.310928  -10.111732
-120.045235   163.362564  -10.084369
-120.140266   163.307693  -10.099671
-120.229958   163.249252  -10.103910
-120.286873   163.187012  -10.124572
-120.325821   163.128250  -10.152852
-120.354858   163.062683  -10.188807
-120.319176   162.998840  -10.241700
-120.243065   162.927948  -10.202339
-120.243233   162.989929  -9.957948
-120.069954   163.103378  -9.844131
-119.917046   163.205078  -9.755194
-119.640511   163.402710  -9.664030
-119.437584   163.699753  -9.618965
-119.202217   163.988922  -9.624080
-118.974930   164.235703  -9.592829
-118.463539   164.596573  -9.212500
-118.051025   164.515900  -9.203139
-117.281952   165.112137  -8.788933
-116.709763   164.982407  -8.965569
-116.068398   165.065689  -8.913956
-115.416473   165.607529  -8.261651
-113.873131   165.064133  -7.895525
-112.491615   165.800919  -6.617277
-112.012711   166.665039  -5.237272
-111.451569   167.487839  -4.438446
-111.408783   170.381622  -0.733775
-110.139374   171.081940  -0.096043
-109.083412   171.773361  1.381939
-108.399368   172.158463  2.003482
-107.299927   172.603989  1.964849
-106.203903   173.281464  2.850313
-104.983559   174.052582  3.952969
-103.725441   174.577332  4.912276
-101.672287   174.872070  5.626010
-99.840096   175.549347  6.609930
-98.443947   176.149612  6.949067
-97.879539   177.617065  8.701650
-96.396629   177.754700  8.398695
-94.746643   177.816315  8.269474
-92.925362   177.528931  7.998311
-91.369598   177.251114  7.705893
-89.788933   177.166443  7.451254
-88.228104   177.048279  7.201431
-87.092659   177.076645  7.052191
-85.764427   176.952362  6.731226
-84.363884   176.647888  6.238528
-83.224625   176.883698  6.242922
-81.484589   177.200958  5.740952
-79.898201   177.123642  5.263066
-78.232780   176.914688  4.683156
-76.209160   176.436401  3.832203
-74.874420   176.547241  3.811497
-74.437447   176.656235  3.779042
-75.069374   176.983719  4.033756
-74.103035   177.185211  2.827308
-72.900497   177.211182  1.627696
-72.163078   177.319870  1.058209
-72.233391   181.776215  5.852963
-71.876678   181.297272  4.199802
-72.422287   181.449127  3.716236
-71.845787   180.743591  1.964840
-71.210793   180.469894  0.364794
-70.832497   180.293900  -0.651844
-70.542801   180.139954  -1.443871
-70.425735   179.993271  -2.264965
-70.647804   179.896988  -2.914664
-70.611992   179.582397  -3.728182
-70.551926   179.135864  -4.703546
-70.625595   178.870346  -5.247617
-70.801689   178.609100  -5.654458
-71.150940   178.230515  -6.128271
-71.656067   177.808228  -6.597137
-72.033905   176.537949  -7.742029
-72.440826   175.706177  -8.405335
-73.162819   175.062698  -8.729292
-73.818771   174.543884  -8.984436
-74.767395   174.089951  -8.708250
-76.205650   173.312805  -8.675986
-78.509384   173.458817  -7.566437
-82.348930   175.938614  -3.131871
-84.207474   174.257797  -4.385097
-85.535339   172.822739  -5.274264
-86.616364   171.463776  -5.271071
-87.839958   170.142593  -4.925649
-88.746384   168.831146  -4.983204
-89.898582   167.140900  -4.845525
-90.769470   166.087082  -4.374368
-92.016907   163.748459  -4.440134
-93.171776   162.725616  -4.032766
-84.533867   139.155167  3.901073
-92.652641   150.996078  -3.840719
-95.817238   153.295822  -4.688071
-98.297020   152.320953  -4.650469
-99.795776   150.955704  -4.518328
-100.455925   150.203140  -3.861391
-101.514336   149.009476  -3.988474
-102.477829   147.370819  -4.442142
-102.941742   145.117569  -4.239232
-103.249878   142.947357  -3.980546
-103.328979   140.850113  -3.747192
-103.450279   138.718552  -3.578291
-103.562256   136.892670  -3.298845
-103.563774   134.598724  -3.216220
-103.660156   132.768906  -3.035684
-103.639603   131.010818  -3.050955
-103.464668   129.125839  -3.078148
-103.356171   127.862999  -3.174110
-103.379013   126.490433  -3.607268
-103.480179   125.309273  -4.088477
-103.341133   123.981071  -4.641730
-103.222809   122.717751  -5.103377
-102.993225   121.030884  -5.775500
-102.566498   119.287781  -6.492369
-101.669632   116.799431  -7.504390
-100.459724   114.680779  -8.137585
-99.151649   112.753960  -8.321548
-98.065514   111.720467  -8.566234
-96.379402   110.481804  -9.132356
-95.112167   109.489609  -9.716895
-93.694801   108.949417  -10.541286
-92.115463   108.571533  -11.412488
-91.201241   107.800522  -12.126190
-90.334450   107.744049  -12.797639
-89.009651   107.913315  -13.346893
-87.449188   107.883858  -13.895586
-85.754951   108.021217  -14.565695
-84.023537   108.433731  -15.317635
-82.124413   108.831741  -15.866938
-80.599258   109.162598  -16.540413
-78.692978   109.845535  -17.240406
-76.936058   110.558769  -17.987429
-75.108307   111.359749  -18.739830
-73.661034   112.379807  -19.349092
-71.728638   113.391853  -20.271721
-70.260658   114.973610  -21.112949
-69.287239   116.590233  -20.970470
-68.252754   118.445869  -21.418262
-67.392479   120.172966  -22.016508
-66.815285   122.015404  -22.586929
-66.200829   123.463913  -23.268070
-65.528351   125.396011  -23.380230
-64.717781   127.389893  -22.974470
-63.941666   129.235321  -22.866230
-63.426773   131.028244  -23.067104
-63.207783   133.203918  -23.135420
-62.909935   135.285553  -23.083014
-62.671841   137.213638  -23.173595
-62.519512   138.899765  -23.264572
-62.162251   140.216461  -23.601734
-62.260475   141.918777  -23.547106
-62.175354   143.780090  -23.609625
-62.399208   145.471420  -23.512947
-62.836533   147.183792  -23.415848
-63.304188   148.835464  -23.341846
-63.623981   150.318207  -23.080488
-64.214790   151.906723  -22.729271
-64.344719   153.514252  -22.249512
-64.229340   154.422287  -22.290758
-64.640930   155.141953  -22.207788
-64.963287   155.795822  -22.139975
-65.251457   156.524307  -22.060249
-65.661285   157.398483  -21.861139
-66.153877   158.955627  -21.420284
-66.813080   160.625412  -20.787945
-67.579041   162.408798  -20.131067
-68.321152   163.946320  -19.597933
-69.068932   165.346420  -19.095070
-69.377571   166.303757  -18.457096
-69.679741   166.877731  -17.972918
-70.523605   167.817566  -17.560493
-71.199608   168.481110  -17.190327
-71.849777   168.919464  -16.723505
-73.419388   170.330383  -16.138569
-75.186333   171.399719  -15.940639
-76.890762   171.743469  -15.719972
-77.847153   171.977142  -15.419864
-79.076874   172.248047  -14.855276
-79.867104   172.250458  -14.292867
-80.575821   172.206650  -13.961434
-81.731087   172.368393  -13.689622
-82.595886   172.384140  -13.412902
-83.563187   172.198242  -13.078301
-84.543686   172.012527  -12.571283
-85.567207   171.929901  -11.955215
-86.593452   171.490097  -11.267525
-87.862999   171.026978  -10.668465
-89.174294   170.371643  -10.155768
-90.481224   169.881363  -9.374269
-91.455475   169.135239  -8.831182
-92.282288   168.608536  -8.342682
-93.216995   167.879379  -7.987309
-93.917252   167.098511  -7.351968
-94.347771   166.095230  -7.333322
-94.672028   165.681473  -7.287313
-94.774162   165.457504  -7.323187
-94.880112   165.209625  -7.403266
-95.106194   164.942703  -7.647210
-95.110138   164.653931  -7.862912
-94.970238   164.335464  -8.230617
-94.150978   164.581665  -8.066237
-93.404564   164.960785  -7.831455
-92.746231   165.090149  -7.862041
-91.964783   165.380219  -7.758420
-89.793526   165.786118  -6.860460
-88.935410   166.185181  -6.671105
-88.513161   166.414108  -6.649032
-87.872795   166.769760  -6.683462
-87.204414   167.139908  -6.778284
-86.209229   167.538345  -6.731590
-84.914536   167.929962  -6.845479
-83.635956   168.434357  -6.839246
-82.663826   168.739807  -6.975404
-81.139198   169.109039  -6.975460
-79.531151   169.502884  -6.922743
-77.662827   169.766495  -6.986678
-75.475182   170.031784  -6.915565
-73.261116   170.476685  -6.632095
-71.475121   170.866043  -6.743797
-70.177933   171.136261  -6.795234
-68.684448   171.455063  -6.763281
-66.890129   171.827682  -6.686878
-65.242531   172.065887  -6.910346
-63.493851   172.122101  -7.104588
-61.305588   172.354996  -7.185859
-59.239700   171.727615  -7.435799
-57.599876   171.331985  -7.977075
-55.903267   171.020294  -8.345119
-53.939610   171.220413  -8.404757
-51.772781   171.797546  -8.043674
-49.436771   171.519424  -8.285200
-47.996849   172.185974  -8.309423
-46.756599   172.784744  -8.295052
-44.835449   172.950180  -8.184194
-43.598232   172.847458  -8.454676
-42.439617   172.766724  -8.696154
-41.693859   172.811829  -9.322123
-40.951221   172.758575  -9.790816
-40.105343   172.682175  -10.188836
-39.288548   172.620132  -10.554131
-38.473377   172.502899  -10.897186
-37.686741   172.228470  -11.149778
-37.072803   172.431458  -11.458801
-36.700275   172.564682  -11.765071
-36.398121   172.600983  -12.044321
-36.120647   172.669174  -12.265307
-35.886639   172.706604  -12.425662
-35.757275   172.896408  -12.768246
-35.461193   173.013809  -12.874223
-34.942501   172.743240  -12.750921
-34.825413   172.679596  -12.867305
-34.767448   172.709198  -12.994636
-34.718559   172.776413  -13.124874
-34.754528   172.910492  -13.319891
-34.857719   173.135895  -13.560607
-34.944729   173.279572  -13.751913
-35.111172   173.557648  -13.951825
-35.227139   173.772018  -14.186041
-35.375675   173.970978  -14.372552
-35.546780   174.083099  -14.572653
-35.823589   174.147293  -14.916361
-36.303265   174.191589  -15.313283
-36.765896   174.266052  -15.701620
-37.347454   174.243576  -16.073418
-37.841724   174.105942  -16.447094
-38.396790   173.856201  -16.783890
-39.056255   173.473938  -17.115446
-39.680481   173.149948  -17.302303
-40.288414   173.036346  -17.316679
-41.017273   172.969788  -17.284473
-41.787621   172.720215  -17.269619
-42.531700   172.366898  -17.207783
-43.305630   171.843872  -17.103176
-44.109451   171.338531  -16.952457
-45.167828   170.502747  -16.813286
-46.316196   169.637039  -16.572243
-47.694153   168.568970  -16.384375
-49.017239   167.345490  -16.191456
-50.428749   165.951538  -15.999444
-51.528183   164.322403  -15.603206
-52.432476   162.381485  -15.109238
-53.533096   160.368240  -14.740053
-54.377922   158.905746  -14.457547
-55.455086   157.240356  -14.036363
-56.621380   155.817535  -13.546729
-57.691456   153.606018  -13.178747
-58.458717   151.378723  -13.102907
-59.196095   149.334412  -12.861550
-59.613113   146.574951  -12.179055
-60.074013   144.121826  -12.017517
-60.665077   142.025940  -11.693663
-61.114372   139.706070  -11.064209
-61.604092   137.809418  -10.801502
-61.914639   135.821426  -10.850908
-62.171909   133.681763  -10.783792
-62.135349   131.356750  -10.977838
-62.219177   129.448456  -11.054281
-62.233486   127.400764  -11.184073
-61.957497   124.978203  -11.431888
-61.648067   122.938660  -11.624218
-61.322006   120.775871  -12.029191
-60.618618   118.759926  -12.387896
-59.913803   116.923355  -12.696311
-58.954281   114.845009  -13.222764
-58.062462   112.681671  -13.605139
-57.143818   110.890823  -13.825930
-56.222702   109.357025  -14.046518
-55.405666   107.619690  -14.654218
-54.126846   105.842255  -14.965739
-52.952759   104.677750  -15.328138
-51.559837   103.441490  -15.715684
-50.741779   102.666580  -16.409302
-49.838345   101.923759  -16.924173
-48.846577   101.363037  -17.424629
-47.616985   100.673553  -18.016298
-45.945213   100.394516  -18.278913
-44.412479   99.989334  -18.754866
-43.371624   99.677177  -19.612850
-42.536991   99.763847  -20.366184
-41.412510   99.767754  -21.120672
-39.851379   99.923264  -21.878408
-38.615719   100.019234  -22.595776
-37.720085   100.259010  -23.677420
-36.755760   100.723320  -24.622190
-35.631882   101.269066  -25.397734
-34.495396   101.901924  -26.008041
-33.404583   102.525917  -26.538099
-32.400818   103.203674  -27.127752
-31.352100   104.144119  -27.581022
-30.109787   105.514313  -27.938644
-29.179174   106.500275  -28.307629
-28.183386   107.190628  -28.469784
-27.318670   108.652550  -28.759916
-26.234591   110.292305  -28.859770
-25.148226   111.336044  -28.894737
-24.305260   113.028030  -29.098658
-23.840052   114.506233  -29.376234
-23.411785   116.676231  -29.924534
-22.969145   118.590767  -30.155132
-22.523806   120.680443  -30.027691
-22.232082   122.746269  -29.900160
-21.838480   124.934395  -29.745739
-21.774841   127.108856  -29.466940
-21.651825   128.933563  -29.342299
-21.847326   131.214493  -29.167734
-22.033670   133.323242  -28.830441
-22.378515   135.223358  -28.421827
-22.855587   137.184296  -28.187002
-23.322895   139.254211  -28.086309
-23.610910   140.712112  -27.718245
-24.064505   142.275040  -27.304647
-24.457933   143.585541  -26.906500
-24.706844   144.949448  -26.339554
-25.617266   146.984894  -25.965717
-26.683922   149.579025  -25.618515
-27.598501   151.811157  -25.226555
-28.477814   153.829300  -25.227907
-29.369656   154.964066  -25.227839
-29.991835   156.079300  -24.793318
-30.529205   156.869766  -24.394724
-31.180674   157.923874  -23.936188
-32.199657   159.396988  -23.470345
-33.141727   160.720840  -22.955515
-34.222824   162.392731  -22.531015
-35.461052   163.998947  -22.224392
-36.587719   164.819839  -21.927349
-37.655155   165.947922  -21.255554
-38.871693   167.095367  -20.958786
-40.003757   168.154999  -20.718576
-41.011322   168.850845  -20.457359
-41.864609   169.178329  -20.238001
-42.648960   169.203674  -20.010370
-43.515518   169.379868  -19.628679
-44.617893   169.537018  -19.215137
-45.777752   169.594193  -18.798225
-46.890736   169.755798  -18.229437
-47.974224   169.751205  -17.748611
-49.205029   169.733994  -17.247084
-50.607067   169.703918  -16.984537
-51.618759   169.464218  -16.623371
-52.712875   169.155884  -16.204779
-53.739792   168.867508  -15.694746
-54.660160   168.398422  -15.177912
-55.592625   167.658264  -14.867428
-56.510891   166.948578  -14.567303
-57.464249   166.342194  -14.313509
-58.281639   165.681900  -14.051378
-59.118412   164.879425  -13.812990
-59.932880   164.201019  -13.569071
-60.616489   163.458527  -13.326081
-61.195866   162.858505  -13.051737
-61.629917   162.383621  -12.822343
-61.993641   162.041061  -12.554639
-62.160110   161.655029  -12.310434
-62.187870   161.245544  -12.204089
-62.189285   161.076950  -12.119992
-62.042713   160.969299  -12.034995
-61.822441   160.913620  -11.968470
-61.566410   160.832703  -12.007477
-61.179871   160.889175  -12.007134
-60.539845   160.971390  -11.867064
-59.818790   161.123108  -11.702206
-59.232227   161.450211  -11.744821
-58.718983   161.749237  -11.791257
-57.915417   161.989471  -11.974940
-57.244194   162.310760  -12.060241
-56.222744   162.719910  -12.129053
-55.298420   163.219940  -12.168495
-54.365971   163.739807  -11.954749
-53.600838   164.166931  -11.932552
-52.677864   164.469940  -11.877026
-51.523045   165.071503  -11.807511
-50.197945   165.715820  -11.585860
-48.434647   165.677124  -11.343828
-47.111557   166.118912  -11.173126
-45.256123   166.478882  -10.926380
-43.726887   166.870865  -10.866775
-42.590698   167.300858  -10.784903
-41.651218   167.780060  -10.895173
-40.757607   168.285492  -11.049728
-39.771889   168.770081  -11.055314
-38.636951   169.070465  -11.260489
-37.037849   169.463913  -11.345770
-35.345966   169.758926  -11.495304
-33.615822   169.861771  -11.614575
-32.192257   169.738464  -11.952635
-30.905615   169.629700  -12.244376
-29.621527   169.389694  -12.533326
-27.641626   169.018341  -12.512463
-26.040339   168.606522  -12.616098
-25.022738   168.204254  -13.041842
-24.069992   167.815338  -13.375729
-23.078426   167.348236  -13.777059
-22.256643   166.967133  -14.146459
-21.394032   166.262680  -14.675528
-20.450268   165.688126  -15.078254
-19.625284   165.268585  -15.509524
-18.486246   164.383957  -15.919232
-17.462019   163.625641  -16.195499
-16.846443   162.931793  -16.524914
-16.138844   162.431137  -16.764492
-15.645880   161.821594  -17.095522
-15.064765   161.469528  -17.278996
-14.593148   161.315308  -17.474909
-14.231077   161.191055  -17.671150
-13.705770   161.031738  -17.916271
-13.061519   160.943054  -18.064875
-12.551370   160.921112  -18.215563
-12.104372   160.931244  -18.403332
-11.698952   160.934525  -18.616982
-11.263191   160.874481  -18.900311
-10.798260   160.823227  -19.258526
-10.377121   161.024399  -19.614712
-9.881628   161.355118  -20.064613
-9.316200   161.812073  -20.593494
-8.838387   162.279831  -21.130028
-8.379195   162.776108  -21.602917
-7.972142   163.347702  -22.191595
-7.566080   163.734863  -22.675163
-7.225519   164.057327  -23.010529
-6.895023   164.361664  -23.269421
-6.518811   164.805710  -23.608156
-6.281243   165.150711  -23.908070
-6.006279   165.565170  -24.404127
-5.808393   166.032700  -24.826496
-5.549154   166.555878  -25.334131
-5.310449   166.858475  -25.708424
-5.021511   167.169006  -25.983740
-4.891883   167.495087  -26.260519
-4.813200   167.754501  -26.527269
-4.736833   168.043091  -26.813236
-4.672738   168.286407  -27.046419
-4.666243   168.488251  -27.195850
-4.642445   168.682297  -27.299103
-4.614297   168.858948  -27.386858
-4.589604   169.006699  -27.454243
-4.577979   169.109589  -27.508886
-4.564635   169.211243  -27.552483
-4.570938   169.251633  -27.602724
-4.539830   169.332916  -27.641216
-4.518772   169.351379  -27.675552
-4.500706   169.326950  -27.711964
-4.475891   169.272079  -27.772774
-4.465374   169.109879  -27.856825
-4.404397   168.822632  -28.042570
-4.353903   168.393845  -28.285973
-4.400570   167.661057  -28.592398
-4.342146   166.662674  -28.806248
-4.488572   165.403412  -28.956610
-4.437504   164.146378  -29.164141
-4.413323   162.405701  -29.302416
-4.436654   161.096161  -29.403364
-4.451959   159.507553  -29.630499
-4.529295   158.046341  -29.827410
-4.634349   156.277954  -30.010635
-4.906580   154.528503  -30.270210
-5.282640   153.138153  -30.437126
-5.534282   151.663544  -30.496536
-5.795891   150.233215  -30.577864
-5.966595   148.553436  -30.708693
-6.014133   146.590530  -30.726978
-6.114711   144.908646  -30.720177
-6.217016   143.110931  -30.639513
-6.206589   141.094406  -30.588850
-6.196031   139.388962  -30.452438
-6.254112   137.979477  -30.445158
-6.447481   136.650406  -30.526789
-6.560451   135.566849  -30.556673
-6.700293   134.195343  -30.545383
-6.785357   132.184631  -30.275215
-6.840614   130.254776  -30.125225
-6.854349   127.912285  -29.709869
-7.212910   125.851547  -29.621712
-7.586518   124.242142  -29.610863
-7.846002   122.615746  -29.609486
-8.134944   120.691483  -29.448738
-8.402446   118.790344  -29.404633
-8.875221   116.896675  -29.248440
-9.474708   115.020210  -29.188423
-9.967597   112.816086  -28.716438
-10.645652   110.763123  -28.465612
-11.264715   109.034225  -28.317900
-12.063645   106.972664  -27.796906
-12.917510   104.950096  -27.376947
-13.623927   103.242889  -27.096735
-14.493246   101.647789  -26.726212
-15.395985   100.037369  -26.201200
-16.416416   98.850410  -25.926441
-17.187025   97.829750  -25.811806
-17.937315   96.749580  -25.624510
-18.732761   95.764320  -25.409409
-19.639244   94.877571  -25.086576
-20.467468   94.009254  -24.507586
-21.221083   93.262459  -23.986624
-22.293898   92.463799  -23.248831
-23.284746   91.730438  -22.426918
-24.649055   90.911186  -21.652035
-26.292242   90.379997  -20.710882
-28.408012   89.833656  -19.787439
-30.449673   89.515450  -18.839554
-32.570301   89.272209  -17.759380
-34.277771   89.166084  -16.914684
-35.215759   89.103104  -16.062336
-36.301594   89.197655  -15.296932
-37.613319   89.263329  -14.574271
-38.591412   89.478195  -14.051753
-39.547558   89.670250  -13.663942
-40.703384   89.915962  -13.466688
-42.083294   90.801910  -13.064879
-43.265759   91.400352  -13.141461
-43.939484   92.362717  -13.125917
-44.474384   93.098129  -13.314565
-45.014141   94.334450  -13.639380
-45.119865   95.515938  -13.631383
-45.185280   96.682304  -13.611874
-45.210022   97.659454  -13.670365
-45.103119   98.739403  -13.660802
-44.940449   99.783546  -13.695777
-44.625771   100.922676  -13.730785
-44.392681   101.800804  -13.801007
-44.144585   102.765182  -13.828868
-43.962685   103.415962  -13.892186
-43.707710   103.969498  -13.923192
-43.191597   104.478409  -13.902193
-42.897491   104.865425  -13.932732
-42.705078   104.910675  -14.049898
-42.530922   105.189293  -14.300488
-42.517563   105.248177  -14.769238
-42.388531   105.345367  -15.217560
-42.286270   105.425980  -15.674230
-41.953190   105.482849  -15.813444
-41.768456   105.443436  -15.937467
-41.616314   105.392342  -16.066597
-41.542377   105.210175  -16.281097
-41.448521   105.131493  -16.456902
-41.358444   104.999115  -16.706419
-41.245888   104.994370  -16.778276
-40.832096   105.044777  -16.721148
-40.736637   104.976883  -16.763321
-40.672100   104.953857  -16.777082
-40.619659   104.953476  -16.789759
-40.557629   104.990448  -16.785894
-40.082855   105.250565  -16.552677
-39.833466   105.389015  -16.325914
-39.693989   105.498558  -16.250336
-39.664722   105.689453  -16.016359
-39.526112   106.060410  -15.684128
-39.421432   106.580521  -15.265287
-39.231514   107.214905  -14.732029
-39.071575   108.008514  -14.020218
-39.076717   108.438675  -13.775389
-38.996861   108.876144  -13.473832
-38.302559   109.508118  -13.031210
-37.831318   110.210228  -12.394986
-37.143436   111.158737  -11.699532
-36.089283   112.715019  -10.811901
-35.404598   113.982979  -10.030689
-34.608562   115.197090  -9.289454
-34.168045   116.107010  -8.793588
-33.729385   116.879318  -8.393572
-33.276646   117.746765  -7.810528
-33.017315   118.606911  -7.351173
-32.547554   119.291161  -6.924112
-31.959570   120.721733  -6.549645
-30.444172   123.049484  -5.477757
-29.250685   125.438995  -4.980772
-28.080545   127.648521  -4.072364
-27.008301   129.947906  -3.147092
-26.128326   131.881775  -2.488217
-25.020233   133.374054  -1.731140
-23.884020   134.920456  -1.037551
-23.075848   136.001831  -0.588600
-22.400707   137.592773  -0.197861
-21.726709   139.687790  0.307979
-20.871819   141.714737  0.568105
-19.328495   143.414337  1.163489
-18.012207   145.575043  1.568719
-17.023851   147.306778  2.012918
-15.751222   149.160126  2.328824
-14.257908   151.328690  2.336366
-13.001834   152.936249  2.137710
-11.950258   154.982864  2.314996
-10.716749   156.863571  2.120083
-10.080701   158.525040  2.215985
-8.955936   160.238068  2.365379
-7.285331   162.717590  2.161340
-5.981192   164.980850  1.834037
-4.888228   166.402740  1.431269
-3.806440   167.425293  1.230067
-3.053466   168.198425  0.929230
-2.477228   169.057480  0.842160
-1.853173   170.403885  0.378122
-1.156771   171.579910  -0.175600
-0.609902   172.899475  -0.789482
-0.182321   173.980286  -1.350143
0.059609   175.389374  -2.202795
0.356313   176.387085  -2.937704
0.614123   177.277710  -3.468540
0.871085   178.231796  -4.440452
1.219861   179.057999  -5.405347
1.627893   179.654633  -6.258590
1.844814   179.804779  -7.006688
2.223688   180.015137  -7.787015
2.494906   180.215210  -8.882243
2.561182   180.450714  -10.058674
2.707680   180.739334  -11.162626
2.607032   181.429184  -12.400157
2.604689   181.655411  -13.477573
2.377639   181.841263  -14.429416
2.154420   181.924179  -15.306391
2.044467   181.923233  -15.926753
1.952166   181.877136  -16.418520
1.850040   181.815384  -16.998289
1.462867   181.538086  -17.928841
0.833444   181.261276  -19.057148
0.109696   180.931030  -20.351244
-0.426602   180.729431  -21.375719
-1.015736   180.503525  -22.280787
-1.676278   180.237335  -23.161963
-2.091002   180.058380  -23.696999
-2.685835   179.787872  -24.438951
-3.244013   179.501160  -25.133015
-3.628360   179.209198  -25.790737
-4.058443   178.891785  -26.540354
-4.464591   178.541534  -27.200256
-4.885016   178.099899  -27.936050
-5.370456   177.683563  -28.986097
-6.006788   177.328888  -30.116100
-6.587218   177.086411  -30.975676
-6.950539   176.905319  -31.546335
-7.161627   176.706055  -32.141830
-7.294291   176.513428  -32.716328
-7.431686   176.330872  -33.170650
-7.519587   176.165863  -33.507496
-7.635366   175.974808  -33.842594
-7.743342   175.806900  -34.131260
-7.877827   175.672379  -34.545219
-8.027942   175.548553  -34.945450
-8.198281   175.453247  -35.248169
-8.327009   175.439514  -35.525436
-8.467864   175.416550  -35.777119
-8.660501   175.359222  -36.042450
-8.763260   175.270752  -36.232555
-8.863223   175.176483  -36.351299
-8.947336   175.099976  -36.445374
-8.944277   175.109604  -36.473877
-8.899313   175.194199  -36.478069
-8.873476   175.266602  -36.468578
-8.865004   175.281555  -36.350475
-8.837859   175.335129  -36.100445
-8.785800   175.379517  -35.862507
-8.696784   175.445175  -35.584053
-8.418102   175.371826  -34.978378
-8.203005   175.227127  -34.475597
-8.033299   175.142395  -33.941452
-7.697665   174.968689  -33.314896
-7.391496   175.021744  -32.599693
-7.117006   174.915192  -31.884970
-6.883140   174.775208  -31.408621
-6.766466   174.721802  -31.017426
-6.672778   174.647339  -30.703625
-6.284811   174.830505  -30.190302
-5.626421   175.138702  -29.509947
-4.620393   175.187622  -28.547506
-3.392087   175.374420  -27.290920
-2.531794   175.511810  -26.558533
-1.784608   175.606018  -26.042469
-1.109879   175.549408  -25.448280
0.184343   175.459595  -24.646595
1.304779   175.430161  -23.913710
2.574889   175.202713  -23.325788
4.004265   174.640259  -22.720781
5.723577   174.410339  -22.010189
7.716784   173.729095  -21.161797
9.269918   173.086456  -20.523615
10.837484   172.316360  -20.165312
12.396203   171.699997  -19.772232
14.102481   170.718948  -19.181494
15.579294   169.709747  -18.876122
17.227966   168.670425  -18.482998
18.496458   167.854446  -18.277979
20.111937   166.877090  -17.718687
21.497423   165.778778  -17.418154
22.745564   164.323410  -17.230957
23.753313   163.310974  -17.151529
24.352942   162.142136  -17.435223
24.888947   161.123505  -17.808504
25.755278   159.889618  -18.117128
26.508139   158.513580  -18.457254
27.648514   157.215103  -18.655716
28.829319   155.735001  -18.813858
29.806822   154.562363  -19.057880
30.619059   153.658340  -19.425869
31.393452   152.932114  -19.817444
32.198193   152.247360  -20.241785
32.895561   151.598755  -20.735235
33.952965   151.445129  -21.551994
34.467751   151.176331  -22.341953
34.748619   150.992935  -22.773504
35.042839   150.871948  -23.402710
35.371510   150.804520  -23.939236
35.617794   150.797119  -24.361921
35.757637   150.762817  -24.866297
36.035698   150.918884  -25.262325
36.232903   151.019241  -25.527760
36.359619   151.066223  -25.655363
36.493172   151.147461  -25.746090
36.568089   151.375854  -25.854061
36.434856   152.190369  -26.458370
36.115604   153.295303  -27.185762
35.685684   154.084671  -27.752523
35.631454   154.855484  -27.925697
35.278610   155.646988  -28.161234
34.491940   156.768723  -28.507406
33.841568   157.834213  -28.700848
33.376953   159.085266  -28.863766
32.815365   159.869446  -28.927399
32.221905   160.639633  -28.964489
31.243046   161.317276  -29.070875
30.772532   161.719131  -28.812147
29.945301   162.410721  -28.713924
29.355518   162.906708  -28.021860
28.760319   163.439468  -27.039873
27.833395   164.118774  -26.767223
27.047026   164.594101  -26.183107
25.996880   164.845032  -25.824213
24.550465   165.002914  -25.706924
22.928274   165.273788  -25.648336
21.085064   165.002548  -25.673599
19.545820   164.276749  -25.654419
17.984804   163.351959  -25.522249
16.625925   162.605026  -25.446123
15.235820   161.583359  -25.241390
13.900412   160.437866  -25.026619
12.430174   159.373062  -24.791119
11.244635   158.297287  -24.608620
10.005930   156.741165  -24.318010
8.833978   155.088699  -24.053770
7.788424   153.398087  -23.571995
6.800362   151.675323  -23.142763
5.898094   150.076981  -22.785831
4.806225   147.688477  -22.489519
3.596360   145.174973  -22.647490
2.816123   143.440369  -23.072432
1.821807   141.039932  -23.460695
1.341666   138.575668  -23.082291
0.973795   135.112366  -22.300396
0.710428   132.788818  -22.133806
0.685215   130.072098  -22.257034
0.736369   127.391853  -22.354330
0.611861   125.515182  -22.308073
0.610427   122.834526  -22.281780
0.155936   120.181625  -22.184118
-0.264260   117.449432  -22.337257
-0.863394   114.605072  -23.069984
-1.555228   111.583023  -23.730679
-1.771171   108.351288  -24.026058
-1.519213   105.424469  -24.100941
-1.153337   102.993164  -24.316200
-0.460852   100.889862  -24.560543
0.605970   98.545517  -24.436323
1.939087   96.243416  -24.088730
3.143548   94.426163  -23.944874
4.470502   92.852982  -24.058586
5.550310   91.678925  -24.264330
6.669683   90.623154  -24.651924
8.069638   89.853302  -25.340693
9.318463   89.276733  -26.119570
10.691116   88.693993  -26.743639
11.865868   88.473755  -27.453684
13.246685   88.317749  -27.954679
14.612047   87.961617  -28.476166
15.946027   88.350815  -29.695087
17.561323   88.742279  -30.191364
18.806253   89.486198  -30.657816
19.709000   90.007393  -31.084698
20.728998   90.699768  -31.645199
21.512512   91.202644  -31.965357
22.272705   91.790939  -32.171127
23.143375   92.390846  -32.387478
24.046629   93.092361  -32.580791
25.113913   94.242989  -32.813469
26.414772   95.731186  -32.960667
27.892496   97.565720  -33.383629
28.796120   99.347641  -33.778324
29.167475   100.780228  -34.013664
29.537271   102.072327  -34.218235
29.881649   103.300667  -34.387070
30.147951   105.115677  -34.816582
30.120583   106.872673  -35.196362
29.914949   108.843987  -35.516068
29.882080   110.652016  -35.635532
30.157211   113.291710  -35.916924
30.121019   115.143509  -36.061394
29.996813   116.879112  -36.086449
29.874844   119.074936  -36.057735
29.662767   121.401260  -35.881790
29.706141   123.508232  -35.652325
29.750660   125.193466  -35.413540
29.735376   126.628845  -35.169197
29.511402   128.233185  -35.003582
29.516508   130.345932  -35.225979
29.333687   131.993881  -35.128742
29.457596   134.235413  -34.861240
29.334351   136.129318  -34.682377
29.347309   138.076050  -34.510941
29.223015   139.781372  -34.518875
29.216331   141.095718  -34.592068
29.152241   142.031693  -34.589935
29.135180   143.114609  -34.697346
29.181921   143.901779  -34.765495
29.235046   144.825760  -34.757175
29.622707   145.932510  -34.747112
30.044310   147.955872  -34.853821
30.352671   149.616257  -34.892628
30.487030   150.607224  -34.894737
30.683212   151.081573  -34.834072
30.820719   151.427475  -34.688320
30.861679   151.642838  -34.591213
30.905022   151.757309  -34.464966
31.009645   151.531616  -34.249676
31.059383   151.311646  -34.069664
31.072832   150.964767  -33.885902
31.135036   150.011566  -33.553963
31.202663   149.078293  -33.169590
31.212032   147.894272  -32.957714
30.946358   146.598160  -32.999710
30.949003   144.980347  -32.887173
30.905642   143.111237  -32.747166
31.010101   140.914490  -32.384247
30.781525   139.324844  -32.216629
30.300341   137.744858  -32.178444
29.684904   136.118240  -32.254402
29.080065   133.727295  -32.257797
28.437477   130.835587  -31.955170
27.981758   128.256760  -31.760153
27.460806   126.259178  -31.600904
26.913147   124.313988  -31.568417
26.359461   122.427498  -31.557261
25.724422   120.176224  -31.502571
25.389545   117.542282  -31.403360
24.932261   114.626663  -31.528463
24.730003   112.804543  -31.601334
24.488758   110.924126  -31.861807
24.093893   108.545029  -32.029404
23.703098   106.684547  -32.210564
23.607843   104.650551  -32.509785
23.822016   102.484512  -32.348045
23.496807   99.944412  -32.247913
23.256739   97.844292  -32.364277
23.619814   94.870003  -31.948519
24.269642   93.494209  -31.733383
24.526154   92.146523  -31.678648
25.215149   90.416275  -31.765684
25.856159   88.931717  -32.095024
26.800165   87.302277  -32.381058
27.865721   85.932770  -32.840168
28.756914   84.738098  -33.214832
29.678286   83.697350  -33.315067
30.240664   82.835968  -33.581680
30.660480   82.002510  -33.926910
31.306618   81.262703  -34.253868
32.485775   80.252945  -34.580509
33.793365   79.386383  -35.153492
35.036125   78.791931  -35.697014
36.209248   78.376854  -36.298588
37.873573   78.143135  -37.533783
39.626801   78.356438  -39.376244
40.896500   79.117867  -39.995422
41.722977   79.783470  -40.467682
42.402122   80.477638  -40.675800
43.362103   81.638603  -40.831081
44.874039   83.441132  -40.861927
46.169476   84.978783  -41.334641
46.704979   86.625565  -41.402271
47.131451   87.667816  -41.433968
47.534630   88.889259  -41.163177
47.860451   90.681389  -40.495155
47.967625   92.372604  -39.932266
48.157509   93.230080  -39.811066
