-89.126648   173.332947  -13.125627
-89.011375   173.432480  -13.142234
-88.952866   173.495117  -13.146256
-88.866982   173.594345  -13.154186
-88.834557   173.636780  -13.155742
-88.787094   173.693832  -13.161532
-88.736053   173.748428  -13.171325
-88.683640   173.807709  -13.182532
-88.628159   173.864182  -13.196589
-88.580437   173.915527  -13.207912
-88.537186   173.958267  -13.221240
-88.506554   173.989563  -13.228580
-88.487083   173.998886  -13.220618
-88.471016   174.009842  -13.207889
-88.459213   174.024887  -13.189343
-88.451622   174.038528  -13.178574
-88.448189   174.045303  -13.165104
-88.435143   174.046417  -13.156886
-88.424049   174.043686  -13.146881
-88.404755   174.036652  -13.127540
-88.373856   174.022217  -13.104023
-88.345612   174.016357  -13.089830
-88.342148   174.017670  -13.074319
-88.333191   174.014679  -13.059836
-88.304962   173.998596  -13.052900
-88.283340   173.981064  -13.041475
-88.240189   173.932785  -13.038218
-88.203087   173.887527  -13.032964
-88.161240   173.827133  -13.018554
-88.098091   173.747955  -13.006309
-88.027328   173.654724  -13.000346
-87.949829   173.518082  -12.985805
-87.846390   173.340622  -12.976902
-87.730080   173.160660  -12.975537
-87.560371   172.950577  -12.995570
-87.397888   172.705521  -13.003810
-87.240807   172.487152  -13.023039
-87.109421   172.329620  -13.069464
-86.990585   172.212662  -13.146994
-86.857544   172.128311  -13.238315
-86.739967   172.131699  -13.428796
-86.548859   172.485306  -14.050197
-86.487312   172.913803  -14.425206
-86.462135   174.169220  -15.767492
-86.464691   175.522980  -17.087757
-86.685959   177.539719  -18.667755
-86.858528   179.304398  -19.928926
-87.080330   180.915985  -20.867451
-87.498543   183.578064  -21.874847
-88.237144   186.670837  -22.598768
-89.063049   190.475052  -23.476212
-90.284462   196.154114  -24.925913
-91.036339   199.364410  -25.676943
-91.877464   203.764069  -26.348763
-93.686928   210.515533  -27.089193
-95.348145   216.489761  -27.100651
-97.136497   222.952423  -26.840559
-98.451843   228.202881  -26.460524
-99.831795   233.375183  -25.514875
-101.120285   238.780579  -24.508461
-102.322098   244.186066  -23.379978
-103.567940   249.420654  -22.065605
-104.982391   255.326019  -20.492395
-106.049362   259.157990  -19.170717
-106.959038   262.653442  -17.685978
-107.960556   265.012482  -16.577381
-109.010422   267.159668  -14.980629
-109.931786   268.872772  -12.778234
-111.002098   269.346405  -11.399539
-112.239838   269.696533  -10.241901
-113.540970   268.040344  -8.859348
-114.948387   266.856171  -7.398027
-116.381714   264.501251  -6.119649
-117.899872   261.547607  -4.284648
-118.990562   256.357544  -2.137549
-119.642487   250.225067  -0.652848
-119.667328   243.661469  0.944160
-119.275185   236.228958  2.326264
-118.531548   228.264923  3.022214
-117.411369   220.159897  3.691853
-115.779755   212.009155  4.077489
-113.153137   204.479919  4.887791
-110.475121   198.179871  4.612485
-107.408401   193.065262  3.310984
-103.966934   189.450485  1.285118
-100.027161   187.125183  -1.194320
-95.821655   185.707352  -3.637877
-91.296875   185.319336  -6.814347
-86.876999   185.340302  -9.541129
-82.976196   185.856735  -12.091277
-79.351646   186.804703  -14.063190
-76.123093   187.511261  -15.712191
-73.820534   188.574127  -17.179813
-72.174942   189.495300  -18.428595
-71.233360   189.867691  -18.516724
-71.107819   189.825729  -17.948040
-71.560951   189.234055  -16.676914
-72.595428   187.866898  -14.829748
-74.124908   186.082840  -12.984034
-75.786438   183.377487  -10.751622
-77.315491   180.644913  -8.554059
-78.431458   177.234024  -6.075469
-79.103119   173.269287  -4.008001
-79.342743   169.252975  -2.497905
-79.141716   165.277969  -0.986007
-78.500412   161.450912  0.293570
-77.810654   158.342514  1.188184
-77.035553   155.523270  1.607639
-75.842445   152.472015  1.564212
-74.140327   149.411194  1.257058
-71.568413   146.051956  0.918601
-68.077965   143.131516  -0.074667
-63.864555   140.859039  -1.213095
-59.202557   139.837585  -2.871714
-54.648540   139.777634  -4.674356
-50.423878   140.439850  -6.975115
-46.621567   141.858093  -10.126177
-43.089237   144.143005  -13.753112
-40.335640   147.305038  -17.423523
-37.887238   151.108597  -21.161104
-36.013065   155.996338  -23.719976
-34.659050   161.387207  -26.877726
-33.938171   168.239044  -28.983894
-33.665146   175.217026  -32.019272
-33.809433   182.856369  -33.826324
-34.334328   190.266357  -35.517582
-35.557590   198.078583  -37.526474
-36.626293   205.687027  -37.901581
-37.932423   212.906418  -37.398819
-39.305756   219.884979  -36.167152
-40.830601   226.230469  -35.318897
-42.665642   230.661346  -33.954918
-44.661400   234.515244  -32.742172
-46.113266   236.004532  -32.311764
-47.654858   237.358093  -30.356834
-49.313389   237.939850  -28.470242
-50.853413   237.033585  -26.306004
-52.208687   235.414734  -23.840330
-53.465195   232.232742  -21.688179
-54.358730   227.984146  -19.352041
-54.779858   222.690170  -17.520149
-54.539589   216.128586  -15.875360
-53.567623   209.857910  -14.191818
-52.122177   203.256821  -12.916193
-50.145077   196.639084  -11.909771
-47.719807   189.944595  -11.310871
-44.917149   183.588562  -11.045324
-41.738750   177.882599  -11.269873
-37.932072   172.799179  -11.378923
-33.949379   168.427597  -11.915987
-29.720604   165.095551  -12.915216
-25.710270   162.768982  -14.548666
-21.693857   161.775772  -15.943522
-18.083799   161.873764  -18.254969
-14.899085   162.362976  -20.562782
-11.831919   164.316528  -23.080124
-8.736755   167.353531  -26.339499
-5.878735   172.307068  -29.081791
-3.283726   177.524475  -32.192478
-1.354388   183.350922  -34.895096
-0.038926   189.986588  -36.361992
0.676024   196.279099  -37.968342
0.925310   202.836685  -39.376057
0.768483   209.378128  -40.036758
0.317565   215.116867  -40.103508
-0.406119   220.031677  -39.274994
-1.412980   223.409073  -38.494026
-2.461658   225.363693  -37.798386
-3.754698   226.720444  -37.033924
-5.021408   227.373489  -36.203884
-6.253851   227.296005  -35.139702
-7.523244   226.153320  -33.838947
-8.869420   223.790649  -32.083878
-9.947012   220.057693  -30.376316
-10.975308   214.602432  -28.176355
-11.651176   207.809387  -26.095339
-11.827604   200.859024  -23.938225
-11.621012   193.419067  -21.898897
-11.551783   185.575241  -21.022223
-11.171661   178.256775  -19.264196
-10.769701   171.213135  -18.807798
-10.208572   165.594955  -17.481661
-9.640100   162.242706  -16.422684
-9.234026   160.131119  -15.897607
-8.885135   159.013977  -15.685162
-8.676693   158.687927  -15.728279
-8.468644   159.131760  -15.956819
-8.390279   160.009247  -16.483105
-8.278842   162.431702  -17.904602
-8.103382   166.077469  -19.480404
-7.681145   170.572098  -21.662983
-7.074249   176.377594  -23.865887
-6.203920   182.517136  -25.386139
-4.878592   188.404129  -27.278612
-3.177577   193.727554  -29.213583
-0.699691   200.463165  -30.775852
1.966669   206.857880  -32.449566
4.793257   212.715042  -34.283993
7.803775   217.987518  -34.760963
10.368572   222.350082  -35.297371
12.092399   225.385391  -35.659546
13.142746   227.025681  -35.945618
14.119438   228.401825  -36.227127
15.158215   229.368988  -36.521454
16.220360   229.505676  -36.712944
17.534443   228.750610  -36.913986
18.977531   226.664413  -37.009769
20.350817   222.648666  -37.309101
21.735098   217.229828  -37.006813
22.971207   210.812653  -37.017044
23.806305   203.700958  -36.555199
24.370995   196.123505  -35.749805
24.849680   189.463211  -34.734962
24.949518   182.478134  -33.174568
25.341793   177.043747  -32.075481
25.652252   172.321060  -30.912790
25.997206   168.609268  -30.174625
26.159626   165.994125  -29.682600
26.209541   164.770584  -29.492867
25.157364   165.753754  -30.244368
24.429560   166.591293  -30.952740
22.857182   169.148315  -32.751930
21.325661   172.749420  -34.698524
19.838816   177.025589  -36.485832
18.318081   182.543900  -38.783241
17.127880   188.574509  -40.787132
16.554693   194.570145  -41.948399
16.103094   199.364563  -42.734352
16.022793   204.241989  -43.156116
16.225615   209.020645  -44.155094
16.540087   213.479935  -45.185131
16.821491   217.752853  -45.983414
16.990974   220.521057  -46.571896
17.304417   222.647522  -46.926407
17.706329   224.063843  -47.227711
18.280695   224.593399  -47.448036
19.222059   224.642700  -47.690548
20.609694   224.126053  -47.951729
22.947960   221.976105  -48.054092
25.995605   218.704910  -48.414955
29.643147   214.461151  -49.201500
33.264408   208.577347  -49.244080
37.021885   202.267822  -49.285267
40.465530   195.450623  -48.966328
43.562443   188.194046  -48.647976
46.504101   181.179092  -47.767784
49.536652   174.017944  -46.694706
52.906342   167.170532  -45.339668
56.539219   160.720200  -43.792435
60.011349   155.038727  -42.123451
63.342358   150.625122  -40.485703
66.801201   147.773804  -39.413616
69.853653   145.910919  -38.551678
73.261734   145.392731  -38.841740
76.105209   146.406403  -39.871769
78.186058   149.156509  -41.407307
80.350060   153.287231  -44.304298
82.262016   161.172806  -46.753891
83.364883   169.519913  -48.987347
84.309174   178.879745  -51.132580
85.281960   188.048737  -54.112835
85.809525   197.999359  -56.426933
85.304810   207.883118  -57.466255
84.684494   218.004440  -59.243004
83.860580   227.526703  -60.288052
82.462357   236.110245  -60.489098
80.531975   244.063583  -60.522659
78.308632   250.292526  -59.996975
76.639061   254.584885  -59.697388
75.250999   257.265442  -58.196030
74.094727   258.844086  -56.618191
73.198235   258.904022  -55.658245
72.408760   257.221466  -55.130398
71.888054   252.600479  -54.234818
72.331825   245.150421  -53.190563
73.386978   236.348495  -51.644516
75.018661   226.872726  -50.114605
77.030365   215.905899  -48.732880
79.132988   206.147232  -46.897179
80.800354   196.711319  -44.931515
82.055252   188.387436  -43.165451
82.837982   181.692749  -41.649834
83.600792   177.108215  -40.712765
84.009811   174.815842  -40.358795
84.063805   173.586945  -40.235794
83.916901   172.888779  -40.186684
83.368217   172.706070  -40.021267
82.111099   172.637421  -39.847980
79.964142   173.236694  -39.520817
76.586662   173.730728  -38.927925
71.985619   174.333954  -37.911072
66.678192   175.145660  -36.531490
61.400501   176.222336  -35.292850
55.415535   176.452606  -34.043262
48.931034   176.442383  -32.880524
42.490253   176.503891  -31.369648
35.495480   175.998428  -29.208237
28.293669   175.781830  -26.277308
21.215645   175.066727  -23.176537
13.514710   173.678848  -19.243576
5.469766   172.619751  -15.102051
-2.854495   171.468048  -10.593317
-10.766631   171.076035  -5.743810
-18.970478   170.755676  -1.573197
-26.685631   170.362915  2.824395
-34.186012   170.253784  6.939938
-40.563995   169.320511  11.221121
-46.071167   168.391708  14.677269
-50.337650   167.689255  17.313591
-53.716187   166.982162  19.206448
-55.993843   166.506424  20.323246
-57.075539   166.171265  20.901596
-57.208431   166.012085  21.409739
-56.880497   166.228653  21.607563
-55.898289   166.547104  21.366318
-54.500965   167.301987  20.339252
-50.680153   168.491089  17.520514
-43.528294   170.168457  13.345555
-35.250595   171.359344  8.710670
-26.247875   172.963745  3.769499
-16.915510   174.840790  -2.027558
-7.198491   176.999863  -6.232211
2.255089   179.587769  -9.580440
11.041548   181.658691  -12.079370
19.470602   184.060577  -14.963829
27.278124   186.391846  -17.524885
34.154968   188.342255  -19.433371
40.409420   190.226364  -21.443399
46.142933   192.503281  -23.491570
51.280945   194.549484  -25.418940
55.760647   196.404388  -26.968735
59.612656   198.179596  -28.254232
62.763817   199.460968  -29.212061
65.194214   200.335938  -29.760221
67.071632   201.248672  -29.927853
68.913414   202.446320  -30.163540
70.375793   203.569336  -30.369024
71.381218   204.311432  -30.462877
72.061234   205.032608  -30.556425
72.913071   207.467773  -31.597725
72.916443   207.479095  -31.603561
72.605598   208.358749  -32.182106
72.478188   208.580322  -32.344753
71.986603   209.056198  -32.807411
71.732849   209.221100  -33.010502
71.266335   209.319824  -33.270607
70.793686   209.359406  -33.494766
70.103004   209.401810  -33.806225
69.857483   209.363800  -33.905952
69.518852   209.330460  -34.046837
69.103706   209.293762  -34.216358
68.899094   209.123932  -34.236622
68.600655   208.905029  -34.269810
68.330643   208.688065  -34.299103
67.982887   208.332825  -34.344368
67.867905   208.154373  -34.355644
67.731903   207.825684  -34.358334
67.642906   207.411621  -34.336266
67.533913   207.173386  -34.330063
