-122.202446   165.928406  36.702435
-122.126457   165.821014  36.764202
-122.132874   165.785568  36.803478
-122.130737   165.778976  36.812817
-122.124229   165.738876  36.821365
-122.084023   165.735245  36.849541
-122.090721   165.754501  36.851330
-122.112633   165.928848  36.829952
-122.171158   166.010925  36.773762
-122.227760   166.115570  36.717541
-122.274261   166.223816  36.679401
-122.314438   166.327469  36.650581
-122.323456   166.417999  36.613098
-122.363533   166.511124  36.536133
-122.385986   166.585388  36.479420
-122.373085   166.636566  36.451977
-122.405800   166.668518  36.389027
-122.409126   166.690826  36.347569
-122.414284   166.704758  36.310322
-122.394562   166.714127  36.300060
-122.371719   166.728394  36.292137
-122.350151   166.743225  36.287029
-122.334656   166.753006  36.283276
-122.312645   166.751144  36.276726
-122.354988   166.738678  36.181110
-122.490372   166.685318  36.084557
-122.634216   166.611618  36.010845
-122.705750   166.576981  35.978050
-122.766815   166.533417  35.949543
-122.920837   166.402817  35.876781
-123.073364   166.271545  35.817142
-123.188644   166.168259  35.763847
-123.290009   166.081009  35.726898
-123.374580   166.018219  35.713284
-123.429443   165.970871  35.706657
-123.498253   165.910416  35.700935
-123.555702   165.861511  35.695328
-123.592743   165.825821  35.687553
-123.629517   165.799072  35.679642
-123.668259   165.768173  35.676128
-123.710907   165.736877  35.674252
-123.733551   165.725937  35.669247
-123.735107   165.736267  35.657906
-123.756638   165.748398  35.659859
-123.761284   165.764236  35.660389
-123.757729   165.775894  35.658867
-123.756287   165.785492  35.658173
-123.759979   165.791992  35.660461
-123.734009   165.816330  35.651840
-123.700340   165.838791  35.640102
-123.671616   165.863144  35.630917
-123.633652   165.891693  35.618290
-123.602417   165.919632  35.609280
-123.563461   165.952438  35.596943
-123.544319   165.966522  35.591877
-123.523041   165.983856  35.583878
-123.505501   166.002274  35.571198
-123.490089   166.027863  35.562279
-123.476196   166.043854  35.552143
-123.516235   166.040970  35.548779
-123.579651   166.023636  35.546692
-123.649673   166.007019  35.533405
-123.732414   165.946442  35.529602
-123.818695   165.926971  35.523361
-123.878281   165.905914  35.518280
-123.900208   165.888046  35.511074
-123.966339   165.865417  35.517620
-124.024376   165.836441  35.521362
-124.115799   165.790894  35.509350
-124.226303   165.697540  35.448990
-124.291138   165.669632  35.413078
-124.345116   165.635086  35.392365
-124.395409   165.607468  35.382084
-124.419228   165.582855  35.373734
-124.442940   165.551132  35.364315
-124.471176   165.518570  35.357895
-124.536011   165.447388  35.369980
-124.590981   165.393311  35.384102
-124.681686   165.327377  35.424137
-124.697952   165.315292  35.435898
-124.721230   165.296875  35.453716
-124.754295   165.282761  35.486515
-124.770523   165.276672  35.517128
-124.787094   165.271240  35.545059
-124.809494   165.253098  35.540359
-124.847031   165.230804  35.532043
-124.879379   165.211517  35.523029
-124.907242   165.199997  35.511368
-124.926468   165.190613  35.499115
-124.941208   165.187332  35.487640
-124.935593   165.181534  35.479465
-124.928268   165.177368  35.475163
-124.922165   165.177933  35.474823
-124.926994   165.167175  35.480659
-124.935738   165.154022  35.469517
-124.939232   165.142700  35.466095
-124.942352   165.121552  35.471039
-124.938042   165.102859  35.474682
-124.927856   165.093658  35.479877
-124.923302   165.078445  35.488449
-124.919716   165.047775  35.504021
-124.899185   165.046387  35.502884
-124.881271   165.029953  35.507370
-124.856880   165.027176  35.501938
-124.824295   165.043213  35.492748
-124.773102   165.077499  35.476357
-124.727119   165.107422  35.461330
-124.684822   165.135864  35.447502
-124.669556   165.144791  35.438847
-124.639282   165.169998  35.427330
-124.600655   165.207275  35.417671
-124.569611   165.240692  35.412251
-124.541344   165.285797  35.411659
-124.487900   165.337585  35.397675
-124.425545   165.403671  35.383728
-124.373001   165.456146  35.371155
-124.336990   165.503036  35.366791
-124.324112   165.529144  35.366756
-124.315758   165.548462  35.373173
-124.302498   165.571136  35.378136
-124.289612   165.588196  35.380367
-124.284492   165.604080  35.384644
-124.295418   165.611481  35.398445
-124.296677   165.623108  35.413063
-124.284729   165.624222  35.419022
-124.281281   165.618652  35.425034
-124.279411   165.613693  35.431549
-124.276375   165.602707  35.438061
-124.270477   165.574173  35.438843
-124.274719   165.522415  35.449356
-124.270439   165.465897  35.450779
-124.293007   165.351746  35.461514
-124.300690   165.158417  35.466846
-124.292793   164.755707  35.482143
-124.387138   164.368118  35.434170
-124.549614   163.845261  35.309948
-124.706612   163.132614  35.173481
-124.906288   162.089706  34.981194
-125.114494   160.320984  34.883484
-125.102760   158.340561  34.874073
-125.138786   156.252121  34.916512
-125.326012   154.218582  34.940102
-125.614044   152.228500  34.734638
-125.895142   150.149551  34.609821
-126.174278   147.931778  34.522324
-126.451279   144.761154  34.435303
-126.854202   141.840134  34.257645
-127.291847   138.562424  34.096329
-127.652206   135.464615  33.843220
-127.885391   132.262329  33.688213
-128.162613   128.659866  33.746376
-128.288818   125.141899  33.916256
-128.510986   122.129883  34.021133
-128.658478   118.824028  34.330940
-129.399918   114.373619  34.503048
-129.509201   110.704674  35.170330
-129.528397   108.443253  35.797489
-129.588837   106.439095  36.258781
-129.435837   102.843895  37.004017
-129.291779   100.248444  37.973186
-128.573395   98.190437  39.642052
-128.132309   96.712021  41.583946
-127.238457   94.826324  43.142891
-126.630058   93.312706  44.018299
-127.007881   93.073990  44.716110
-126.837463   92.300575  45.220188
-126.714569   91.771599  45.631229
-126.862793   91.950951  46.129356
-126.643967   91.629639  46.266060
-126.338142   91.636246  46.158710
-126.268578   92.127838  46.430809
-126.350357   92.267044  46.624958
-126.495232   92.852318  46.715229
-126.541252   93.729965  46.636143
-126.448059   94.835709  46.529518
-126.591698   96.923759  46.503345
-126.591553   98.812157  46.487583
-126.506615   100.356773  46.558338
-126.583153   101.958656  46.592453
-126.510841   102.878014  46.494633
-126.487007   104.338882  46.198143
-126.675240   108.482246  44.140373
-126.901390   112.213287  43.003712
-127.600784   116.161774  42.117294
-127.918213   118.727539  41.485489
-128.228851   120.754669  41.192802
-128.449997   122.578331  41.028782
-128.682587   124.425064  41.017815
-128.647675   126.407013  40.935783
-128.576157   129.026031  40.918110
-128.385742   131.531296  40.762074
-128.134186   134.191483  40.550327
-127.849571   136.200653  40.291164
-127.606537   138.131958  39.914078
-127.349838   140.402832  39.479305
-126.907188   142.347504  39.066315
-126.431839   144.144608  38.693363
-126.061623   146.319473  38.367653
-125.413933   148.482727  38.254501
-124.783524   150.506516  38.099903
-124.225456   152.527084  37.937809
-123.692276   154.342575  37.804771
-122.993866   155.892212  37.877407
-121.255173   159.241653  38.823360
-120.827026   160.315475  38.971188
-120.256454   161.625336  39.081196
-119.756454   162.673828  39.137642
-119.361328   163.465378  39.105358
-118.978615   164.282669  39.043377
-118.583214   164.969391  39.049557
-118.288048   165.566666  39.100166
-117.962845   166.229523  39.305653
-117.481880   166.743744  39.487862
-117.123573   167.095123  39.522194
-116.784378   167.323456  39.509491
-116.430763   167.550568  39.472668
-116.094154   167.642761  39.450874
-115.650841   167.609116  39.459789
-115.209991   167.597839  39.447109
-114.837234   167.420471  39.381813
-114.434433   167.116653  39.270439
-114.048058   166.568787  39.094971
-113.640800   165.915009  38.916077
-113.247513   164.993729  38.727478
-112.681618   163.308029  38.791275
-112.128891   161.545151  38.738243
-111.660042   159.779953  38.610481
-111.106163   157.566986  38.533779
-110.640961   155.671783  38.501110
-110.161926   153.698914  38.481125
-109.788742   151.849060  38.502426
-109.355225   149.860489  38.311668
-108.818863   148.026047  38.306854
-108.207939   145.972946  38.545387
-107.414116   144.007095  38.731079
-106.552216   142.367157  38.865322
-105.924141   141.029007  39.076717
-104.959747   139.571503  39.217918
-104.085052   138.277863  39.446716
-103.301094   136.776642  39.609837
-102.645912   135.447983  39.864109
-101.970871   133.736221  40.100246
-100.894600   131.401123  40.573002
-99.940353   129.431381  41.060150
-99.064178   127.622543  41.528549
-98.249672   126.002350  42.018543
-97.569870   124.185852  42.428898
-96.919716   122.616447  42.827518
-96.442268   121.341736  43.261330
-95.915939   120.159851  43.744503
-95.465225   119.476471  44.085968
-94.942902   118.850929  44.457817
-94.391869   118.226006  44.764015
-93.952858   117.738724  45.002510
-93.505554   117.280914  45.187798
-92.669891   117.195419  45.333088
-92.137245   117.081261  45.494926
-91.744827   116.908623  45.699890
-91.485306   116.805397  45.847687
-91.290024   116.814201  46.001820
-91.117661   116.846214  46.132591
-91.070686   116.880142  46.229248
-91.086647   116.914772  46.310020
-91.124405   116.951897  46.382286
-91.106148   117.338959  46.556007
-91.102768   117.709450  46.705593
-91.175705   118.025345  46.819340
-91.349045   118.683838  46.996239
-91.627579   119.996925  47.373890
-92.192131   121.198746  47.825970
-92.893364   122.285072  48.309490
-93.862312   123.291580  48.812885
-94.999664   124.343864  49.445686
-96.300751   125.639519  50.220058
-97.885399   126.884491  51.218807
-99.530487   128.011612  52.432835
-101.451614   129.275909  53.701653
-103.323517   130.470825  55.045818
-104.978462   131.331985  56.195965
-106.295067   131.748962  57.139187
-107.938301   132.250107  58.220871
-109.430023   132.606445  59.229343
-111.116470   132.900162  60.199066
-112.737076   133.384933  61.306137
-114.322922   133.688339  62.179485
-115.708977   133.839432  62.997246
-117.054138   134.099930  63.708843
-118.322639   134.379608  64.358849
-119.543243   134.570557  64.999039
-120.726799   134.742615  65.664642
-121.783852   134.990784  66.231712
-122.560028   135.020996  66.728905
-123.173203   135.070007  67.123917
-123.714333   135.157059  67.853767
-124.268547   135.298569  68.661789
-124.776299   135.404205  69.296379
-125.153664   135.455948  69.718903
-125.613869   136.516495  69.380661
-126.062454   136.797058  69.457985
-126.255592   136.726181  69.427025
-126.437134   136.682251  69.204689
-126.540398   136.866440  68.787766
-126.507980   136.662689  68.615128
-126.395790   136.635742  68.601250
-126.312302   136.523071  68.484482
-126.018074   136.444702  68.154533
-125.596054   136.409424  67.787369
-125.006180   136.306854  67.300476
-124.538872   136.219070  66.934296
-123.960312   136.096741  66.495735
-122.804970   135.968048  65.717598
-121.400703   135.983902  64.783867
-119.827278   135.972351  63.945992
-118.384254   135.993698  63.145237
-116.939011   136.103851  62.476799
-115.302254   136.137756  61.739605
-113.734390   136.183044  61.059059
-111.619545   136.348526  60.412476
-110.026779   136.351730  60.004799
-108.726128   136.320023  59.635750
-107.599358   136.414169  59.324356
-106.712120   136.344971  59.156796
-106.047523   136.300980  59.025539
-105.561310   136.228210  58.935932
-105.137909   136.017776  58.828724
-104.852440   135.854294  58.774406
-104.624275   135.697235  58.755264
-104.476189   135.534576  58.750000
-104.522377   135.121048  58.867645
-104.548744   134.989792  58.892174
-104.602745   134.734482  58.909431
-104.664711   134.550812  58.932487
-104.754501   134.445404  58.948071
-104.838867   134.353867  58.983810
-104.914505   134.289230  59.009956
-104.972839   134.263062  59.037746
-105.043083   134.160583  59.166538
-105.110687   134.085953  59.283596
-105.177513   134.082016  59.393021
-105.222595   134.154510  59.489777
-105.250893   134.266357  59.587494
-105.303604   134.455978  59.709332
-105.341827   134.712845  59.858696
-105.351700   135.025879  59.987865
-105.269691   135.540161  60.221977
-105.035164   136.281082  60.625690
-104.780716   137.067261  60.963749
-104.450432   138.112305  61.393349
-104.032471   139.016785  61.695820
-103.585670   140.023972  61.908756
-103.148453   140.948837  62.055466
-102.602196   142.041473  62.245770
-102.028152   143.218353  62.490063
-101.518532   144.509720  62.751427
-100.939529   145.498062  62.921810
-100.443558   146.461960  63.062595
-99.985260   147.209656  63.153893
-99.514183   147.815811  63.230186
-99.060448   148.353058  63.289223
-98.323708   149.036499  63.457855
-97.707481   149.569000  63.579037
-96.997337   149.898758  63.729073
-96.488762   150.147186  63.855049
-95.935188   150.317047  63.990795
-95.274948   150.503464  64.129837
-94.640800   150.608521  64.178055
-93.968346   150.555054  64.114784
-93.317436   150.464905  64.102730
-92.611626   150.332001  64.023773
-91.963722   150.256836  63.915337
-91.265823   150.135651  63.751156
-90.458015   149.642166  63.534374
-89.629555   149.190872  63.256466
-88.936577   148.778885  63.028351
-88.407486   148.361404  62.790127
-87.770866   147.901260  62.552971
-86.977036   147.223434  62.176285
-86.090973   146.186707  61.637974
-85.430328   145.195419  61.252625
-84.996422   144.060562  60.930073
-84.600693   142.979050  60.731770
-84.190750   141.803131  60.496376
-83.660728   140.358932  60.382370
-83.274895   138.712433  60.024010
-82.425041   135.400925  59.542450
-82.074303   134.145798  59.388016
-81.872932   132.979080  59.305923
-81.517990   131.385269  59.142838
-81.113243   129.978668  58.997158
-80.707001   128.994827  58.907185
-80.282333   128.034424  58.806149
-79.937820   127.177711  58.770729
-79.731934   126.607567  58.791595
-79.533142   126.114853  58.858463
-79.240730   125.647781  58.916214
-79.029816   125.249199  58.974457
-78.923790   124.820564  58.998367
-78.832603   124.461220  58.980484
-78.766579   124.180061  58.976597
-78.718056   123.941406  59.010056
-78.682152   123.773232  59.035160
-78.645340   123.663338  59.075497
-78.605301   123.640160  59.086403
-78.534409   123.703789  59.084641
-78.497467   123.767426  59.094482
-78.479156   123.853592  59.096134
-78.452316   124.097603  59.089622
-78.452888   124.778061  59.137550
-78.485184   125.913116  59.274601
-78.670097   127.488571  59.296772
-78.735252   129.068665  59.153866
-78.742233   130.487671  59.032677
-78.758987   131.957443  58.954624
-78.777840   133.724564  59.045868
-78.824715   135.569763  59.232895
-78.789276   137.114487  59.442593
-78.695595   138.460861  59.602509
-78.550270   139.917542  59.768333
-78.364166   141.522324  59.917000
-78.075424   142.910400  59.986256
-77.797783   144.296951  60.011124
-77.383873   145.821991  60.087246
-76.864616   147.066757  60.079590
-76.349350   148.090210  60.034477
-75.831337   148.900620  59.997414
-75.360489   149.481857  59.971348
-74.871696   150.024475  59.950081
-74.412865   150.440063  59.966164
-73.986511   150.705383  59.984303
-73.571602   150.912598  59.982357
-73.237724   151.002609  59.988621
-72.918915   150.977509  59.990685
-72.550323   150.889664  60.005680
-72.214417   150.660568  60.018082
-71.863960   150.350983  59.962318
-71.540344   149.944199  59.915665
-71.117638   149.266266  59.927402
-70.556114   148.303177  59.918098
-70.227356   147.471878  59.838139
-69.934334   146.511780  59.791550
-69.582710   145.489166  59.725677
-69.241310   144.232178  59.635281
-68.950523   143.080826  59.605335
-68.691238   141.913162  59.622406
-68.513603   140.604233  59.648071
-68.339027   139.298904  59.584831
-68.153023   138.005035  59.548397
-67.880440   136.391663  59.510601
-67.702339   134.901947  59.471184
-67.520630   133.472595  59.401352
-67.318436   132.187500  59.332497
-67.192032   130.973083  59.247612
-66.997543   128.458145  59.165237
-66.940582   127.841324  59.062702
-66.905884   127.159554  58.899651
-66.833031   126.664223  58.769382
-66.773224   126.288391  58.673054
-66.714096   125.922356  58.601776
-66.690865   125.675056  58.550140
-66.668724   125.540176  58.508175
-66.672668   125.514481  58.451618
-66.697807   125.566132  58.402664
-66.708694   125.661888  58.339554
-66.696762   125.901001  58.250294
-66.679955   126.224060  58.136768
-66.648560   126.635399  58.011555
-66.618713   127.323502  57.837269
-66.550034   128.280579  57.625523
-66.490791   129.417770  57.428570
-66.412651   130.729919  57.257534
-66.295067   132.050140  57.114277
-66.151970   133.619354  56.986477
-65.923111   134.973846  56.838951
-65.717735   136.176239  56.678383
-65.530914   137.127487  56.546577
-65.331528   137.918915  56.444973
-65.039230   138.780777  56.309414
-64.675735   139.587646  56.159645
-64.283737   140.371078  56.030865
-63.920822   141.011993  55.899143
-63.162418   142.084961  56.061893
-62.558052   142.705124  55.954521
-62.198563   143.012833  55.876934
-61.832508   143.266678  55.792305
-61.520699   143.406067  55.732967
-61.035397   143.594193  55.644012
-60.591446   143.767548  55.536846
-60.077282   143.925095  55.228497
-59.643425   144.068161  55.007179
-59.175007   144.111298  54.818729
-58.685688   144.113007  54.638191
-58.189060   144.005203  54.455254
-57.754848   143.779541  54.246254
-57.129463   143.523422  54.248096
-56.606682   143.253693  54.270821
-56.115734   142.694061  54.144943
-55.606976   142.124496  53.997997
-55.022923   141.327148  53.831589
-54.606476   140.527802  53.715450
-54.172482   139.420242  53.622959
-53.760506   137.928772  53.389240
-53.415260   136.417023  53.214207
-53.105545   135.255707  53.179153
-52.889790   134.242889  53.158413
-52.523388   132.972778  53.283489
-52.221783   131.982529  53.368977
-51.880760   131.104568  53.513065
-51.564735   130.417572  53.646542
-51.185295   129.783188  53.818321
-50.918732   129.367905  53.921467
-50.635891   129.122498  53.961559
-50.419701   128.888412  54.010891
-50.211456   128.678802  54.059872
-50.046474   128.523300  54.091946
-49.899212   128.392624  54.117794
-49.783062   128.261993  54.143940
-49.695869   128.121033  54.171459
-49.636894   128.013931  54.193668
-49.624699   127.900360  54.229355
-49.603333   127.794556  54.257458
-49.587036   127.709938  54.280079
-49.607265   127.629631  54.310886
-49.646385   127.562988  54.334610
-49.672089   127.552238  54.351028
-49.688484   127.564003  54.362076
-49.717731   127.602425  54.415543
-49.751610   127.653786  54.505058
-49.756248   127.768822  54.602951
-49.713230   127.990944  54.776108
-49.566109   128.282181  55.054569
-49.384697   128.638916  55.382530
-49.126289   128.969681  55.663731
-48.814655   129.219833  55.859360
-48.083153   129.669739  56.457596
-47.287132   130.162140  57.056973
-46.505157   130.547867  57.534645
-45.684952   130.886917  57.953236
-44.796391   131.283890  58.319233
-43.901089   131.558777  58.511181
-42.840881   131.642822  58.576344
-41.671490   131.557938  58.729355
-40.545006   131.441605  58.836624
-39.426270   131.254227  58.821106
-38.317448   131.093582  58.938519
-37.296841   130.823257  58.979008
-36.104755   130.633621  58.961830
-34.916893   130.509384  59.000137
-34.084793   130.401962  59.037052
-32.924652   130.375534  58.936821
-31.741991   130.511383  58.903038
-29.841078   131.172623  58.817486
-28.101826   131.530304  58.353226
-26.371674   132.810318  58.496799
-25.137449   133.847244  58.381447
-23.642132   134.119858  57.235748
-22.708109   134.540451  57.023396
-21.498386   135.177017  56.039532
-20.798204   135.669205  55.637241
-20.124571   136.319763  55.238995
-19.613194   136.897827  54.950989
-19.205187   137.531433  54.736511
-18.848602   138.089554  54.563164
-18.519325   138.784058  54.370644
-18.228708   139.436691  54.234573
-17.912392   140.203278  54.094707
-17.619158   140.974396  53.951626
-17.381449   141.874344  53.828823
-17.198095   142.765472  53.706211
-17.122168   143.776596  53.575924
-17.496941   144.931808  53.211380
-17.901163   145.940262  52.908031
-18.414982   146.723145  52.758137
-19.021652   147.511963  52.630531
-19.826309   148.234390  52.525219
-20.916592   148.880127  52.332924
-22.010031   149.456482  52.232372
-22.922253   150.084839  51.941387
-25.904486   150.873291  52.443710
-26.811934   151.019836  52.625580
-28.009216   151.118271  52.850235
-29.303608   151.218994  53.267010
-30.698063   151.137070  53.880058
-31.810112   151.017929  54.395123
-33.011276   150.892456  54.847328
-33.962929   150.393402  55.158440
-35.267071   149.531616  55.689426
-35.503071   149.576569  56.590004
-36.273289   149.030289  57.314518
-37.462780   146.846115  57.573879
-37.824982   145.848160  57.663971
-38.431396   144.093246  57.751549
-39.112709   141.218201  57.679947
-39.355698   140.232117  57.698299
-39.578888   139.035370  57.720947
-39.723835   137.248108  57.805386
-39.478325   135.439774  57.469543
-38.332817   131.863800  56.829365
-37.741680   130.410141  56.670910
-36.469807   127.779648  56.309536
-35.915405   126.525925  55.960953
-34.968052   125.145561  55.717598
-33.050766   123.190430  55.152409
-32.303543   122.723648  55.062675
-31.221920   121.988136  54.955971
-29.535757   121.890572  54.816509
-28.835302   121.944321  54.830139
-27.363775   122.443436  54.813412
-26.597725   122.872337  54.873577
-25.722704   123.552017  54.927284
-24.935362   124.293541  54.885433
-24.276926   125.098206  54.846802
-23.249249   126.569901  54.901073
-22.722275   127.345055  54.951488
-22.130487   128.364319  54.916698
-21.624666   129.412582  54.896770
-21.046642   131.314743  54.642048
-20.705622   132.404831  54.581329
-20.264490   133.924957  54.514133
-19.785875   136.011780  54.420601
-19.701956   137.128494  54.449917
-19.684971   139.113892  54.454868
-19.744545   139.960968  54.459461
-20.044891   141.734802  54.453346
-20.200714   142.438065  54.390942
-20.326496   143.181503  54.270218
-20.485785   143.716263  54.174828
-21.172565   144.034943  53.960957
-21.453590   143.959396  53.801418
-21.766888   143.855957  53.607098
-22.003380   143.448761  53.429005
-22.398907   142.154251  53.048439
-22.538336   141.585968  52.969540
-22.743807   140.240097  52.885624
-22.826027   139.433456  52.859367
-22.757240   137.998291  52.986118
-22.497433   136.378326  53.181816
-21.920977   134.475143  53.473602
-20.667917   132.467651  53.908298
-19.035789   131.117294  53.906029
-18.115501   130.371567  53.597401
-15.961237   129.442612  53.094856
-14.289812   129.194427  52.807831
-13.169679   129.402283  52.627193
-12.774219   129.595215  52.534534
-12.335656   130.388550  52.384575
-12.214459   130.727676  52.341667
-12.125637   131.154022  52.264854
-12.113737   132.051620  52.146973
-12.148031   132.505386  52.108612
-12.295982   133.566620  51.879292
-12.397278   134.393723  51.717312
-12.536935   135.294952  51.578640
-12.616446   135.978470  51.474693
-12.933019   137.332138  51.362251
-13.091646   137.905106  51.336594
-13.353871   139.108063  51.352238
-13.529049   139.804306  51.395988
-13.658710   140.810074  51.427086
-13.691390   141.228226  51.435913
-13.590948   141.759598  51.383743
-13.421569   142.278290  51.327705
-12.935956   143.139908  51.164333
-12.633144   143.553375  51.052044
-12.015352   144.218765  50.848415
-10.221645   145.097488  50.310379
-9.454079   145.431183  50.086391
-8.209792   145.801575  49.712082
-7.052907   146.059280  49.429848
-5.565780   146.024124  49.069122
-3.639764   145.571808  48.660244
1.597373   142.794388  47.741333
2.591671   142.315720  47.604172
4.988331   140.344330  47.148613
6.154694   139.524094  46.954536
8.504306   137.475143  46.606621
9.460197   136.392410  46.428471
11.272702   134.384079  46.229630
11.930236   133.570068  46.148281
12.548797   132.464554  46.168690
13.368987   130.595261  46.323704
13.755865   129.200119  46.631359
13.903961   126.396919  46.710346
13.858053   125.500710  46.782761
13.363117   122.844711  47.156906
12.984189   121.500992  47.428387
11.966294   118.432648  47.918900
11.272693   116.749626  48.208839
10.235081   114.793510  48.580193
8.181902   112.723068  49.073467
7.183546   112.062927  49.236462
4.699709   111.100342  49.837551
3.459126   110.972069  50.105110
1.392193   111.028458  50.790718
0.546935   111.312607  51.143318
-1.069015   113.347862  52.197025
-1.621649   114.511353  52.627430
-2.087757   115.845444  53.013977
-2.342380   118.025101  53.269260
-2.361382   119.030548  53.310490
-2.016718   121.245461  53.190205
-1.688105   122.597923  52.963932
-1.069536   124.378357  52.472507
0.406889   127.533447  51.551285
1.314988   129.130859  51.080875
6.464676   134.429977  49.453609
8.112795   135.751801  49.007118
13.221482   139.338272  47.561264
15.674249   140.544037  46.380745
18.129072   141.521286  45.092972
20.368120   142.304489  43.828468
25.377783   143.840149  40.270245
25.671677   143.942932  40.132980
31.409126   146.960220  38.154942
32.945282   147.761917  37.646404
35.554935   148.913712  37.152767
36.741005   149.526642  36.864323
38.439938   150.216507  36.599968
39.804321   150.772324  36.323292
40.549858   151.017868  36.051514
41.638840   151.344635  35.603676
43.028908   151.277145  34.701981
43.682640   150.941422  34.158253
44.113117   150.627930  33.696247
44.663467   149.682861  32.765709
44.841072   149.336212  32.305008
44.951191   148.921768  31.728558
45.033939   148.442963  31.175690
45.017784   148.248383  30.936934
44.757378   146.994049  30.233837
44.671936   146.480026  29.959417
44.542892   145.840363  29.605940
44.428257   145.225800  29.196177
44.302330   144.591110  28.781395
44.147377   143.810501  28.385618
43.950691   143.077087  28.019411
43.530563   142.291794  27.566227
43.392944   142.126846  27.442034
43.063168   141.859344  27.161316
42.831493   141.726929  26.982672
42.693321   141.683334  26.838505
42.389294   141.647507  26.589991
42.130760   141.569412  26.395168
41.963451   141.526428  26.260956
41.546288   141.414246  25.957485
41.349251   141.350082  25.805119
41.052551   141.299973  25.585270
40.854752   141.240814  25.443216
40.718216   141.216980  25.347973
40.425240   141.169083  25.137295
