-22.906389   224.450531  1.937557
-22.977001   224.431824  1.980446
-23.049341   224.362000  2.016214
-23.126297   224.269989  2.049264
-23.225147   224.165268  2.092185
-23.322535   224.045761  2.126063
-23.412680   223.935272  2.157213
-23.513744   223.750900  2.183353
-23.630896   223.446655  2.203644
-23.786795   222.995377  2.222016
-23.981754   222.450287  2.249902
-24.143738   221.998993  2.273417
-24.295063   221.542542  2.294912
-24.415918   221.164291  2.313238
-24.499704   220.762894  2.328444
-24.563019   220.347610  2.349753
-24.610401   220.011612  2.363919
-24.650225   219.743103  2.374388
-24.677090   219.485718  2.374634
-24.687115   219.253845  2.360422
-24.694410   219.062302  2.348199
-24.698418   218.907471  2.337314
-24.701479   218.797821  2.325678
-24.704887   218.710892  2.316665
-24.712461   218.656891  2.291572
-24.717710   218.619476  2.270190
-24.730715   218.577515  2.219081
-24.707310   218.565475  2.159705
-24.652393   218.583252  2.064359
-24.583626   218.650177  1.977110
-24.473703   218.748306  1.900744
-24.326979   218.902435  1.797883
-24.149157   219.126175  1.697918
-23.995451   219.319962  1.615402
-23.833269   219.565811  1.510960
-23.647718   219.801102  1.418832
-23.503361   219.983368  1.347828
-23.388075   220.139648  1.311603
-23.361284   220.180252  1.310123
-23.353258   219.980240  1.316079
-23.465223   219.136505  1.306490
-24.030037   216.559387  1.030077
-24.653194   211.912689  0.634430
-25.894138   205.739319  -0.043120
-27.074474   198.213058  -0.431632
-28.291216   189.140076  -0.664027
-29.211838   181.126129  0.044764
-30.089487   173.732285  1.415161
-31.517012   166.246964  2.452166
-32.754654   158.967697  4.050870
-34.044258   150.561813  6.329621
-35.480488   143.402603  9.114606
-37.240074   136.697830  12.469508
-38.724110   130.321106  16.204140
-40.960018   124.294716  19.337698
-42.718010   118.087097  22.663311
-43.948627   112.442345  28.387178
-48.701298   109.512718  33.080940
-51.823570   104.481461  37.496788
-54.157383   99.686455  41.596943
-57.644539   94.951637  45.612263
-60.278603   93.430023  51.471252
-62.367172   92.585571  56.787399
-64.090088   91.255714  58.849648
-65.235245   90.682014  60.436512
-68.606842   92.762352  63.620804
-69.914360   92.373955  65.440010
-71.006302   93.201050  66.560112
-73.056885   96.940872  67.342987
-74.934235   102.250061  69.626495
-76.536423   110.276482  71.218239
-77.254547   123.289139  74.372711
-76.842247   129.288834  73.401787
-76.608978   133.276917  72.382591
-76.366135   138.657272  71.104607
-77.394768   141.866928  69.616585
-77.356743   145.532104  68.320686
-76.811447   148.403809  67.084686
-74.450600   151.712067  66.253372
-72.450325   153.415939  64.554626
-71.229675   154.352295  63.259468
-70.422523   154.601608  62.139359
-65.170578   151.644882  60.594875
-62.500645   151.162231  59.566799
-60.823654   149.957733  59.458214
-58.212368   148.108444  58.984520
-55.524643   145.717041  58.279346
-51.952480   140.780548  57.318893
-48.722519   136.529510  56.048294
-45.997650   132.639557  56.994755
-42.352909   129.557404  57.404484
-38.217144   126.821075  57.908913
-33.826218   123.900673  57.470478
-27.463688   123.374123  57.083290
-21.336889   122.462234  55.700153
-16.160305   122.402313  54.215824
-10.268139   122.557320  52.052559
-4.061805   122.427391  49.492405
1.827701   121.988556  48.225643
7.328037   123.389267  45.627117
12.041367   125.506874  41.756596
18.265886   126.824699  40.261066
23.911201   128.538620  39.140308
27.780413   130.338318  37.808540
31.190565   133.061966  36.580898
34.024719   136.694687  35.529270
36.547119   140.253647  34.362698
38.178383   144.455246  33.631222
39.373211   149.158386  32.545033
39.814327   152.705338  32.279644
39.442749   160.225769  30.561216
39.230705   162.102081  30.165678
38.511509   165.282349  30.191147
37.361759   169.118561  30.460041
36.275120   171.451294  30.742321
34.666183   174.105225  31.656250
32.921249   175.910507  32.710453
30.507151   177.778442  34.425289
28.585945   178.735458  36.033699
25.473866   178.617172  38.713955
23.355957   178.124557  40.319065
21.101509   177.076752  41.932297
18.799479   175.758743  43.700634
16.939949   174.131042  45.243816
14.808334   171.976669  47.693501
13.674000   169.648422  48.852238
12.640340   166.786530  50.070362
11.737073   162.787827  51.453087
11.321472   157.696136  52.897892
11.264910   153.853989  54.143932
12.180711   148.474319  56.081749
13.333007   144.059586  57.464523
14.288534   141.471832  58.071777
15.326050   139.057846  58.563683
16.068672   137.472137  59.283546
17.141685   135.958252  59.713097
19.595007   132.334503  60.651970
20.951479   131.175034  60.694637
23.639814   131.110779  59.459595
25.098656   130.707764  58.710522
28.002476   132.632217  55.888027
29.245255   131.336807  55.083710
32.200581   135.227951  50.155090
33.601444   138.235001  47.909458
36.338089   143.454544  46.217663
37.831253   146.657776  45.180534
39.521072   149.671280  44.008121
40.356075   151.818817  43.352779
40.874413   152.524994  42.714531
41.010674   152.597733  42.625919
41.369858   155.073380  42.210632
41.730598   157.732178  41.646561
41.890030   158.621170  41.456661
41.877438   159.452576  41.274418
41.841175   160.039383  41.386059
41.759094   160.087189  41.475456
41.710712   159.773804  41.981464
41.589241   158.171631  43.881195
41.571320   157.439774  44.597908
41.855213   154.705688  46.340923
42.179718   151.854828  47.975300
42.651649   149.346725  48.967117
43.032520   148.384720  48.862980
43.776718   145.843597  49.226620
44.584106   141.985214  50.445576
45.303284   140.468704  50.524918
45.969097   139.930389  50.186310
47.592979   139.247513  49.423153
48.664993   138.393906  49.232075
50.562191   139.212097  47.843388
52.343616   140.094574  46.632607
54.800243   142.944931  44.038395
58.040127   147.554657  40.291473
59.443089   149.666946  38.784168
61.762749   153.519745  36.502113
63.596729   157.250336  34.477299
64.969284   161.190933  32.729675
66.336723   165.510178  31.054224
67.433304   169.470978  29.996572
68.168228   172.315308  29.292912
68.903038   174.876663  28.729677
69.599236   177.214523  28.510754
70.123131   179.340988  28.334085
70.560555   181.150452  28.193434
71.025146   182.890045  28.112890
71.455193   184.427475  28.046124
71.804382   185.652100  27.965401
72.154343   186.677521  27.917137
72.487358   187.399643  27.915180
72.722107   187.803467  27.939146
73.335167   189.955048  28.561884
73.300743   189.363724  28.754694
73.070587   187.292786  28.683514
73.084435   185.506332  28.608673
73.095901   183.268570  28.904528
73.100540   180.543808  29.315941
73.190338   177.198578  29.701492
73.380920   172.913574  30.148592
73.301872   167.447952  30.553217
73.119522   162.437073  32.150227
73.784569   156.387939  34.581631
74.048286   149.797028  36.798412
73.974564   146.231888  36.952564
74.537369   141.569916  37.712299
75.378845   135.783539  39.379910
76.047508   130.138062  41.616947
77.171661   123.931076  43.859108
77.373260   116.350510  45.520180
76.345634   108.768799  46.969040
76.633575   103.169449  48.837387
76.023819   97.536606  50.613415
74.201630   91.168922  52.533726
74.332817   85.354027  53.816257
75.086037   82.514290  53.612717
77.516075   85.392532  52.787567
80.167671   89.941582  53.759357
81.316307   91.830841  54.575264
81.557228   92.676651  56.000446
81.981941   91.684929  57.659485
82.346840   90.325027  59.837360
82.637009   88.914406  61.420418
82.425003   89.782097  61.015373
82.801712   88.265518  62.260353
82.776283   88.941597  62.327038
82.466492   85.448792  63.323406
82.470482   83.210922  64.655930
81.160484   81.657570  67.041748
79.364738   87.512253  65.532928
78.016830   91.399460  64.473045
75.809769   90.392677  64.367874
70.944176   90.315758  63.442650
67.112930   90.673996  62.645405
65.906792   91.331627  62.238068
63.721344   94.473312  61.202511
61.710499   98.773705  59.681229
65.074074   111.722534  55.024899
66.516953   115.734688  54.040565
68.337204   119.102707  52.899719
69.686462   121.641823  51.969791
72.049408   126.091682  50.803406
74.357330   131.059250  49.142330
76.907593   135.818909  47.344215
78.986542   140.917786  46.320972
80.679169   145.527145  44.672195
82.158279   149.490234  42.211021
83.323395   153.172180  41.061764
84.569672   156.435211  40.683548
85.512680   159.623062  40.464306
86.764297   163.045334  40.364178
87.870598   166.414993  40.276264
89.129852   169.574921  40.360016
90.218147   172.342117  40.363335
91.746567   175.414444  40.210278
92.600639   178.006821  39.628529
94.309250   180.062164  38.915546
95.714508   182.358917  38.603531
96.511070   183.830627  38.372780
97.084984   184.989014  38.267525
97.646111   186.012207  38.351158
98.229469   187.150681  38.354050
98.954117   188.449951  38.418903
99.503197   189.315598  38.460609
100.076561   189.804382  38.527275
100.532967   190.201096  38.618675
101.011604   190.408615  38.957504
101.270142   190.609879  39.110691
101.340736   190.625183  39.154549
101.467453   190.489868  39.176338
101.475395   190.429092  39.230171
101.287346   190.403961  39.399742
100.909744   190.066208  39.609310
100.563995   189.226318  39.609467
100.090210   187.988556  39.578804
99.348541   185.675034  40.364094
99.540802   183.009232  41.603001
99.451073   180.957413  41.535980
99.248756   177.259766  41.318733
99.837379   173.999619  41.150894
99.630959   168.943878  41.138641
100.925011   163.213120  42.904762
101.540031   156.879227  43.433884
103.350754   151.817444  44.982716
104.968605   148.706543  45.541153
105.970932   145.718948  45.821785
107.565407   143.345856  46.154640
109.254417   142.039948  46.467487
111.248131   141.505539  46.618454
112.846565   141.688126  46.358707
114.084755   142.123703  45.831066
115.815430   143.296875  45.065670
118.913925   145.921509  43.655548
121.941025   149.289124  42.181606
124.196243   152.569931  40.740108
125.624763   155.783432  39.573273
126.491043   158.342865  38.727612
127.772133   161.676346  37.711941
129.299316   165.385605  36.823952
130.662033   168.916428  36.251335
131.898193   172.034027  35.901962
133.359818   175.128357  35.820763
134.718002   178.007813  35.863361
136.099457   180.715714  35.977589
137.243469   182.993729  36.107563
138.047852   184.725372  36.200138
138.747131   186.296707  36.292107
139.418594   187.758560  36.461361
140.270477   189.279861  36.589539
140.814499   190.379745  36.659752
141.400665   191.043839  36.603733
141.920761   191.185165  36.374294
142.259598   190.239548  36.090580
142.868149   188.434021  35.669327
143.421371   182.957779  33.521751
143.136520   178.699585  33.564106
142.761337   175.195389  33.855011
142.535217   170.969177  34.889816
142.894516   167.909134  35.830185
143.328781   165.048355  36.302029
144.169846   163.060547  37.023548
144.951157   161.422028  37.501347
145.852158   160.392807  37.784397
147.249298   160.002426  38.183796
148.720551   159.856155  38.436550
149.788651   160.003357  38.447563
151.025742   160.577591  38.457043
152.321060   161.210144  38.619404
153.307495   161.677490  38.748672
154.440033   162.304520  38.864101
155.459152   162.765671  38.672401
156.234146   163.178955  38.593422
156.832458   163.588867  38.656273
157.354446   164.037598  38.688023
157.798096   164.445587  38.738525
158.130157   164.814072  38.753361
158.720169   165.175629  38.880402
159.039917   165.578522  38.843143
159.293549   165.947098  38.790977
159.466446   166.262146  38.760525
159.617798   166.469925  38.725231
159.849335   166.703064  38.757793
160.080368   166.896423  38.696133
160.317566   166.935211  38.596901
160.423050   166.923386  38.449135
160.443527   166.865372  38.285160
160.447174   166.782684  38.124340
160.431000   166.676819  37.984322
160.455948   166.620728  37.883572
160.379120   166.525253  37.851440
160.293945   166.473999  37.799961
160.245560   166.396103  37.749340
160.147308   166.308578  37.709675
160.028137   166.160172  37.655476
159.932281   166.038055  37.613903
159.817108   165.902069  37.619392
159.631729   165.810867  37.610638
159.451859   165.806793  37.596710
159.275620   165.800888  37.581638
