-97.325974  213.269836  106.473595
-97.346245  213.226608  106.614494
-97.365028  213.201324  106.681198
-97.390244  213.175552  106.748619
-97.421509  213.142670  106.794815
-97.415154  213.077606  106.918602
-97.398682  213.035141  107.095703
-97.415497  213.022339  107.187973
-97.605743  213.126419  107.229866
-97.795876  213.162430  107.251953
-97.974403  213.149551  107.268066
-98.102539  213.150040  107.295181
-98.194717  213.113602  107.310646
-98.245911  213.105408  107.350243
-98.268448  213.082428  107.393547
-98.288208  213.056351  107.418564
-98.316956  213.006378  107.442909
-98.340485  212.953812  107.449745
-98.393654  212.890762  107.416183
-98.511787  212.818314  107.365593
-99.181503  212.664291  106.790482
-99.547226  212.329208  106.357254
-99.680946  212.262527  106.176338
-99.753708  212.232941  106.028564
-99.815071  212.204010  105.957314
-99.753372  212.001114  105.927719
-99.686600  211.814301  105.990730
-99.710281  211.794678  105.981956
-99.734444  211.742310  105.945335
-99.767784  211.654114  105.821831
-99.786163  211.568069  105.656868
-99.776405  211.417557  105.589287
-99.762711  211.247192  105.548767
-99.792244  211.133789  105.513092
-100.018066  210.826370  105.342232
-100.269051  210.582550  105.184662
-100.648575  210.328766  104.946144
-100.947243  210.049606  104.752464
-101.113075  209.906311  104.680710
-101.158356  209.884567  104.709457
-101.195740  209.891022  104.737648
-101.265198  209.910538  104.784698
-101.528717  210.012909  104.924751
-101.536346  209.988235  104.995773
-101.433846  209.892014  105.331787
-101.340050  209.803421  105.712776
-101.136337  209.993347  106.111084
-101.108849  209.882446  106.328781
-101.141251  209.808456  106.336639
-101.192085  209.728165  106.380661
-101.216072  209.590286  106.434265
-101.160545  209.195465  106.303177
-101.492264  209.342300  106.339272
-101.582230  209.391098  106.374840
-101.664742  209.391922  106.420029
-101.792839  209.459839  106.465706
-101.845024  209.512177  106.536537
-101.868988  209.519653  106.572929
-101.916153  209.513336  106.627525
-101.943039  209.433670  106.783875
-102.310287  209.467239  106.794060
-102.345337  209.334595  106.906967
-102.556984  209.161682  106.851006
-102.611382  208.957657  106.784729
-102.697662  208.756271  106.754898
-102.788597  208.588745  106.775055
-102.789902  208.025238  106.544434
-102.783936  207.785736  106.777435
-103.038857  207.570374  106.831810
-103.305290  207.020340  106.916885
-103.445442  206.673294  106.955574
-103.562950  206.542847  107.177979
-103.781731  206.393631  107.134018
-104.124519  205.551102  106.578903
-104.318535  205.376831  106.538071
-104.807640  205.169876  106.459297
-104.969597  204.798996  106.641022
-105.141487  204.598999  106.857292
-105.225624  204.385513  107.000389
-105.243568  204.200363  106.987556
-105.266975  203.956223  106.990685
-104.955826  203.672897  107.178444
-104.783157  203.314819  106.833183
-104.180595  203.254196  106.543571
-102.587112  203.524612  106.460213
-101.592102  204.513550  106.344177
-100.315277  205.627731  106.116409
-98.767960  207.170059  105.742691
-97.512413  209.774368  104.770454
-96.498550  212.824265  103.414619
-95.290886  215.506104  102.062950
-94.331429  219.073853  100.382126
-93.208046  222.191330  99.011055
-91.154770  226.780304  98.556732
-89.331306  231.386566  97.407440
-87.518181  236.094101  96.939201
-85.461082  241.218506  96.274887
-83.856567  245.752304  96.175758
-82.167702  251.152466  96.034492
-80.844856  256.098724  97.011215
-79.904518  260.574799  97.974617
-78.596298  265.488861  99.782387
-78.235291  269.938080  101.179733
-78.022446  272.674683  102.213783
-78.334961  276.401520  103.171059
-78.701881  280.141602  105.592667
-79.305824  281.988281  106.933563
-79.900574  283.535980  108.457253
-81.252449  285.600983  110.085663
-82.325500  286.443939  111.707245
-83.492805  286.528625  112.667145
-84.314117  287.281281  115.332596
-85.206665  286.286377  116.564781
-86.001526  285.754578  117.568474
-87.075722  284.892090  118.178802
-88.044441  282.947021  119.830254
-88.956718  281.330627  119.920258
-89.307655  279.565765  120.580444
-89.731766  276.887756  119.593018
-90.067749  275.392365  119.319595
-90.324860  273.150574  118.614304
-90.067078  269.678589  117.946907
-89.533966  265.756409  116.935257
-89.071686  262.939941  116.032974
-88.853760  260.893768  115.294998
-88.388000  258.426117  114.048660
-87.967491  255.213638  112.239006
-87.397064  252.744080  110.588028
-85.446510  247.218735  106.866867
-84.746941  245.253372  105.111763
-83.791397  241.341553  102.201622
-83.144623  238.493271  100.166748
-82.247238  236.732361  99.520180
-80.721970  235.715515  99.731651
-79.115356  234.494614  100.129623
-78.150032  233.194962  99.938675
-77.317757  231.730225  99.236557
-76.261887  230.091537  98.987869
-75.447052  228.813568  98.543930
-74.218796  227.102966  97.910049
-73.653320  225.572937  97.127602
-73.341377  224.298279  96.666527
-72.901749  222.392639  96.291481
-72.879349  220.621887  95.921349
-73.012138  219.240433  95.780136
-73.272659  217.756271  96.323647
-73.866142  216.204758  97.483406
-74.608673  214.348419  98.214516
-75.226837  212.862961  98.868179
-75.769279  211.621323  99.501907
-76.230766  210.682739  100.023636
-76.969101  210.406250  100.895790
-77.719353  210.546356  101.656754
-78.376114  210.647675  102.282295
-78.826271  210.774475  102.863388
-79.325432  210.965866  103.239281
-79.731216  211.335632  103.584282
-79.992508  212.047791  104.109138
-80.311569  212.966980  104.643921
-79.941757  213.998550  105.461113
-79.822960  215.448013  106.117569
-79.495140  216.471313  106.271317
-79.195396  217.367676  106.454857
-76.949654  218.676208  106.360428
-76.715218  219.202499  106.124916
-76.195465  220.039429  105.875763
-73.290070  221.242371  104.418083
-72.086426  221.701920  104.076523
-70.250496  222.610504  103.235878
-68.493797  223.658020  102.514442
-67.404381  224.487961  101.777786
-66.523872  225.640244  101.178261
-65.725822  226.730499  100.720215
-65.089417  227.776978  100.456909
-64.684669  228.642349  100.425156
-64.015121  229.416672  100.771584
-63.629066  229.946472  101.090904
-63.679108  230.197830  101.161644
-64.012146  230.087402  100.956284
-64.425827  229.773666  100.916504
-64.719650  229.553024  101.023842
-65.144241  229.126862  101.149010
-65.670616  228.475952  101.250801
-65.814186  228.166260  101.299660
-66.072098  227.398743  101.310295
-66.611153  225.558746  100.970573
-66.774910  224.272171  100.704903
-66.742081  223.321609  100.397331
-66.538727  222.584091  100.192375
-65.452347  222.133896  99.776398
-64.027390  222.419083  99.214394
-62.458866  223.569656  98.925888
-61.071564  224.664551  98.203018
-59.608158  226.187912  97.720673
-58.608578  227.691315  97.315842
-57.823444  229.315231  97.185249
-56.359978  231.918365  97.361160
-55.123611  233.237274  97.861534
-55.062309  234.744095  98.082611
-55.023540  236.046829  98.439461
-54.963188  237.142609  98.725037
-54.897156  238.023376  98.932259
-54.817333  238.860245  99.135094
-54.650097  239.556519  99.393585
-54.490543  240.291306  99.660812
-54.454998  240.793411  99.797577
-54.500172  241.052979  99.838692
-54.598396  240.790222  99.595490
-54.653023  240.177567  99.259491
-54.530365  239.420105  99.088425
-54.471344  238.594864  98.822350
-54.394283  237.660263  98.458733
-54.164940  236.445663  98.000122
-53.804768  235.338074  97.459625
-53.430084  234.502823  96.888084
-53.094826  233.901230  96.406563
-52.789959  233.305588  95.987419
-52.281471  232.681671  95.507767
-52.036568  232.256454  95.056244
-51.758953  231.900620  94.637215
-51.190578  231.530258  94.105400
-50.693989  231.296494  93.712044
-50.265232  231.405960  93.380531
-49.975952  231.502167  93.159615
-49.740643  231.640945  92.996223
-49.551918  231.952713  92.897850
-49.328491  232.571198  92.847328
-49.084881  233.448990  92.849121
-48.822285  234.494202  92.892952
-48.569565  235.388031  93.072472
-47.908691  237.665955  94.283371
-47.459465  238.947159  94.762459
-47.033604  239.860352  95.035202
-46.682346  240.582916  95.068108
-46.458420  241.024597  95.035988
-45.781452  242.435028  94.884804
-45.311211  243.134216  94.299042
-44.933258  243.282135  94.020714
-44.654388  243.337067  93.685661
-44.241570  243.199051  93.026497
-43.830563  242.963928  92.568695
-43.408409  242.575577  92.042564
-42.886482  241.905670  91.423775
-42.257259  241.021744  90.728180
-41.528999  240.107086  89.990944
-40.479481  239.600235  89.357773
-39.466850  238.488388  88.582451
-38.367493  237.597504  87.863426
-37.504993  236.752090  87.088249
-36.779373  236.382416  86.414116
-36.157101  236.085480  85.737030
-35.387558  235.983734  85.106644
-34.823154  236.377075  84.433113
-34.227551  236.795639  84.174759
-33.818504  237.572968  84.033195
-33.422527  238.387772  83.943245
-33.042278  239.642136  83.901733
-32.721554  240.857147  84.122253
-32.488743  243.039597  84.305397
-32.469219  245.295898  84.802353
-32.946354  248.268082  85.368362
-33.360168  251.259308  86.618546
-33.550892  253.447006  87.722984
-33.984829  256.143616  88.663307
-34.227558  258.065491  89.620895
-34.671089  260.632843  90.220329
-34.858261  262.360535  90.994942
-34.982300  263.857361  91.678833
-34.919460  264.736694  92.233368
-34.852280  265.570404  92.759216
-34.755505  266.479645  93.303040
-34.691990  267.330627  93.828972
-34.643196  268.140808  94.305611
-34.606781  268.780640  94.693146
-34.561810  269.082336  94.835533
-34.533920  269.242157  94.909569
-34.527763  269.311310  94.952118
-34.536324  269.389221  95.076118
-34.473457  268.934784  95.062485
-34.454967  268.395447  94.768318
-34.324314  266.622620  93.742950
-34.004986  265.071442  92.727982
-32.006042  260.425659  90.993973
-30.327913  256.835388  89.211998
-29.363247  254.884995  87.660027
-28.010233  252.622299  86.230186
-26.980968  249.912796  84.047554
-26.202820  248.548294  82.969406
-24.870216  245.931900  81.894531
-24.049795  243.409012  79.731277
-23.177126  241.274292  78.145912
-20.640049  238.397598  75.610947
-20.062719  237.792740  75.166191
-19.525843  237.167816  74.743637
-19.132853  236.958725  74.423218
-18.788210  236.835968  74.378784
-18.480608  236.829651  74.308662
-17.967175  237.291687  74.659355
-17.473728  237.972397  75.104393
-17.036793  238.959167  75.459541
-16.645725  239.980667  75.911369
-16.316996  241.293045  76.675629
-16.265041  242.982712  77.415520
-16.129200  244.973053  78.542885
-16.189157  246.710861  79.573395
-16.324137  248.172180  80.536606
-16.531342  249.699310  81.557983
-16.810507  251.117172  82.328163
-17.074930  252.094513  82.914474
-17.542084  253.122681  83.418030
-18.026608  254.314011  84.235039
-18.375721  255.237808  84.938972
-18.540508  255.870850  85.466080
-18.627131  256.269775  85.811905
-18.672428  256.606354  86.209648
-18.557453  257.287018  87.015373
-18.470369  257.555542  87.451538
-18.411411  257.581085  87.657799
-18.339823  257.520996  87.674553
-18.302692  257.388000  87.609520
-18.224745  256.997925  87.398407
-18.040361  256.295868  86.940247
-17.666935  255.533951  86.408089
-16.991522  254.258759  85.568039
-16.182409  253.203278  84.919029
-15.039367  251.786804  84.110649
-13.918182  250.532898  83.517982
-12.411532  249.030960  83.209335
-11.174261  247.714630  82.589531
-10.002180  246.673889  82.121735
-8.886858  245.833023  81.388664
-7.608076  244.780746  80.523148
-6.469894  244.055328  79.800987
-5.602538  243.304642  78.953659
-4.254250  242.789078  78.462463
-2.973186  242.406570  77.848091
-2.076636  242.253387  77.301819
-1.216314  242.334747  76.991882
-0.619738  242.397964  76.485023
-0.085141  242.698959  76.009499
0.327196  242.946884  75.612602
0.657344  243.226227  75.274742
0.885640  243.901596  75.167465
0.970563  244.785675  75.155281
0.754714  246.226303  75.402344
0.298960  247.808701  75.650055
-0.456586  249.307205  76.475716
-1.134461  250.564163  77.136673
-2.153412  251.644241  78.017845
-3.678638  253.113495  78.994003
-4.986947  254.385223  80.375359
-6.225935  255.031189  81.497719
-7.281454  255.538406  82.441208
-8.306126  255.815323  83.129036
-9.332025  256.010864  83.831909
-10.109418  255.993713  84.297668
-11.088664  255.891037  84.421799
-11.596774  255.570938  84.601662
-11.915124  255.333679  84.855827
-12.094219  255.150818  84.944855
-12.358689  254.879684  85.263824
-12.289751  254.479553  85.474030
-12.131968  254.278366  85.414925
-11.759085  253.992508  85.282227
-11.269437  253.748535  84.893257
-10.386929  253.100342  84.133659
-9.249146  252.805359  83.275345
-7.976085  252.718872  82.502930
-6.613585  253.004974  81.694695
-4.833081  254.073273  81.183784
-2.825050  255.059387  81.041046
-1.414701  255.880096  80.939819
-0.471026  256.764435  81.253204
0.344231  257.853149  81.454681
1.104757  259.117096  81.843048
1.798139  260.110352  81.994995
2.292164  261.199524  82.309074
2.633996  262.462128  82.803223
2.983679  263.750977  83.133850
3.189715  264.846985  83.491394
3.372971  266.240814  84.045898
3.605139  267.807892  84.602051
3.672997  269.126007  85.199898
3.570908  270.570007  85.916954
3.590054  271.969849  86.877228
3.658386  272.957245  87.570442
3.743534  273.595306  88.011726
3.819050  274.113220  88.339317
3.911502  274.326324  88.463562
4.084233  274.398438  88.538918
4.437728  274.498199  88.702507
5.010956  274.431244  88.621254
5.736581  274.237762  88.418213
7.104584  272.827576  88.225403
8.556242  272.022461  88.150932
9.932923  270.814362  87.109489
11.611919  269.005707  85.902512
13.220096  267.352081  84.684753
15.225019  264.938812  83.177933
16.851318  262.463837  81.518517
18.160522  260.427582  80.250031
18.982655  258.086792  79.207970
19.646004  255.906830  78.531387
20.295036  253.630630  78.009392
20.438740  251.361710  77.392990
20.406925  249.213120  77.004066
20.201189  247.200806  76.749100
19.903910  245.634048  76.551849
19.320568  244.404312  76.782433
18.564762  243.288010  76.600677
18.279112  242.625595  76.614632
17.949558  242.153275  76.651100
17.334099  242.037384  76.565269
16.873648  241.990143  76.570274
16.548962  242.128510  76.648888
16.544495  242.316055  76.748917
18.015856  244.428314  77.004906
18.837109  245.732941  76.967964
20.084169  247.920715  76.768227
21.574221  250.864044  76.365814
22.886894  254.846375  76.861366
23.739170  257.708893  77.493645
24.681244  264.675171  79.914520
24.629755  268.764618  80.195419
24.366308  273.436401  80.772636
23.838776  277.698090  81.948326
23.077314  280.485504  82.901878
22.440660  282.819427  84.087029
21.922060  284.851105  85.509163
21.396534  286.764954  87.007744
20.470556  290.029633  88.285858
19.305803  292.777496  89.183983
18.218384  295.585236  90.111176
17.317532  297.588623  90.970024
16.583050  298.499725  91.395081
15.994452  299.344971  91.898949
15.485370  299.922638  92.313492
15.147526  300.368347  92.646713
15.036570  300.664612  92.907104
14.965128  300.743011  93.022011
14.987440  300.399872  93.155464
15.302261  299.716553  92.785583
16.136877  298.293152  92.342758
18.139887  295.646118  91.925690
20.598574  293.244202  91.383003
22.551136  291.868805  89.995155
24.672554  290.308655  88.416504
27.325886  288.319244  86.684250
29.867500  286.296814  84.480896
32.380894  284.641571  82.492714
34.774986  282.853149  80.839142
37.464592  280.471710  79.081696
40.032444  277.432251  78.010544
41.543343  274.980286  76.378181
42.560814  272.761993  75.037567
43.536705  269.887146  73.805138
44.194965  267.021515  72.274841
44.544094  264.597504  70.899872
44.820400  262.292603  69.895836
44.952011  259.945160  69.188042
44.766136  257.741302  68.752609
44.300564  255.675446  68.400642
43.342396  253.922012  68.419312
42.001286  252.276749  68.546532
40.103291  250.797363  69.274132
37.815285  249.585358  70.368118
35.525463  248.335205  70.987427
33.034500  247.001892  72.099274
29.963329  245.170486  73.042305
26.265766  243.224426  74.178787
22.670914  241.106003  75.790749
18.629171  238.367416  77.048248
14.760755  234.874466  78.049088
10.974578  231.163132  79.467987
7.388419  228.140045  81.005081
3.630203  224.386978  82.627975
0.607701  222.235657  83.320702
-0.969958  220.441330  84.209297
-2.462194  218.588348  84.985321
-4.003149  216.705200  85.503761
-5.080244  214.891785  85.964867
-5.652480  213.942520  86.201378
-5.813169  213.403564  86.269135
-6.064630  212.919754  86.178246
-5.542914  210.849808  85.706474
-4.380193  210.527054  85.152290
-2.862299  210.600128  84.423775
-0.691643  211.289063  83.143608
2.293444  212.573227  80.448013
6.223237  213.670975  78.428955
10.491773  216.044418  76.368607
15.038052  218.456467  74.700989
19.803579  221.785461  72.950859
24.371773  223.937286  71.136185
28.653847  226.031021  68.916901
32.614731  228.555603  67.072540
36.223907  231.176712  65.480782
39.682178  232.716568  63.839409
43.032421  235.502792  62.668278
45.889545  237.310486  61.418472
48.576141  239.079559  60.377731
51.339211  241.430969  59.116795
53.943241  243.675934  57.993156
56.079597  244.933609  57.434727
57.544106  245.625305  57.302551
58.959591  246.670624  57.232990
60.637272  248.036484  57.173012
62.211685  249.599747  57.040985
63.484196  250.944626  56.965336
64.416779  251.792191  56.933754
65.057236  252.268631  56.880573
65.535828  252.587204  56.817711
66.019318  253.107864  56.627666
66.365952  253.526581  56.440979
66.581520  253.800980  56.337166
66.716187  253.997482  56.322495
66.810661  254.072098  56.327347
66.866318  254.025681  56.293419
66.906853  253.961655  56.294376
66.933189  253.910034  56.279819
66.962280  254.007828  56.197231
66.947479  254.010849  56.111092
66.936165  253.879272  56.090717
66.924370  253.770142  56.087597
66.859390  253.543289  56.097137
66.838509  253.379944  56.154430
66.806831  253.225143  56.222115
66.790695  253.061508  56.229427
66.787376  252.856628  56.191444
66.786079  252.649948  55.737339
66.749382  252.538925  55.550438
66.733818  252.439194  55.560879
66.712799  252.294434  55.600040
66.706360  252.024902  55.666759
66.696182  251.790085  55.693291
66.684349  251.600342  55.664642
66.691498  251.434433  55.648823
66.715240  251.282227  55.662224
66.727417  251.150330  55.668602
66.740479  251.000549  55.661213
66.809044  250.667160  55.909420
66.841522  250.563354  56.037552
66.921158  250.420990  56.222942
66.942184  250.288910  56.223309
66.985344  250.091843  56.292263
66.991165  250.009140  56.240791
67.058685  249.857956  56.260365
67.128288  249.726471  56.298180
67.172142  249.591507  56.326988
67.186745  249.465286  56.347012
67.199425  249.343277  56.368977
