-50.982975  125.485161  -1.055796
-50.979900  125.487007  -1.063475
-50.979065  125.486534  -1.065460
-50.974583  125.490280  -1.075144
-50.970242  125.493858  -1.083591
-50.967125  125.506310  -1.090518
-50.964493  125.517891  -1.099247
-50.952564  125.538895  -1.120354
-50.939232  125.561279  -1.139578
-50.914280  125.598312  -1.183797
-50.889534  125.627815  -1.221935
-50.877438  125.647354  -1.244378
-50.864929  125.674591  -1.272981
-50.854099  125.690613  -1.292752
-50.853931  125.711281  -1.306284
-50.849209  125.724365  -1.327404
-50.843082  125.547646  -1.363712
-50.874752  125.415825  -1.368676
-50.901588  125.381424  -1.380188
-50.937607  125.365883  -1.386470
-50.972980  125.349686  -1.387924
-51.058121  125.308342  -1.372276
-51.105267  125.279175  -1.361429
-51.157063  125.256065  -1.350697
-51.202087  125.212395  -1.333792
-51.253059  125.162331  -1.313392
-51.296200  125.089386  -1.304492
-51.337059  125.022209  -1.296590
-51.373093  124.997147  -1.288299
-51.409958  124.923080  -1.284704
-51.466160  124.854286  -1.281730
-51.518803  124.803696  -1.281058
-51.577160  124.755432  -1.278062
-51.630962  124.712097  -1.271964
-51.675350  124.675072  -1.267524
-51.705452  124.661812  -1.269178
-51.732635  124.652847  -1.273209
-51.768665  124.635506  -1.277572
-51.787792  124.633842  -1.283705
-51.805004  124.630882  -1.287528
-51.825016  124.629128  -1.295807
-51.834480  124.628311  -1.299892
-51.845722  124.630219  -1.308392
-51.857552  124.627998  -1.313030
-51.868114  124.621498  -1.314165
-51.873066  124.616844  -1.319864
-51.875698  124.609627  -1.325335
-51.884438  124.588707  -1.328971
-51.884396  124.576363  -1.334908
-51.879440  124.580223  -1.344585
-51.872574  124.592613  -1.362197
-51.863045  124.606102  -1.381823
-51.852390  124.614456  -1.398317
-51.841019  124.620705  -1.413566
-51.825764  124.629868  -1.433799
-51.812084  124.638969  -1.453422
-51.804874  124.606613  -1.453345
-51.801109  124.570679  -1.448203
-51.799561  124.538589  -1.441018
-51.785793  124.535576  -1.455659
-51.771046  124.535889  -1.471485
-51.755898  124.539917  -1.489413
-51.737881  124.547737  -1.512022
-51.727661  124.521034  -1.508657
-51.718273  124.485268  -1.499481
-51.713306  124.438187  -1.483844
-51.709084  124.399155  -1.474318
-51.708073  124.364883  -1.475976
-51.705845  124.341034  -1.484049
-51.718052  124.316628  -1.480088
-51.743855  124.263145  -1.450119
-51.775494  124.251167  -1.442797
-51.820953  124.253487  -1.440538
-51.896351  124.210945  -1.360378
-51.956009  124.187843  -1.296660
-52.034630  124.160011  -1.208179
-52.102051  124.159988  -1.131456
-52.156250  124.172958  -1.074706
-52.273071  124.103592  -1.070213
-52.412788  124.040100  -1.055554
-52.579124  124.008820  -0.965654
-52.711643  123.977592  -0.881454
-52.791912  124.005737  -0.853751
-52.901829  124.039429  -0.780543
-53.023930  124.108757  -0.722523
-53.143341  124.234428  -0.743299
-53.324764  124.250046  -0.781295
-53.574406  124.226051  -0.803405
-53.916687  124.237877  -0.827559
-54.283405  124.327721  -0.883129
-54.679283  124.429070  -0.981835
-55.056347  124.562828  -1.095249
-55.451099  124.745476  -1.249125
-56.193977  124.833328  -1.997587
-56.888680  125.018265  -2.639727
-57.456188  125.369881  -3.167758
-57.985687  125.746101  -3.626675
-58.525654  126.206490  -4.054299
-59.111134  126.710770  -4.406636
-59.749199  127.281120  -4.811499
-60.429295  127.869194  -5.151802
-61.010201  128.436813  -5.430689
-61.542488  128.939011  -5.637901
-62.107929  129.368515  -5.840433
-62.602741  129.545181  -5.933823
-62.991894  129.217712  -5.820300
-63.142113  128.236221  -5.608308
-62.972980  125.952385  -4.716302
-63.189949  122.835983  -2.954478
-63.866947  121.784531  -1.398726
-64.365372  121.152580  -0.357427
-64.579704  120.312851  0.605433
-64.756142  119.690079  1.262465
-64.872162  118.471931  2.530953
-65.311592  117.241310  5.003190
-65.626740  115.739937  7.282965
-65.883827  114.363083  8.446804
-66.048462  113.527168  9.152597
-66.085930  112.962265  9.486312
-66.099915  112.504303  9.418014
-63.461254  113.457802  5.005103
-62.691677  114.076721  3.779569
-61.140755  116.234337  0.901579
-59.359108  120.033813  -2.528554
-57.415470  123.815102  -6.177363
-55.135483  127.761208  -9.620035
-52.872478  130.743607  -12.680151
-50.642403  132.642990  -15.200646
-48.333366  133.020920  -17.242235
-45.911697  131.678009  -18.924286
-43.534222  129.468781  -19.854233
-41.148640  126.579346  -20.183414
-38.026775  122.794647  -20.180996
-34.485519  118.345573  -19.638000
-30.845949  113.898071  -18.719385
-27.292194  110.478203  -17.532715
-24.079731  107.892944  -16.412546
-21.860498  106.347763  -15.752691
-20.226545  105.418861  -15.418952
-18.959497  104.937889  -15.365482
-18.623322  104.900856  -15.420523
-18.546879  105.000336  -15.587785
-19.838791  105.825806  -16.242844
-21.179173  106.511887  -16.487537
-24.917837  107.703522  -16.590307
-30.611877  109.080589  -16.083549
-36.735645  110.232475  -14.813302
-42.922783  111.244286  -12.873617
-48.936829  111.840569  -10.161857
-53.779503  111.667015  -7.443449
-58.020107  112.430748  -4.452508
-62.054256  112.881149  -1.309585
-64.803215  112.926208  0.944861
-66.744919  112.951569  2.632919
-68.026161  112.846672  3.996379
-68.975502  113.270416  5.043523
-69.423393  113.456886  5.749321
-68.407150  114.179352  5.997733
-67.142479  113.734787  5.884776
-64.691666  112.812721  5.330767
-60.658039  111.804314  3.988894
-55.247955  110.675186  1.907989
-48.775894  110.002388  -0.678555
-41.867836  109.372818  -3.601152
-34.879616  109.152458  -6.285556
-28.480019  109.921745  -8.590707
-22.434568  111.042061  -10.962129
-17.995049  112.375023  -12.824602
-14.947275  113.573235  -14.232799
-12.934926  114.653709  -15.257433
-11.487028  115.737869  -16.289339
-10.630392  116.853798  -17.445621
-10.622575  117.776695  -18.247051
-11.212704  118.614426  -18.927889
-12.280322  119.356087  -19.408817
-13.623085  119.970352  -19.730719
-14.956007  120.531807  -19.956444
-16.961632  120.736145  -19.849829
-19.451963  120.474991  -19.134750
-22.408289  119.549385  -17.888510
-24.803823  118.500679  -16.560587
-26.344376  117.349861  -15.277480
-26.990286  116.243668  -14.178225
-26.705349  115.542480  -13.505554
-26.105482  115.118370  -13.323194
-25.295046  114.758064  -13.277489
-23.734217  114.327461  -13.286571
-21.171448  113.717285  -13.276921
-17.897305  112.676102  -12.960057
-14.156679  111.132912  -12.050457
-11.236558  109.474472  -10.879530
-9.028203  107.473694  -9.450899
-7.435574  105.340363  -7.402493
-6.443521  103.430161  -5.299856
-6.251340  101.818054  -3.379440
-6.348185  100.426712  -1.644978
-6.722426  99.069519  -0.064400
-7.547800  97.589073  1.415819
-8.890726  96.217293  2.644449
-10.102345  95.574127  3.398084
-11.032295  95.381981  3.697639
-11.674512  95.570091  3.579642
-12.089070  95.938232  3.210037
-12.463691  96.962952  2.173762
-12.310126  98.544090  0.548537
-11.621368  100.339729  -1.316967
-9.844342  103.440964  -4.517321
-8.106399  106.249428  -7.287831
-5.812161  110.414818  -10.787352
-3.431412  115.108215  -14.062232
-1.671682  120.462555  -16.962812
-0.389355  125.471329  -19.256620
0.262564  130.205170  -21.090342
0.447636  134.570190  -22.586363
0.295351  139.002319  -23.987141
-0.285000  142.492477  -25.023361
-0.658237  144.850815  -25.635675
-0.591508  145.668564  -25.746658
-0.119479  144.903961  -25.549679
0.793742  142.326523  -25.011745
2.390522  136.219589  -23.666960
3.907576  128.743439  -20.594343
4.634868  120.144485  -15.630350
4.936124  114.046783  -11.177969
4.950052  111.488335  -8.869461
5.050115  108.725990  -5.710832
5.056438  106.660667  -3.172098
4.479248  106.060120  19.833929
-0.468869  114.907486  26.597006
-0.007892  111.503334  26.136110
0.918960  107.639862  25.540726
1.790609  104.982475  24.453545
2.496329  104.181458  23.167170
3.025828  104.576469  20.398113
4.593309  105.558792  16.931175
5.968600  106.624184  14.908171
6.790614  107.341644  13.459792
7.676467  108.381783  12.455469
8.701171  109.516098  11.035164
9.465216  110.098145  10.219448
10.662334  110.448921  9.777187
11.512628  110.689430  9.308032
15.344404  111.798248  9.506911
16.127199  112.691246  9.703710
17.404892  113.151596  10.575924
18.306871  113.071899  11.409697
19.090624  113.414040  11.803008
20.048641  113.751007  12.060315
20.939945  114.181854  11.883756
21.776474  114.626358  11.618798
22.449890  115.132607  11.149071
23.160070  116.110481  10.601225
24.310736  117.366066  9.531493
25.005716  118.777840  8.331696
25.140190  119.861542  7.537722
24.899868  121.908592  6.327769
30.536510  109.079422  4.638681
30.033611  110.022949  2.541498
29.076479  111.141800  0.383994
27.526726  112.485069  -2.137404
24.967146  114.134079  -4.629559
22.410131  114.966629  -6.125915
20.318245  115.352005  -6.722128
18.922909  115.079155  -6.738898
17.591724  113.896477  -5.990647
16.613558  112.227089  -4.905739
16.099983  111.021782  -3.811962
15.887573  109.755760  -2.608204
16.013908  108.770370  -1.734755
16.308552  108.225601  -1.244579
16.741522  107.825150  -0.868310
17.516508  107.490303  -0.344353
18.329679  107.157425  0.191708
19.489836  107.129494  0.516965
20.701845  107.755310  0.152326
22.226248  108.688599  -0.753883
23.542175  109.721512  -1.751981
24.515852  110.945969  -2.948230
25.346001  112.347435  -4.629076
25.868259  113.701416  -6.766314
25.553970  115.218918  -8.939843
24.868763  116.584854  -11.002956
23.880981  117.891808  -12.950957
22.901472  118.759964  -14.301576
22.096834  119.204575  -15.201157
21.741535  119.525681  -15.850502
21.090528  118.838425  -15.490408
20.645298  117.732735  -14.542995
20.624449  117.041405  -13.730106
20.973469  115.909714  -12.265920
22.010063  113.391998  -10.224042
22.905516  112.060684  -7.743109
24.194740  110.742340  -5.714372
25.932352  109.457726  -4.096048
28.165272  107.393623  -2.543173
30.342022  106.847969  -1.540432
33.402378  107.051132  -1.321504
36.758808  107.675285  -1.786759
39.922264  108.157028  -2.341763
42.555264  108.486031  -2.687815
44.945580  109.981010  -3.455216
46.747082  111.461052  -4.303065
48.253841  112.908470  -5.056711
50.161133  115.044846  -6.482301
52.348171  120.173241  -9.736422
54.110680  124.023804  -12.696480
54.620373  126.987183  -14.651799
54.236965  129.924042  -16.019323
53.475388  131.665604  -17.109932
52.756031  132.650330  -17.937277
52.167328  133.428101  -18.733683
50.806286  134.312820  -19.536234
47.793556  135.120895  -19.852732
44.039009  135.237000  -19.611012
39.965340  134.405289  -18.350431
37.655304  132.456039  -17.310553
36.540871  130.274017  -15.630003
36.094086  128.742233  -14.455288
36.179111  127.349739  -13.193377
36.514309  126.268021  -12.386451
37.051018  125.574577  -11.954779
37.925808  124.833412  -11.429337
39.346951  123.796730  -10.510076
41.062862  122.502266  -9.442219
43.604984  120.703659  -8.024196
46.661495  117.740562  -6.323533
49.920597  115.711403  -4.852215
53.482494  113.681900  -3.711319
57.338417  111.581108  -2.971504
60.337433  109.416489  -2.151972
62.622574  107.970741  -0.846531
65.020584  106.269272  0.102914
66.570229  104.618652  1.447745
67.764824  103.076843  2.606166
68.768616  101.597862  3.720663
69.827835  99.574738  4.620636
70.769737  98.282524  5.488441
71.886330  97.435844  6.051254
72.570541  96.865479  6.667185
73.111298  96.342712  6.903820
73.630424  95.845703  7.218329
73.959526  95.817497  7.249087
74.080063  95.741302  7.411016
74.284279  95.633904  7.524837
74.577232  95.591179  7.640937
74.766899  95.357162  7.930535
75.331467  95.068832  8.385369
75.980659  94.981972  8.777778
76.196152  94.642189  9.161647
76.322029  94.264618  9.459655
76.294861  93.974403  9.887096
76.195129  93.455986  10.433826
75.846443  93.023376  10.874948
74.847237  92.741562  11.074822
73.065331  92.707436  10.771149
67.257080  91.881927  10.038167
60.847370  91.713982  8.889687
52.022739  90.765823  7.497941
48.451904  108.688065  5.767427
37.411045  107.086395  3.561317
23.978224  104.182152  2.450051
11.834824  102.009216  3.971480
-0.588207  100.452324  7.789360
-8.406906  99.536224  10.451099
-19.170301  96.026077  17.518082
-25.644129  93.943939  22.002571
-33.846966  86.873001  34.294155
-34.433670  86.731071  34.834755
-34.094799  86.652290  35.767330
-32.448109  85.146461  39.253963
-25.810537  81.827332  42.509117
-20.000782  79.960358  44.619774
-15.812781  78.961327  44.428379
-9.739436  77.525963  44.016472
-4.518217  77.093498  42.474171
0.635822  78.200249  38.685085
5.939085  79.260635  35.052677
13.062012  80.435562  32.720680
19.135178  81.511490  30.470818
24.968575  82.527451  28.828365
30.796152  83.439903  27.763578
38.428097  85.388229  27.336462
44.374222  86.960724  26.959490
49.723053  88.417328  26.693457
62.345188  91.014160  27.399305
65.962074  91.378914  27.751188
69.320091  91.552414  28.065634
71.868202  91.477615  28.534151
74.320915  91.268539  28.381756
75.711494  91.126793  28.393642
77.061295  90.595413  28.317135
78.021996  90.034393  28.351582
78.707954  89.232101  28.198341
79.211205  88.237427  28.108635
79.510826  87.612289  28.128721
79.454636  87.004005  28.590267
78.805923  86.009125  28.732044
78.465294  85.124580  28.612320
78.385231  84.596375  28.362597
78.362961  84.275948  28.187027
78.391815  84.049797  27.987541
78.420250  83.875298  27.845474
78.457298  83.631477  27.633284
78.490311  83.443054  27.477484
78.588043  82.866241  27.201832
78.671417  82.469879  27.000904
78.770287  82.202202  26.851290
78.837753  82.037056  26.768787
78.893677  81.912903  26.714964
78.938606  81.758614  26.565920
78.975449  81.640541  26.439837
79.014153  81.533524  26.333763
78.975227  81.546837  26.294029
78.638443  81.595612  26.185246
78.550003  81.564995  26.072355
78.518974  81.506668  25.929907
78.559128  81.435707  25.767805
78.615257  81.335777  25.522594
78.685059  81.231995  25.304665
78.841179  80.990440  25.050406
78.917702  80.708275  24.922243
79.049141  80.484367  24.983681
79.200157  80.197731  25.013161
79.390526  79.914085  25.057762
79.535988  79.684402  25.168221
79.614174  79.499908  25.325356
79.678719  79.356079  25.458124
79.737625  79.232689  25.571411
79.788574  79.122253  25.653393
79.835648  79.026268  25.732037
79.871353  78.958076  25.793465
