-125.921738   88.071411  41.507481
-125.989090   88.033844  41.356392
-125.964752   88.035423  41.332676
-125.927124   88.014091  41.313885
-125.816994   87.964333  41.157993
-125.596558   87.974846  41.042343
-125.561440   87.969597  41.041828
-125.542442   87.966911  41.056793
-125.395340   87.917328  41.002533
-125.188370   87.840729  41.069706
-124.861763   87.688187  41.228512
-124.670181   87.601425  41.352882
-124.626472   87.599792  41.333088
-124.474052   87.645050  41.244011
-124.332153   87.935623  40.908066
-124.239174   88.026978  40.876831
-124.139671   88.116783  40.832355
-124.016380   87.901184  40.904293
-123.749237   87.607025  41.024673
-123.464714   87.415329  41.088036
-123.288292   87.341499  41.121784
-151.885361   112.272751  40.434723
-151.820786   112.117210  40.305771
-151.660263   111.924568  40.138950
-151.721497   111.769745  40.543587
-151.766556   111.637871  40.953148
-122.935684   85.525978  41.376373
-123.006119   85.388771  41.344265
-122.987068   85.426865  41.279175
-123.001930   85.439095  41.258373
-123.011383   85.437202  41.279072
-122.967400   85.404984  41.352139
-122.820488   85.414818  41.434132
-122.564606   85.345795  41.711620
-122.473076   85.294060  41.808968
-122.200615   84.946640  42.127815
-122.070847   84.854759  42.140820
-150.984116   111.486183  42.276005
-150.901047   111.484322  42.312523
-150.756042   111.117500  42.197754
-150.721008   110.447968  41.543472
-150.596039   109.915421  40.374790
-150.587311   109.937614  40.427418
-150.860336   109.933647  40.829357
-150.938278   110.026611  40.781525
-150.888275   110.169945  40.778835
-150.889755   110.185577  41.021805
-150.944687   110.147942  41.171883
-150.998749   110.112038  41.247746
-151.006866   110.026665  41.408138
-151.001343   109.967430  41.468391
-150.976883   109.790390  41.409557
-150.937592   109.800468  41.337265
-151.040085   109.664024  41.233608
-151.059326   109.634544  41.171516
-151.055908   109.750130  41.082214
-151.088409   109.811432  41.188713
-151.104797   109.915398  41.211193
-151.115311   109.953117  41.207821
-151.107574   110.047852  41.197308
-151.135178   110.075912  41.176449
-151.127029   110.134499  41.146866
-151.055328   110.280746  41.258255
-151.037704   110.363136  41.328373
-151.011917   110.409904  41.359230
-119.950272   82.320290  41.308048
-119.803352   82.450600  41.231400
-119.771149   82.512810  41.177944
-119.758713   82.531738  41.160412
-119.968925   82.422020  41.223030
-119.995331   82.426575  41.203182
-119.952034   82.484489  41.156948
-119.934662   82.523094  41.124218
-119.967873   82.587006  41.112579
-120.058067   82.603348  41.136887
-151.735306   110.517906  40.870758
-151.796478   110.418457  41.046055
-151.921097   110.260559  41.233513
-152.163315   110.235809  41.445835
-152.899979   108.437126  40.604004
-153.222763   108.120842  40.421604
-153.667969   108.080833  40.357742
-153.823608   108.203102  40.541626
-154.215866   108.699432  41.778633
-154.572662   108.798271  42.374264
-154.658340   108.832664  42.666340
-154.769714   108.636047  43.107620
-155.079971   108.450851  42.917877
-155.381638   108.090485  42.913464
-155.438385   107.620796  43.094448
-155.658386   107.204559  43.382164
-155.772400   106.931198  43.257381
-155.816528   106.785324  43.252728
-156.058090   106.388832  43.222450
-156.150681   105.808647  43.314045
-156.171722   105.670563  43.335693
-156.255875   105.598114  43.307365
-156.495819   105.516495  43.138565
-156.480774   105.726570  43.020302
-156.436569   105.899246  43.035370
-156.404770   105.982758  43.049297
-156.298340   106.164429  43.029316
-124.222595   80.437073  42.574783
-124.379570   80.734177  42.659592
-124.080360   81.293068  42.300270
-123.587143   81.930008  41.676041
-123.022690   82.618828  41.740944
-122.745140   83.007416  41.813797
-122.641083   83.122803  41.823326
-122.459587   83.531708  41.409855
-122.427643   83.639412  41.323338
-122.465919   83.660233  41.340530
-122.492172   83.756058  41.341454
-122.533180   83.673637  41.555462
-122.597969   83.574745  41.689583
-122.309006   83.842613  41.521767
-122.382477   83.929695  41.457401
-122.668831   83.763290  41.465725
-122.829124   83.631638  41.529766
-123.428337   83.424187  41.268211
-123.866699   83.219604  41.325958
-124.442505   82.839615  41.195126
-125.050804   82.492241  41.085243
-125.665504   82.181534  41.003479
-125.697357   80.931351  43.431618
-125.999931   80.440788  43.510048
-126.151672   80.115875  43.606064
-126.583694   79.783806  43.575699
-127.631523   79.425102  42.920479
-128.071396   78.885986  42.828419
-128.143616   78.617218  43.256592
-128.147354   78.505974  43.460827
-128.204178   78.426819  43.521492
-128.200195   78.280228  43.579540
-128.188721   78.188728  43.754440
-128.143173   78.054420  43.755688
-128.075256   78.188240  43.581345
-127.681641   78.290810  43.371719
-127.305748   79.086327  43.001213
-126.459305   79.820656  43.164646
-123.875603   82.695091  41.295574
-118.985161   90.379784  37.842667
-117.170128   93.997383  36.418579
-141.331696   129.620209  32.200695
-139.149734   133.841644  29.208155
-137.671829   137.159790  28.081831
-132.039886   146.216187  27.602037
-129.420593   150.307602  27.677965
-126.434715   155.331619  27.483370
-123.486824   160.412888  26.895319
-120.365219   165.773529  26.816063
-116.436859   170.181000  26.199287
-112.159523   174.806503  26.207439
-108.437943   179.690292  26.396219
-105.475235   184.785034  26.382200
-102.180511   188.843567  26.779968
-99.144981   193.629776  26.992598
-96.160942   198.349869  27.450682
-93.121613   202.684280  27.826595
-90.165054   207.018707  27.974901
-87.487541   211.329773  27.720875
-85.226852   215.374680  28.190544
-83.468094   219.572037  28.704590
-81.597076   223.231857  29.120409
-79.844925   227.405731  29.217112
-78.697319   230.783722  29.318232
-77.538490   234.528198  29.687263
-76.722122   237.893661  30.418850
-76.470276   240.674469  30.969378
-76.343140   243.431534  31.933184
-76.356987   246.468262  33.009834
-76.561165   249.677582  33.949333
-76.598175   252.268555  34.499897
-76.717392   254.107758  34.928822
-77.175934   256.053162  35.559628
-77.623459   257.435120  36.061329
-78.702515   259.716461  37.366940
-79.863373   262.102295  38.599613
-81.317398   263.904480  39.559574
-82.695313   265.330994  40.568069
-84.154190   266.502960  41.590191
-85.789421   267.616241  42.519413
-87.499313   268.352478  43.332729
-89.152687   268.924042  43.998806
-91.063446   269.194244  44.670269
-93.050201   269.574677  45.534683
-94.636185   269.676025  46.106770
-96.323494   269.479034  46.724743
-98.096878   269.115417  47.183311
-99.790169   268.667145  47.563591
-101.783463   267.900116  48.038872
-103.707535   267.021820  48.694630
-105.344437   265.885345  49.038925
-107.110641   264.447144  49.138977
-108.564316   262.696564  49.721245
-109.971008   260.880096  49.961552
-111.290314   259.161194  49.847561
-112.487000   257.411102  49.726772
-113.716667   255.306015  49.663921
-114.768784   252.453995  49.310043
-115.402275   249.741455  48.838795
-115.883232   247.484177  48.390759
-116.332642   244.783264  47.950912
-116.581932   242.351395  47.423145
-116.794151   239.189804  46.733574
-116.822052   236.232315  46.203068
-116.948647   232.942795  45.246696
-116.515305   229.807007  44.256245
-115.778847   227.109421  43.704437
-114.714409   223.993088  43.046036
-113.495232   220.853302  42.477341
-112.152657   217.969925  42.302025
-110.636803   215.306259  41.971561
-108.938080   212.713531  41.152325
-107.369858   209.690247  40.142818
-100.072655   198.215088  36.640369
-98.176727   195.351593  35.526829
-95.840233   192.081406  34.464493
-92.718163   189.021774  34.216610
-89.611168   185.804031  33.831535
-86.478149   182.518982  33.814579
-83.223869   179.309525  33.564854
-80.194191   175.824081  33.126572
-76.655914   172.715591  32.832985
-73.376274   169.511337  32.119122
-69.744560   166.437180  31.624430
-66.241684   163.358902  31.737209
-62.466312   160.331772  32.022850
-58.988194   157.073822  32.226810
-55.064384   153.880280  32.773220
-51.460720   150.858490  32.814594
-42.796806   144.341370  33.250832
-39.694454   141.701981  33.232269
-36.534225   139.068329  33.070766
-32.919979   136.348267  32.997841
-29.642693   133.861572  33.061321
-26.256262   130.997177  33.107040
-23.069353   128.552689  32.980328
-19.700352   125.326462  33.340775
-17.778873   123.448753  33.514874
-14.840994   120.645363  33.756794
-12.537864   118.357498  33.935135
-8.616578   113.819229  33.932121
-7.398719   111.931625  33.756981
-6.410469   110.004433  33.589283
-5.656417   108.350990  33.332367
-5.217267   107.144737  33.180126
-4.984138   106.074455  33.111992
-4.698705   104.594040  33.238529
-4.684595   103.197151  33.405670
-4.909725   101.962296  33.576675
-5.402692   100.874962  33.725975
-6.179863   99.866356  33.854740
-7.478772   98.812729  33.952026
-9.029089   97.968185  33.983795
-11.062066   97.273949  33.952694
-16.001019   96.557098  33.944366
-22.294395   96.708221  33.741871
-25.277401   97.159950  33.600216
-28.741119   97.686752  33.251751
-31.995148   98.285240  32.950500
-34.877754   99.038673  32.946835
-38.239902   99.944290  32.822624
-41.673309   100.902641  32.892937
-49.447510   103.978065  32.823223
-52.445309   105.274139  32.953697
-56.225750   106.700592  33.097572
-59.875977   108.398903  33.740112
-63.382931   110.677505  34.047050
-67.040199   113.278481  34.018993
-70.356949   115.532066  34.080463
-73.986237   118.052383  34.135529
-77.405983   120.773445  34.240963
-81.180527   123.651184  34.277538
-84.728157   126.461288  34.384117
-87.674271   129.622589  34.456966
-90.924950   132.283142  33.262913
-94.345825   135.296356  32.490150
-98.162605   138.010757  32.629753
-101.770866   140.882370  33.991028
-109.950066   146.744675  35.226887
-113.251732   149.204010  35.354523
-116.336792   151.304047  35.427746
-119.486046   153.872681  35.234447
-123.210808   156.249176  35.179501
-127.063278   158.676041  36.924576
-130.440063   160.549042  37.250454
-134.425812   163.227310  38.607250
-137.864166   164.684158  40.139088
-142.549942   165.929153  42.589569
-147.218994   166.751251  45.032715
-150.364944   168.406357  47.094555
-156.266098   171.130020  49.795773
-159.113754   172.048584  51.029552
-163.118408   173.147598  52.946117
-166.315582   173.693649  54.810055
-169.346024   173.961441  56.156437
-172.006287   173.883362  57.266724
-174.094406   173.760788  58.225399
-176.199493   173.792450  58.996910
-178.010330   174.016647  59.961063
-179.840637   173.756989  61.123436
-181.525391   173.198685  62.162632
-183.290619   171.113953  62.924374
-185.117920   170.592392  63.740414
-186.211487   169.533859  64.242561
-187.097015   168.729889  64.730232
-188.142365   167.708313  65.445854
-188.915680   166.396957  66.117195
-189.298477   165.224777  67.537117
-189.232285   163.643158  68.128769
-189.202744   162.798218  68.418213
-189.087936   161.890152  68.900597
-188.456406   160.379669  68.831123
-188.133820   159.700241  68.722778
-187.575912   158.822754  68.525803
-186.732803   157.805099  68.171371
-184.056274   157.308868  68.150589
-182.176422   156.603424  67.973877
-180.973267   155.955948  67.174889
-179.337570   155.187729  66.179520
-176.788330   155.324860  65.596931
-174.309738   154.574280  64.179001
-172.124313   155.864670  63.578819
-169.853043   156.577682  62.982349
-166.977112   157.628235  62.642010
-163.419373   158.519730  62.201370
-157.491699   161.245697  60.855873
-154.949707   162.703781  60.248009
-151.871231   163.669281  59.208767
-148.867401   164.731674  58.157276
-138.912476   170.549271  57.361145
-136.498444   171.204086  57.304356
-133.776764   172.565170  57.225719
-131.275284   173.578857  57.046387
-128.656128   174.229202  56.892090
-126.126686   174.975632  56.541595
-123.603409   175.638657  56.239937
-121.142067   176.050568  55.915462
-119.109276   176.228821  55.701172
-114.679993   175.665100  54.462547
-112.782623   175.107849  53.989494
-111.069893   174.744781  53.518436
-108.776299   173.716019  53.677673
-106.823936   172.562881  53.208931
-104.601448   171.117569  54.152557
-102.633759   169.860199  54.127754
-101.042229   168.638260  54.110474
-99.632835   167.436829  53.943451
-98.547287   166.243896  53.907639
-97.481659   164.484009  53.805988
-96.322823   162.205734  53.628452
-94.989944   159.434662  53.646759
-93.446915   156.561020  54.011700
-92.341187   154.276230  54.077946
-91.608170   152.524765  54.007526
-90.956268   150.449219  53.892136
-90.227921   148.139252  54.058609
-89.460815   145.560272  54.464504
-88.858093   143.419815  54.819580
-88.166206   141.531555  55.022678
-87.654259   139.879105  55.070343
-86.642586   138.270248  55.426521
-86.233398   137.660233  55.458344
-85.785988   137.147949  55.449295
-85.322937   136.884781  55.405769
-84.768105   136.726715  55.258163
-84.145813   136.849579  55.012150
-83.487854   137.255081  54.655319
-82.786972   137.844681  54.184891
-81.961060   138.728241  53.663071
-80.145828   141.738373  52.659389
-79.272774   143.263992  52.530411
-78.169861   145.518936  52.213699
-77.158836   147.811066  52.034302
-76.074394   150.223923  52.014507
-75.165123   152.886627  51.529003
-74.153557   155.276672  51.257401
-73.044235   157.298447  51.347504
-72.025826   159.355850  51.477615
-70.850723   161.538437  51.187824
-69.983849   163.529160  51.443432
-69.170822   165.223984  51.810921
-68.362694   166.773453  51.983524
-67.716026   167.782013  51.917995
-66.902901   169.061035  51.866310
-65.945679   169.999634  51.423981
-65.103630   170.832367  51.248150
-64.303818   171.456284  51.259048
-63.364323   172.004791  51.267555
-62.344315   172.507172  50.886814
-60.681660   172.589767  50.718143
-60.024220   172.348053  50.599220
-58.765053   171.986618  49.946911
-57.224625   171.648590  48.666592
-56.355362   170.665985  48.353222
-55.528072   169.673981  48.105087
-54.655510   168.520737  48.069828
-53.891418   167.138321  47.848026
-53.254623   165.380188  47.451870
-52.596928   162.983307  47.441483
-52.089664   160.235306  47.188744
-51.605034   157.844879  46.816242
-51.218506   155.417709  46.313843
-50.725075   152.876068  46.220299
-50.233398   150.416901  46.119362
-49.742817   148.186554  45.926857
-49.223225   146.083389  45.759983
-48.712219   143.831879  45.579239
-48.291836   141.952362  45.398201
-47.462738   139.931488  45.525665
-46.743183   137.872482  45.247765
-45.688709   135.849396  44.489105
-44.440479   134.077927  43.577717
-43.473175   132.810440  43.144592
-42.384972   131.703110  43.014408
-41.180454   130.890732  42.907913
-39.952759   130.204330  42.820530
-38.734715   129.759247  42.696812
-37.553429   129.555573  42.329075
-36.047543   129.414169  41.919121
-34.329090   129.473282  41.494274
-32.609818   129.988052  41.096123
-30.647499   130.893265  40.478973
-29.012512   131.958832  39.972134
-27.424517   133.609711  39.414089
-25.746264   135.563019  38.970055
-24.071327   138.031784  38.440037
-22.357697   140.937393  37.896961
-20.523363   144.157013  36.577980
-18.999210   146.861847  35.953548
-17.056059   151.412109  35.305241
-15.218206   156.382629  35.305630
-13.960291   161.111542  35.573013
-12.227049   170.265213  35.515583
-11.267077   175.162018  36.232231
-10.941418   179.338516  36.638672
-10.781406   183.874191  37.412209
-10.176497   188.376602  37.822735
-9.513053   193.219818  38.592926
-8.916973   197.492279  39.482723
-8.211471   207.319717  40.395870
-7.834846   210.838272  41.254848
-7.635242   214.417038  42.314114
-7.605960   217.637283  43.583317
-7.649559   220.460999  44.920315
-7.785827   223.517395  45.928329
-7.810503   227.428894  46.008572
-8.202213   232.504196  46.633316
-9.252997   238.456177  48.635620
-9.529305   239.435287  48.908855
-9.871872   240.164703  48.903141
-10.175601   240.703323  49.346703
-10.350318   240.984863  49.556854
-10.492102   241.090424  49.680210
-10.648288   241.053360  49.782959
-10.832548   240.844101  49.827126
-11.035302   240.319214  49.913448
-11.239389   239.336395  49.956028
-11.427343   237.746552  50.047817
-11.542368   236.004105  50.132420
-11.580162   233.491913  50.258499
-11.547435   230.860580  49.879391
-11.607924   227.651306  49.341488
-11.550950   223.650055  49.473221
-11.566213   219.784256  49.239517
-11.615188   215.713943  48.581703
-11.732991   211.137222  47.879509
-11.819290   207.155991  47.633381
-11.962831   202.023544  47.529037
-11.864985   197.167450  47.007362
-11.711422   192.302612  46.636284
-11.557540   187.555756  46.351532
-11.207710   182.410706  46.348419
-11.038469   177.646072  46.287010
-10.032212   166.238419  45.010273
-9.917365   162.086899  45.170406
-9.733880   157.908249  45.386940
-9.429189   153.659943  45.659874
-9.111275   148.842026  46.254139
-8.726667   144.485855  46.826252
-8.368745   140.684418  46.927032
-7.863415   137.303955  46.883209
-7.351542   134.210297  46.664295
-6.433153   131.462601  46.523994
-5.311912   129.141037  46.601543
-4.071931   127.309616  46.523407
-2.886958   125.868431  46.307983
-1.664102   124.834145  46.019890
-0.072839   124.083977  45.463844
1.675799   123.748360  44.951488
3.503225   124.040985  44.418915
5.191498   124.925919  43.880283
6.957746   126.409546  43.127869
8.639475   128.220490  42.299454
10.313060   130.672943  41.586082
12.303180   134.173721  40.781879
14.511692   138.827026  40.032379
16.140690   143.155670  39.800034
16.968004   146.964584  39.628792
17.925076   151.150101  39.246506
18.946104   155.531876  38.922852
19.817242   160.089157  38.524605
20.613663   164.677109  38.882751
21.205818   168.959503  38.805771
21.600185   172.346008  38.733353
22.227200   176.863831  38.725967
22.480711   181.129700  39.086964
22.377432   185.267258  38.582008
22.640413   189.366760  38.310307
23.109831   194.195007  38.036648
23.576519   198.431396  37.799080
23.780838   202.349503  37.674587
23.969320   205.992264  37.660870
24.300787   209.936081  37.793095
24.298004   213.013885  38.110676
24.221064   215.787155  38.631977
24.187004   218.274399  39.290936
24.103779   222.928101  39.888161
24.033125   224.257706  40.054321
24.006964   225.443176  40.289658
24.034824   226.543137  40.373478
24.117355   227.501587  40.334221
24.190733   228.184052  40.338337
24.239754   228.654510  40.360733
24.314663   228.919754  40.364029
24.362307   229.017181  40.347019
24.383574   228.930771  40.263649
24.466335   228.601547  40.106987
24.677324   227.727127  39.902031
25.025045   226.146500  39.555870
25.364557   224.020538  39.150665
25.701902   221.691223  38.815609
26.026833   218.893555  38.365265
26.488373   216.003006  38.023750
27.086905   212.722473  37.995861
27.426968   209.470276  38.353622
27.668346   206.195267  38.018791
27.642199   202.352768  37.667694
27.849442   197.965195  37.865150
28.021832   193.871124  37.774178
28.333679   189.714279  37.215233
28.699469   185.430695  36.837490
28.789831   181.285095  36.236633
28.797966   177.702011  35.701351
29.001663   173.336121  35.160667
29.311386   169.052933  35.724220
29.524633   165.684158  35.741047
29.561653   162.392349  35.634827
29.720570   159.530365  35.404335
29.887794   157.015778  35.352737
29.940907   154.394043  35.606468
30.122196   152.081558  35.738354
30.173182   150.393967  35.700657
30.235666   148.854324  35.673901
30.238415   147.418442  35.649605
30.294725   146.298950  35.565006
30.370775   145.515320  35.490273
30.450951   145.005325  35.535519
30.503738   144.703201  35.482944
30.527138   144.559952  35.385452
30.620314   144.551346  35.124512
30.811386   144.833038  34.623276
31.106298   145.279099  34.220669
31.486885   146.231140  33.710266
31.917398   147.229446  33.273197
32.444641   148.401520  33.022175
32.864136   149.708282  32.940723
33.417740   151.631500  32.833153
34.155453   153.790146  32.188869
34.769608   155.789520  31.866339
35.481873   157.822128  31.378550
38.025459   164.329178  31.253239
38.526867   165.696167  31.189615
39.218987   167.420532  31.176767
40.017933   168.874603  31.132151
40.598099   170.067261  31.144606
41.215637   171.116989  31.176386
41.831299   172.063965  31.238400
42.382473   172.797684  31.421217
42.883968   173.431534  31.605764
43.512627   173.888397  31.694851
44.116047   174.087708  31.729061
44.765480   174.169022  31.704088
45.477009   173.997574  31.665533
46.217007   173.767166  31.531326
46.995892   172.896362  31.366890
48.162918   171.969467  31.412825
49.419250   170.623322  31.429699
50.813202   169.492630  31.252880
52.271637   168.395798  31.426725
53.377510   166.760025  31.470079
54.296680   165.041168  31.480589
55.363922   163.094604  31.612465
56.377514   160.750977  32.224487
57.028824   158.082184  32.583599
57.611622   155.736115  32.608257
58.259346   153.529022  32.631565
58.777000   150.816223  32.987846
59.288223   148.639648  32.978912
59.848835   146.558395  33.045845
60.401680   144.609772  33.088795
61.007183   142.728333  33.313385
62.553505   139.614029  33.417809
63.230034   138.313263  33.337967
64.098999   136.729935  33.172771
65.111778   135.231262  33.042023
66.119507   134.074051  32.902966
67.152679   132.803192  32.544697
68.355553   132.091888  32.113495
69.610779   131.571167  31.727982
71.123398   131.326035  31.025364
72.669342   131.193283  29.703115
74.257568   132.020844  29.712183
75.938835   133.210846  29.801336
77.533890   134.738831  29.825409
78.823738   136.327789  29.955971
80.314461   138.161987  29.777536
81.614128   140.133636  29.683441
82.552582   141.944138  29.663244
83.422737   143.823547  29.719391
84.179382   146.082764  30.056496
85.205383   148.960205  30.322159
85.916161   151.711273  30.559914
86.689301   154.565933  30.371645
86.943352   157.082504  30.440247
86.944168   160.791824  30.657251
86.774506   162.292252  30.770388
86.698616   164.435211  30.560289
86.350349   166.249191  30.314188
85.772293   167.686539  30.194288
85.253189   168.995850  30.222942
84.638039   170.145676  30.211994
83.945305   171.369125  30.249126
83.271767   172.516068  30.294962
82.607422   173.831238  30.494175
82.374458   175.635071  30.986429
81.940987   177.216400  31.452095
81.332237   178.478363  31.864866
80.855141   179.815582  32.386368
79.886253   181.007553  32.990341
79.427589   181.404831  33.290092
78.966301   181.654312  33.502773
78.598961   181.690567  33.640633
78.343216   181.551956  33.671867
78.125015   181.303528  33.657860
77.899193   180.841797  33.828667
77.832458   180.350845  33.987003
78.002983   179.923843  34.225319
78.386360   179.473984  34.454430
79.013046   178.967819  34.784611
79.918999   178.502136  35.124889
80.875618   177.998291  35.438011
83.618996   177.240311  35.848965
84.946297   176.801651  35.915340
86.538239   176.154541  36.027176
88.220810   174.913803  36.149040
89.828323   173.712097  36.240459
91.757599   172.839966  36.341515
93.815094   172.027603  36.801781
95.384171   170.401871  37.181873
97.023857   168.726105  37.341484
99.973183   165.039261  37.063713
101.087769   163.229355  37.020290
102.219185   160.739243  36.920109
103.391838   158.357635  36.791370
104.391083   156.043625  36.619839
104.956123   153.090424  35.879356
105.533615   150.447739  35.266560
106.062843   148.080338  35.334293
106.674393   145.426697  35.563164
107.294334   143.265076  35.589909
107.795746   140.881165  35.664158
108.158333   138.925705  35.634769
108.404625   135.425629  35.180454
108.426529   133.799545  35.327744
108.543808   132.193527  34.821766
108.733398   130.960068  34.055241
108.763351   130.267044  33.653141
108.701241   129.749069  33.384083
108.584656   129.399933  33.185883
108.458099   129.147079  33.014847
108.348824   129.006561  32.705452
108.257103   128.970093  32.510590
108.176231   129.097305  31.865780
108.219910   129.561768  30.947853
108.382240   130.270416  30.412552
108.503754   130.840668  30.125088
109.115379   132.443268  29.841633
109.970337   134.536957  29.521742
113.654228   144.703827  29.866327
114.552620   147.441345  29.837149
115.665199   150.985687  29.962875
117.074554   155.051590  29.702068
118.097557   158.177811  29.243204
119.349030   162.217499  28.800961
120.220894   166.137802  28.336407
120.958740   169.712738  28.742262
122.168770   174.085251  28.500286
122.315392   177.268967  28.280718
123.233353   181.486603  28.568907
123.570389   185.432816  29.131006
123.676552   188.721024  29.831537
124.510551   193.211472  30.369041
124.800148   197.504044  31.200848
124.896683   201.267197  32.275555
125.034340   204.409973  33.152687
125.101097   207.671783  34.911190
125.443985   211.232956  36.775036
125.557037   214.463028  38.685085
125.780716   217.402771  40.380482
125.573204   220.202255  41.985294
125.406845   222.961121  43.291016
125.106796   225.596741  44.255100
124.720131   227.921524  45.017632
124.256393   229.914200  45.501980
123.996185   231.560211  46.557495
123.716003   232.507965  47.257263
123.521393   233.323578  47.497238
123.377342   233.849548  47.714180
123.310303   234.057571  47.807976
122.962379   233.953842  47.714413
122.989723   233.546356  48.770817
122.453484   232.884308  49.210972
121.948311   231.902008  49.895260
121.703674   230.836685  50.173771
121.910324   229.940994  50.192856
122.439514   228.901810  49.520378
123.122459   227.317841  48.861485
123.971115   225.141495  48.070210
125.029182   222.557510  47.171402
125.727943   219.077240  46.386749
126.742645   215.628540  45.290100
127.561256   212.168579  44.256714
128.182861   208.002396  43.221420
128.498428   203.711349  41.644394
128.792068   197.696579  38.558804
129.638519   192.898071  36.778667
130.854218   188.463318  36.534866
132.141647   183.410553  35.900124
133.044846   179.399719  35.597057
134.010864   174.121109  35.065487
134.983749   169.473160  35.286777
135.806335   164.646072  35.318096
136.736862   159.796738  35.609669
137.184265   155.056915  35.931995
137.746552   150.574356  36.137039
138.431381   146.430038  36.056667
138.994324   142.341934  36.747646
139.509338   138.850494  37.035995
139.569534   136.010193  37.025360
139.664886   132.661911  37.389957
139.815628   130.283920  37.645840
139.881271   128.780655  37.771648
139.786850   127.437569  37.835697
139.687988   126.522766  37.865158
139.458511   125.922417  37.796520
139.255585   125.624664  37.743122
138.898239   125.440765  37.634544
138.237762   125.430252  37.399521
137.053879   125.859543  36.709702
135.679611   126.682022  36.211063
134.026337   128.070465  35.618435
132.468246   129.419769  35.209690
130.740524   130.968369  34.775047
128.830750   132.450241  34.464218
126.032669   134.927078  33.840431
123.039024   137.357574  33.142872
119.655106   139.716690  32.205482
116.268387   142.118393  31.741413
112.752411   144.081696  31.523874
108.765358   146.413849  31.600008
104.598900   148.894135  32.187813
99.997681   150.607544  31.858215
95.358246   152.543167  31.631058
90.481148   155.037628  31.560793
85.764046   158.280426  32.095367
80.562386   160.679214  32.622826
75.082558   162.798111  32.561684
69.207939   164.288376  32.540215
62.775753   165.437012  32.316135
56.372513   166.336517  31.985916
49.866032   167.277939  32.031216
43.253811   168.091751  32.208279
36.168713   169.053177  32.157646
29.160908   169.974335  32.079422
22.058496   170.780075  32.989277
15.092567   171.855423  33.679970
8.231259   173.085144  34.116821
1.733091   174.638290  34.822357
-4.882205   175.924957  35.189342
-11.744305   176.871979  35.117531
-18.208828   177.765106  35.462254
-25.071655   177.412247  36.990688
-31.400520   178.112900  38.468857
-37.657566   178.348572  39.887539
-43.664066   178.693161  41.156502
-49.595901   178.821869  41.991577
-54.769867   179.047485  42.683720
-60.079308   179.531448  43.170460
-65.486130   179.406036  44.186150
-70.104553   179.159882  45.197483
-74.573380   179.106979  46.241486
-78.956306   179.158707  46.763786
-82.615150   178.785889  47.104973
-85.903091   178.486008  47.676079
-88.813255   177.625351  48.148281
-91.098427   176.926514  48.695141
-93.201874   176.453506  49.377258
-94.779793   175.892715  49.877670
-96.242279   175.339691  50.345684
-97.378624   174.793350  50.533333
-98.225044   174.080200  50.973747
-98.528320   173.284302  50.911213
-98.809387   172.623749  50.950584
-97.775703   170.626450  50.419285
-97.267456   170.004013  50.207390
-96.085739   168.757904  49.187412
-94.477661   167.348648  48.406849
-92.454796   165.762177  47.637596
-90.069603   164.843506  46.611839
-87.516762   163.399414  45.806416
-84.858292   162.132065  45.152924
-82.045364   160.839890  45.000534
-79.422661   160.374298  43.901020
-76.561928   159.980377  42.560955
-73.500038   159.185852  41.790455
-70.481049   157.832748  41.219673
-67.690964   157.276047  40.403694
-65.236259   156.351486  40.225208
-62.544064   156.054291  39.262585
-60.243519   155.151703  38.882568
-58.092159   154.598251  38.765327
-56.137566   154.149597  38.050552
-54.590031   153.783813  37.629631
-53.032154   153.177826  37.581432
-51.783512   152.426147  37.827923
-50.926456   151.662704  38.094467
-50.338665   150.987473  38.374302
-49.831711   150.225754  38.533649
-49.537048   149.491058  38.691868
-49.508839   148.898026  38.799667
-49.647312   148.321564  38.851761
-49.965237   147.446854  38.989624
-50.756569   146.026031  39.249599
-51.563911   144.916229  39.409336
-52.663074   143.690430  39.529202
-54.075188   142.459442  39.695541
-55.983257   140.783951  39.990211
-58.075764   139.230728  40.446316
-60.091530   138.006424  40.836853
-62.323944   136.466125  41.474743
-64.381790   135.004700  41.880177
-66.931267   133.281036  42.537174
-69.553513   131.466385  43.223656
-71.989822   129.715698  43.954624
-74.636253   127.799049  44.841747
-77.279137   125.737839  45.803085
-79.550652   123.633430  46.733925
-82.090240   121.535591  47.691471
-84.358963   119.546234  48.550014
-86.857033   117.720490  49.432529
-89.112846   115.952370  50.412613
-91.271027   114.078224  51.557690
-93.359451   112.494301  52.020290
-95.625816   110.723564  52.526966
-97.465263   109.164627  53.180481
-99.444977   107.394234  54.189339
-101.260727   105.583244  55.347530
-103.200333   104.189880  56.307831
-104.858543   102.760162  57.038185
-106.311676   101.286407  57.568474
-107.373207   100.100716  57.905495
-108.379311   98.837898  58.070877
-108.867447   97.764236  58.312733
-109.523499   96.901665  58.386795
-109.850174   96.157341  58.359943
-109.961533   95.662331  58.339520
-109.850540   95.128281  58.257542
-109.560898   94.551979  58.185543
-109.097778   93.976036  57.814629
-107.886787   93.433022  57.297939
-106.136955   93.234238  56.738041
-103.722595   93.502861  56.376820
-100.912247   93.856781  56.165253
-97.999718   94.332649  55.632683
-94.942635   95.118225  54.768383
-91.019424   95.847488  54.126690
-87.150665   96.736458  53.555229
-83.152580   97.764244  52.542980
-78.576752   98.693787  51.308655
-74.126991   99.608734  50.118843
-69.228256   100.749565  48.115910
-64.342651   101.539856  47.047920
-58.811890   102.355545  45.605530
-52.982494   104.277061  42.928082
-46.687115   106.159569  41.110394
-40.863289   107.578369  39.708771
-34.342030   109.144173  38.372475
-27.712826   110.399323  37.092976
-20.834755   112.027092  35.699863
-13.833432   113.770180  34.086609
-6.886478   115.367271  32.914982
0.166274   116.990501  31.656584
7.335850   118.643036  30.314693
14.438144   120.350685  29.305693
21.591394   122.216614  27.880518
28.601233   124.375435  26.187473
35.334877   126.359940  25.410271
41.854504   128.808197  24.977163
48.470028   130.953064  24.394220
54.451698   133.593399  23.500059
60.516178   136.065765  22.535130
66.494888   138.333145  22.088869
69.895454   139.770752  21.890919
76.458679   142.415955  22.036695
82.295540   144.500427  21.834013
88.121460   146.955292  21.901136
93.556847   149.696625  21.646101
98.434952   151.891983  21.428352
103.204216   154.121582  21.187336
107.730919   156.528122  21.140928
111.181541   157.992844  21.163109
115.916832   160.691284  21.230877
120.333038   162.857910  21.261606
122.196152   163.903976  21.340902
126.536850   167.016953  21.244581
130.566330   169.745239  21.007540
134.199524   172.883209  21.025902
137.341278   175.146957  20.912645
140.066193   177.343460  21.169683
143.154480   179.990036  21.476946
145.267593   181.846710  22.272264
147.267166   183.954666  22.821669
148.400284   184.973785  23.159840
149.723999   186.588348  23.266058
150.865784   187.903992  23.656082
151.929230   189.070526  23.769859
152.848907   190.079788  23.751337
153.767197   191.170502  24.146612
154.921112   192.199646  24.565149
155.384766   192.792862  24.701303
156.048370   193.842590  25.138973
156.560989   194.647263  25.548866
156.980499   195.118805  25.806725
157.318970   195.484665  25.907522
157.632553   195.938965  25.972448
157.870316   196.267242  26.075613
158.085541   196.305954  26.095158
158.180496   196.352783  26.195690
158.321381   196.237091  26.267389
158.505234   196.081909  26.489063
158.740204   195.835861  26.903582
158.804199   195.331955  27.160810
158.816299   194.515900  27.190941
158.743912   193.624481  27.294996
158.527283   192.494354  27.337057
158.477066   191.282135  27.266317
158.242905   189.678864  27.038074
158.099991   187.826965  26.856239
158.026794   185.843750  26.581980
157.923111   183.735977  26.243917
157.940140   181.142914  25.652485
158.192978   178.645584  25.108618
157.905075   176.345215  24.662777
157.739777   173.893677  24.653103
157.489929   171.017838  24.892765
157.746567   168.735779  25.810287
157.727325   166.700562  26.198238
156.305145   163.133713  25.953979
155.708084   160.433456  25.850176
155.115753   156.598877  26.657469
154.952484   153.136765  27.037140
155.035538   149.849686  27.565023
156.388504   147.256912  28.518169
157.248917   144.713287  28.548687
157.986252   142.292953  28.656517
158.154037   139.253525  28.395645
158.740997   135.445709  28.205524
158.501526   130.602264  26.970333
159.218369   125.687737  25.692923
160.119370   121.301926  24.858637
160.604370   117.286713  24.532639
159.619644   111.901199  23.289461
158.720566   109.120407  23.804857
135.730270   104.191620  35.365719
163.390717   109.069832  39.580849
157.466507   103.177788  38.391533
153.037109   97.709961  39.323013
150.185852   92.476402  40.371113
150.629761   89.528046  42.277515
151.516296   87.452835  43.648609
151.392578   85.317444  44.175190
