-52.765400  174.888306  39.689873
-53.055408  175.014297  39.491825
-53.030777  175.007156  39.639809
-53.003082  174.936707  39.780708
-53.030350  174.874329  39.786549
-52.991421  174.965912  39.712898
-52.902691  175.087326  39.678707
-52.867756  175.190460  39.555271
-52.861145  175.243271  39.451889
-52.853996  175.303101  39.361897
-52.855251  175.390320  39.269756
-52.822304  175.399750  39.241070
-52.793644  175.429153  39.219826
-52.721943  175.267075  39.400379
-52.699211  175.093353  39.529156
-52.662586  174.980408  39.611103
-52.612419  174.958481  39.660240
-52.574657  174.934036  39.702000
-52.771572  174.776123  39.429455
-52.894650  174.764694  39.266140
-52.989601  174.761154  39.133778
-53.030281  174.896851  39.007240
-53.029346  175.054016  38.884575
-53.050629  175.113998  38.783104
-53.414631  174.618347  38.307072
-53.690746  174.283905  37.928310
-53.836288  173.990051  37.723034
-53.770031  173.926254  37.685543
-53.801102  173.782700  37.513020
-53.941906  173.518814  37.125374
-54.010838  173.412613  36.817245
-54.033497  173.406281  36.710964
-54.026882  173.511749  36.646103
-54.054703  173.406784  36.537563
-54.055325  173.219986  36.382973
-54.017441  173.108093  36.278248
-54.012260  173.010208  36.187477
-53.960251  173.010849  36.131126
-53.931152  172.994781  36.073780
-53.901016  172.966400  36.018066
-53.886127  172.929321  35.955944
-53.864994  172.932220  35.903427
-53.833439  172.968918  35.861256
-53.873474  172.889725  36.047565
-53.931076  172.800003  36.213631
-54.034409  172.542160  36.365746
-54.091324  172.278183  36.392628
-54.108555  172.119858  36.381886
-54.149540  171.953506  36.322010
-54.161228  171.723938  36.325607
-54.175884  171.455048  36.347237
-54.209732  171.210571  36.367214
-54.181133  170.841782  36.595264
-54.217529  170.583939  36.657272
-54.202621  170.436386  36.699692
-54.158356  170.224548  36.727440
-54.123371  169.892212  36.722092
-54.131439  169.221222  36.231617
-54.144772  168.751633  35.781857
-54.021263  168.498550  35.310001
-53.798923  168.209778  34.902832
-53.641869  167.879242  34.652061
-53.531395  167.495270  34.456539
-53.281475  167.478729  34.007641
-53.246399  167.515015  33.433640
-53.199425  167.323898  33.091702
-53.054008  167.046967  32.934624
-52.925323  166.737656  32.828434
-52.540527  166.914780  32.619671
-52.256283  166.958496  32.494335
-51.997955  167.077652  32.175961
-51.801319  167.149643  31.942631
-51.729141  167.403229  31.821039
-51.599438  168.486374  31.642384
-51.356670  169.551743  31.636595
-50.980175  171.185852  31.926395
-50.348015  173.474625  32.087044
-49.682194  175.938538  32.124126
-48.852928  178.323883  32.122547
-48.189114  181.385239  32.072220
-47.637276  185.223465  32.916817
-47.106594  187.870316  33.512840
-45.924267  191.285278  34.860561
-45.004196  193.689102  35.649170
-43.512775  196.783981  36.438480
-42.275078  199.722794  36.984222
-41.032585  202.285843  37.503696
-39.753922  204.489578  37.183239
-38.657249  207.052536  37.005970
-37.399826  209.911926  36.538048
-36.362190  212.552322  36.408237
-35.373169  215.352005  35.287891
-34.449333  217.332001  34.714176
-33.519184  219.219437  34.683754
-32.525085  220.962265  34.676426
-29.670210  225.629120  35.172024
-29.071939  226.466599  35.222107
-28.169575  228.152649  35.412399
-27.383659  229.545914  35.448299
-26.682182  230.756927  35.536194
-26.171297  231.658600  35.716053
-25.468674  232.683441  35.778183
-24.784817  233.424301  35.760376
-24.027618  234.303711  35.810970
-23.479605  235.144424  35.914413
-23.002872  235.739197  35.956787
-22.567865  236.372147  36.037563
-22.174162  236.601654  35.848877
-21.872990  236.666016  35.650928
-21.592897  236.802292  35.518452
-21.377872  236.774567  35.409134
-21.160639  236.665802  35.266727
-20.949028  236.542633  35.085949
-20.652678  236.494171  34.928158
-20.342201  236.235352  34.682957
-20.057991  235.318680  33.963306
-19.466850  234.344833  33.097187
-19.164694  233.206024  32.315014
-18.771013  231.804153  31.603542
-18.415285  229.682297  30.599751
-17.926760  227.330490  29.708353
-17.666668  224.123138  28.505789
-17.520142  220.705765  27.414219
-17.367285  217.061554  26.228281
-17.428547  213.399933  25.092747
-17.325705  209.583054  24.202433
-17.417437  205.866653  23.229939
-18.051802  201.170700  20.978952
-18.257454  197.715225  20.008568
-18.192022  194.523026  19.465208
-18.159822  191.087997  19.262630
-18.237036  187.188354  18.791431
-18.046904  183.293640  18.594809
-18.045042  179.206833  17.628906
-17.781363  175.903580  17.174114
-17.678284  172.944214  16.970839
-17.601616  170.398727  16.961630
-17.198147  167.792328  17.084114
-16.632284  164.701126  16.854483
-16.178213  162.226837  16.665230
-15.955782  160.465210  16.648958
-15.887916  159.536270  16.660704
-15.862257  158.835999  16.615492
-15.840919  158.518082  16.541775
-15.943727  158.294601  16.515833
-16.152340  158.298920  16.452368
-16.394304  158.344360  16.426031
-16.632256  158.542053  16.497757
-17.102268  159.197876  16.640076
-18.178217  160.171219  17.122368
-19.120384  161.431076  17.471178
-20.396374  162.882538  17.940729
-22.146442  164.670349  18.479336
-23.783815  166.437073  18.991146
-25.681063  168.287064  19.596878
-28.594908  169.613007  20.920502
-30.705587  171.999161  21.727125
-33.049137  173.118118  23.196642
-35.497604  174.005569  25.020372
-37.671951  175.231064  26.181866
-39.229183  176.102005  26.937258
-40.707973  176.616882  27.760532
-44.230225  176.638184  29.975193
-47.207626  176.874893  31.621346
-49.768772  177.487640  32.969688
-51.702286  178.227829  34.031429
-53.439346  179.031769  34.466110
-54.670773  178.943756  35.219620
-55.809456  178.764664  35.906898
-56.725178  178.533737  36.349453
-57.650440  178.152817  35.817234
-58.285690  177.817352  35.475883
-58.877731  177.953568  35.086876
-59.227322  177.768982  34.410530
-59.028057  177.967911  33.681099
-58.609402  177.844315  33.189453
-58.027622  177.843246  32.841846
-57.319221  177.783325  32.465981
-56.143326  177.116211  31.307198
-54.366848  176.692749  30.234478
-52.308933  177.078934  28.813601
-50.132263  177.098053  27.722025
-47.960228  177.553589  26.664612
-45.607197  178.100693  25.754740
-42.513515  178.968567  25.150793
-39.552319  179.626419  24.520905
-37.036850  180.235764  23.383152
-34.856228  180.761536  22.432800
-32.117630  181.195206  21.391546
-29.683878  181.582764  20.495327
-27.371885  181.978638  19.600206
-25.332523  182.266861  18.798443
-23.384331  182.404968  18.282888
-21.420811  182.313690  17.591347
-19.606863  182.363922  17.018623
-17.829872  181.848343  16.213852
-16.366938  181.535782  15.542096
-15.344386  180.969269  15.036566
-14.521832  180.504730  14.707555
-13.724817  179.947449  14.195181
-13.106299  179.402542  13.748978
-12.593137  178.662109  13.345159
-12.185855  177.978287  13.096447
-11.822910  177.020065  12.689427
-11.599152  175.849060  12.297874
-11.345881  174.594711  11.980045
-11.197278  173.677963  11.923482
-11.228299  172.857086  12.058035
-11.373617  172.169815  12.272227
-11.627285  171.566452  12.527128
-11.934496  170.880280  12.893051
-12.165908  170.295746  13.154400
-12.405153  169.864334  13.307095
-12.600664  169.541367  13.408332
-12.818971  169.158188  13.311534
-12.987616  168.924683  13.236416
-13.132607  168.888489  13.208975
-13.257612  168.822372  13.194491
-13.354507  168.817307  13.149165
-13.495564  170.171387  13.160305
-13.559234  170.535446  13.178151
-13.799549  171.781143  13.023882
-14.011221  173.308990  12.720851
-14.195753  174.577515  12.474898
-14.311578  175.705170  12.289554
-14.298616  177.088837  12.428406
-14.252475  178.689148  12.649311
-14.323379  180.347336  12.445666
-14.388531  182.112686  12.637057
-14.370916  184.330551  13.108984
-14.230510  186.698181  13.693649
-13.917464  189.210754  14.071886
-13.721095  191.367905  14.510885
-13.278479  193.911865  15.195435
-12.950196  196.040863  15.736777
-12.678683  197.905273  15.879256
-12.603016  199.404694  16.137564
-12.776662  200.715393  16.434397
-12.848206  202.007309  17.015114
-13.277831  203.323013  17.633759
-13.774296  204.678757  18.162889
-14.106771  205.840576  18.544552
-14.377158  206.616837  18.844330
-14.603192  207.329773  19.084532
-14.823314  208.235291  19.238897
-15.069277  209.314163  19.387135
-15.240723  210.616989  19.625267
-15.407720  212.035477  19.803404
-15.405155  213.260818  19.946125
-15.310130  214.572159  20.266701
-15.132660  215.539795  20.461342
-14.889130  216.675293  20.673290
-14.426091  217.988281  20.903193
-13.639938  219.246231  21.033495
-12.666814  220.737213  21.317156
-11.402091  221.675812  21.435286
-9.781282  222.592529  20.938210
-8.683947  222.844696  20.544230
-6.719774  223.049500  19.800259
-4.984649  222.999283  19.228729
-3.162518  222.923584  18.746195
-1.401497  222.546021  18.176718
0.246697  221.729462  17.525080
1.901696  220.855606  16.478893
3.687103  219.959991  15.565603
5.235336  218.273727  14.498050
6.841835  217.062790  13.859525
9.077250  215.337265  12.615008
11.164152  211.760864  9.661139
12.773319  209.467239  8.339721
13.902096  206.827515  7.230362
14.658822  204.474396  6.429162
15.533617  201.840836  5.670807
16.619717  198.504211  4.737651
17.425550  195.095917  4.368662
17.879589  192.386368  4.126518
18.140568  189.202789  3.580664
17.674381  186.590256  3.422134
16.889709  183.928833  3.544033
16.036907  181.903549  3.787460
14.666694  179.997269  4.089631
12.947073  177.511551  4.087312
11.067430  175.437683  4.575070
8.998887  173.585770  5.046160
7.264086  172.126694  5.462274
5.328887  170.343658  6.010627
3.267904  168.554276  6.660329
1.182304  166.984909  7.325766
-1.214764  165.906784  8.735310
-3.685843  163.945511  10.038070
-5.866473  163.109665  11.038832
-8.212601  162.604645  11.843977
-10.463752  162.065948  12.488461
-12.542272  161.495529  12.968626
-14.249127  160.950012  13.186789
-16.062014  160.331039  13.203963
-17.409765  160.047211  13.328564
-18.820160  160.167175  13.506678
-19.988211  160.476730  13.679625
-20.977976  160.877289  13.830626
-21.881090  161.603546  13.990845
-22.538462  162.237778  14.106995
-22.962627  162.774323  14.187506
-23.244877  163.252731  14.228181
-23.499920  163.981201  14.315019
-23.781517  164.787918  14.393552
-24.181337  165.619568  14.696845
-24.515123  166.391357  14.965338
-24.547926  167.103210  15.115851
-24.414505  167.854736  15.315902
-24.145908  168.744675  15.553180
-23.831512  169.327057  15.756689
-23.503725  169.926239  15.928651
-23.139673  170.418365  16.051651
-22.797361  170.527679  16.030066
-22.304333  170.969513  16.131683
-21.820889  171.501114  16.312355
-21.154022  171.121689  16.908100
-20.665182  171.218140  17.237473
-20.454401  171.045853  17.001219
-20.227821  171.239136  17.025774
-19.972668  171.364624  17.065153
-19.736347  171.472977  17.089621
-19.521862  171.507050  17.027096
-19.397301  171.496323  17.009106
-19.293480  171.468491  16.994806
-19.099815  171.469986  16.987303
-18.929743  171.438461  16.993326
-18.784887  171.397781  17.006844
-18.592218  171.443466  17.114691
-18.429945  171.476563  17.225101
-18.415211  171.392319  17.339363
-18.377630  171.252396  17.421082
-18.324762  171.132202  17.478868
-18.268848  170.980896  17.529821
-18.220837  170.858780  17.597246
-18.191761  170.783157  17.720247
-18.132742  170.682648  17.912273
-18.083782  170.581024  18.068802
-18.043812  170.482162  18.178215
-18.006710  170.358322  18.266668
-17.946043  170.248871  18.344198
-17.926811  170.081512  18.356380
-17.916428  170.016190  18.403673
-17.884022  169.938568  18.412081
-17.873207  169.888153  18.414171
-17.863504  169.858597  18.412733
-17.838284  169.806885  18.410082
-17.811178  169.747650  18.407650
-17.805008  169.654846  18.406033
-17.802006  169.565216  18.409128
-17.856598  169.511993  18.410290
-17.896542  169.428055  18.420984
-17.920052  169.333237  18.430281
-17.915695  169.245422  18.440414
-17.904430  169.187561  18.446703
-17.904551  169.204422  18.457172
-17.902510  169.214142  18.467596
-17.888233  169.236923  18.465345
-17.873035  169.252884  18.463345
-17.834738  169.305511  18.460251
-17.799614  169.349884  18.457903
-17.758720  169.392044  18.446878
-17.720104  169.414291  18.438284
-17.686247  169.392822  18.435366
-17.627430  169.329330  18.393822
-17.614141  169.250916  18.394012
-17.604734  169.232086  18.393085
-17.598711  169.214905  18.392647
-17.595610  169.216339  18.390644
-17.590385  169.213516  18.389349
-17.581938  169.187943  18.389847
-17.570185  169.179398  18.385134
-17.622807  169.247406  18.294765
-17.654390  169.363800  18.224955
-17.679497  169.464188  18.189157
-17.719730  169.606949  18.124510
-17.750406  169.700806  18.094469
-17.762850  169.750687  18.082771
-17.762934  169.780426  18.093100
-17.753649  169.820709  18.107981
-17.764944  169.942261  18.117132
-17.755331  169.989716  18.135147
-17.740334  170.024139  18.152819
-17.725819  170.093140  18.179647
-17.708961  170.186447  18.220627
-17.687414  170.307449  18.273108
-17.623682  170.520920  18.386541
-17.583876  170.575500  18.417309
-17.542246  170.661972  18.467863
-17.504036  170.727844  18.517891
-17.528673  170.858414  18.587816
-17.583820  170.873001  18.546741
-17.567596  170.889435  18.586203
-17.547361  170.937363  18.622141
-17.511650  170.940155  18.620287
-17.469028  170.965302  18.619232
-17.445707  170.987350  18.632181
-17.421400  171.020172  18.656086
-17.429157  171.063644  18.714525
-17.460926  170.965256  18.783867
-17.467264  170.936157  18.855663
-17.454678  170.984329  18.916889
-17.443548  171.026535  18.967808
-17.412323  171.092712  19.031013
-17.240541  171.403885  19.165464
-17.106003  171.649048  19.260221
-17.019672  171.822433  19.325947
-17.101208  171.766495  19.266081
-17.203249  171.607346  19.170149
-17.243567  171.532776  19.131834
-17.267233  171.481689  19.108135
-17.265146  171.469498  19.108683
-17.266750  171.446533  19.108488
-17.269209  171.421906  19.108170
-17.268791  171.412827  19.108410
-17.194202  171.524704  19.169678
-17.106070  171.636322  19.212763
-17.054806  171.721405  19.251984
-17.040224  171.708038  19.272469
-17.035416  171.684235  19.292908
-17.025005  171.638992  19.296833
-17.025839  171.600098  19.300913
-17.023972  171.563705  19.316425
-17.021816  171.531586  19.328991
-17.017534  171.511490  19.345474
-17.002541  171.495575  19.349161
-16.999491  171.494125  19.360588
-16.989336  171.468628  19.364212
-16.986258  171.417618  19.372805
-16.993876  171.390442  19.381372
-16.998898  171.331314  19.389477
-16.998699  171.267822  19.395826
-16.989382  171.219742  19.415960
-16.980743  171.149612  19.428213
-16.968578  171.028137  19.443047
-16.963394  170.924835  19.463556
-16.952744  170.817307  19.484655
-17.047272  170.792221  19.496473
-17.116642  170.788345  19.512636
-17.193848  170.813873  19.582987
-17.277084  170.905533  19.715120
-17.280014  170.902634  19.763140
-17.271818  170.896698  19.787247
-17.267294  170.876572  19.802025
-17.272411  170.866364  19.819103
-17.428944  170.874023  19.958813
-17.820042  170.925156  20.367609
-18.169765  170.986053  20.768831
-18.008366  171.097626  20.847958
-17.904079  171.189651  20.862160
-17.856903  171.248306  20.874920
-17.812084  171.278091  20.895229
-17.770348  171.249283  20.878153
-17.753187  171.207794  20.877050
-17.743303  171.178864  20.875502
-17.657114  171.191696  20.889040
-17.578211  171.191010  20.879789
-17.545540  171.218674  20.871540
-17.540621  171.209167  20.871000
-17.530550  171.238632  20.888899
-17.471704  171.369827  20.936607
-17.431185  171.446198  20.967125
-17.425665  171.464478  20.991716
-17.415831  171.456863  20.989511
-17.396082  171.454117  20.968872
-17.378492  171.445908  20.951580
-17.370594  171.431534  20.949398
-17.365353  171.416275  20.947500
