-93.729118   236.723175  -68.263466
-93.799889   236.747620  -68.206734
-93.885559   236.783051  -68.099030
-93.961433   236.822693  -68.009270
-94.094391   236.923080  -67.936562
-94.129623   236.943146  -67.914818
-94.221466   236.978012  -67.856873
-94.348495   237.028000  -67.756378
-94.459457   237.071350  -67.657158
-94.548203   237.106064  -67.580307
-94.632339   237.142288  -67.476585
-94.740707   237.126648  -67.345718
-94.770691   237.107132  -67.306641
-94.821945   237.025116  -67.229370
-94.859207   236.928619  -67.139503
-94.894760   236.839005  -67.062485
-94.928955   236.735748  -66.994789
-94.934494   236.613464  -66.937416
-94.948410   236.469559  -66.884544
-94.958092   236.341644  -66.836052
-94.960457   236.234558  -66.793411
-94.967461   236.122177  -66.753372
-94.964058   236.010880  -66.714699
-94.949669   235.883240  -66.660652
-94.931740   235.745819  -66.604202
-94.922325   235.546310  -66.536667
-94.914093   235.302521  -66.444862
-94.898911   234.989502  -66.349403
-94.891479   234.700119  -66.263802
-94.864441   234.431305  -66.181290
-94.830421   234.219925  -66.113831
-94.777405   234.078033  -66.051346
-94.740387   233.953644  -66.021072
-94.695686   233.916794  -66.002296
-94.622688   233.883347  -65.996468
-94.540726   233.911789  -66.006943
-94.433952   234.044983  -66.177620
-94.285774   234.518616  -66.359825
-94.055618   235.148392  -66.645950
-93.690292   236.543015  -67.399559
-93.343567   238.431900  -68.476624
-93.055794   240.543320  -69.424843
-92.549446   243.065582  -70.447243
-92.159958   245.704849  -71.279518
-91.628029   249.484802  -72.480049
-91.129883   253.069260  -73.774696
-90.723907   256.841827  -74.973679
-90.044601   261.357758  -76.395905
-89.528595   266.235413  -77.379501
-89.028450   270.702515  -78.113197
-88.706970   275.579956  -78.746323
-87.977600   280.206970  -79.032837
-87.533913   285.681244  -79.152367
-87.011940   291.434143  -79.258171
-86.291473   296.729919  -79.090530
-85.658813   302.045227  -79.328461
-84.516365   307.380005  -78.957054
-83.930977   312.429871  -78.806618
-83.490265   317.331848  -78.932930
-83.788521   322.260315  -79.467728
-84.326630   327.576111  -80.791840
-85.077919   332.406067  -82.154404
-85.012939   337.933502  -83.843109
-84.675987   342.760590  -84.751709
-83.943970   347.024170  -85.315987
-83.397278   350.617706  -86.021935
-82.796799   353.574738  -86.421204
-83.007111   356.232117  -86.673309
-82.725517   358.828644  -86.460106
-81.749626   361.214325  -86.368843
-81.173241   362.809265  -86.617294
-80.275169   364.032257  -86.993019
-79.764191   364.743286  -87.387817
-79.141060   365.012390  -87.761436
-78.287491   365.275848  -87.988007
-77.535271   365.550781  -88.204338
-76.779907   365.476868  -88.436905
-76.101418   365.247101  -88.712059
-74.924400   364.277985  -89.266556
-72.684319   361.280518  -90.266777
-70.384644   358.495209  -91.116158
-67.916115   354.499176  -91.282349
-66.364059   351.655090  -91.558281
-65.264244   337.511627  -78.299416
-65.405411   328.549652  -72.931808
-64.658783   322.269348  -70.320267
-63.522533   316.019470  -68.681129
-62.581676   309.491333  -67.296722
-62.308357   302.840027  -65.921425
-61.849922   296.792511  -64.449463
-61.189659   289.801941  -62.921295
-60.246037   283.133057  -60.964790
-59.486698   276.803772  -59.279610
-58.632301   270.535034  -57.668110
-57.191605   263.933502  -55.877102
-56.178764   258.191040  -54.357414
-55.343987   253.023071  -53.475807
-54.198578   247.743271  -52.290802
-53.081917   242.520416  -51.325954
-51.982803   238.247360  -50.306568
-50.859062   233.839752  -49.398232
-48.835873   226.459183  -48.032894
-47.979511   224.508728  -47.692482
-47.301662   223.063782  -47.354210
-46.782623   221.859512  -47.121876
-46.261318   220.925293  -46.963387
-45.866211   220.428635  -46.960251
-45.616669   220.339569  -46.966843
-45.401638   220.418793  -47.028072
-45.179962   220.697037  -47.166832
-44.993481   221.531281  -47.588436
-44.825565   222.973953  -48.283279
-44.522972   224.918152  -49.102703
-44.422569   227.398193  -50.014465
-44.482121   230.459763  -50.718967
-44.911041   234.165039  -51.484970
-45.133957   236.971832  -51.979374
-45.479527   240.473526  -52.375713
-45.913830   244.098145  -52.673286
-47.111916   249.087357  -52.947788
-48.475197   253.704285  -52.825558
-50.147484   258.413116  -52.322529
-52.190575   263.516876  -52.318050
-54.053139   268.129883  -52.534260
-55.699390   272.128113  -52.788761
-57.836094   276.358337  -53.007000
-65.035088   285.344482  -53.980915
-67.326790   287.507965  -54.308601
-69.927811   289.865814  -54.547432
-72.631119   291.743164  -54.669811
-75.456711   294.093903  -54.787205
-78.400314   295.525574  -54.875370
-81.455734   296.458130  -54.857521
-84.717773   297.545929  -54.771622
-88.425713   298.198029  -54.465981
-91.384193   298.725555  -54.202885
-93.753212   298.932343  -53.462784
-95.667381   298.695404  -52.813160
-97.054749   298.225739  -52.150028
-99.287460   297.611267  -51.745571
-100.706116   297.012115  -51.524288
-102.136711   295.883606  -51.459724
-103.531311   294.264008  -51.506516
-104.673958   292.405243  -51.611019
-105.321289   289.301849  -52.046722
-105.632652   286.905365  -52.315125
-105.808144   284.050018  -52.891956
-105.595497   280.358734  -53.675991
-104.542137   276.081268  -54.514557
-103.300110   272.115173  -55.045712
-101.715897   268.309845  -55.828709
-99.675713   265.768280  -56.377853
-97.125130   263.023468  -56.079063
-94.323967   260.934296  -55.929295
-91.385345   259.732941  -55.783527
-87.171059   257.587463  -55.241474
-83.320480   256.137848  -54.837582
-78.970490   254.344254  -54.346970
-74.411377   252.716949  -53.776909
-70.246628   251.718521  -53.596172
-65.986191   250.882568  -53.461155
-61.609787   249.927582  -53.247959
-57.517075   249.648865  -53.298061
-45.951832   249.628815  -53.868988
-45.851032   249.637436  -53.875881
-42.577141   250.184433  -54.265652
-39.017841   250.569580  -56.755222
-35.111034   250.944611  -58.077335
-31.472729   251.501526  -59.135479
-28.511435   252.534317  -59.461472
-26.089197   253.271530  -60.368626
-23.818317   253.950302  -61.201538
-21.732761   254.731018  -61.971962
-19.447922   255.745224  -62.479656
-17.748528   256.840851  -63.145309
-16.420404   258.745728  -63.914047
-15.104408   260.261627  -64.489632
-14.064535   261.809662  -65.013428
-13.170829   263.740143  -65.751976
-12.543421   265.875519  -66.022972
-12.069077   267.976349  -66.430435
-11.656542   270.401825  -66.530876
-11.434880   272.472900  -66.641525
-11.242400   273.781708  -66.726944
-11.084360   275.051483  -66.787582
-11.399284   276.674133  -67.344002
-11.513264   277.907532  -67.708511
-11.432268   279.143677  -68.019676
-11.334375   280.879913  -69.138466
-11.154039   282.132874  -69.851784
-10.938088   282.935852  -70.233444
-10.697253   283.465454  -70.643204
-10.453058   283.871155  -70.922539
-10.121348   283.932159  -71.319962
-9.516837   283.445282  -71.932068
-8.855175   282.792267  -72.545784
-7.789223   281.711060  -73.108009
-6.087179   280.022858  -73.817528
-4.191739   276.891663  -74.354607
-2.275325   274.244904  -74.862343
-0.269016   271.432434  -75.712090
2.042704   268.026794  -76.246513
4.234574   264.442780  -76.705635
6.043931   260.753632  -76.668114
7.843996   257.321655  -77.300224
9.898705   252.780991  -77.531227
11.693638   248.438812  -77.467995
13.168503   244.234604  -77.401825
15.064417   240.235703  -76.803459
16.475784   235.341385  -76.249245
18.024605   230.655457  -75.722000
19.729137   225.709991  -74.086899
20.820673   221.202377  -72.315216
21.708452   217.478241  -70.737900
22.384090   213.744781  -69.934380
22.788260   209.802628  -69.120750
23.393980   207.035004  -68.438759
23.716827   203.377487  -67.726372
23.997389   199.702820  -66.781960
24.216635   197.247345  -65.951424
24.518457   195.042770  -64.123894
24.319025   193.013687  -62.652496
23.773445   191.414963  -61.775757
22.992693   189.996063  -61.122242
22.079550   188.983292  -60.644241
21.148224   188.274368  -60.210510
20.068371   187.889633  -60.005154
18.293381   188.228241  -59.423771
16.283480   189.077377  -58.746960
14.235237   190.417419  -58.217476
12.573602   192.197739  -58.149986
11.182220   194.135818  -58.299404
9.848389   196.831573  -58.602406
8.783719   200.408493  -58.285603
8.213179   203.825317  -58.380947
7.690243   207.144348  -58.773121
7.047948   210.749161  -60.361069
6.711928   213.412979  -61.620853
6.580739   215.130600  -62.389183
6.567115   218.852646  -63.998779
6.922683   222.989166  -65.235268
7.379609   228.249939  -66.264565
8.272713   233.454208  -67.070808
9.496483   238.140396  -67.825378
10.904188   243.217224  -68.291496
12.651221   248.234711  -68.595383
14.317165   252.667068  -68.830452
16.044390   256.567230  -68.630180
17.747801   260.222931  -68.879021
19.442926   264.263855  -69.078232
23.553543   272.867462  -69.479248
24.227325   274.452057  -69.644455
25.190802   276.089142  -69.587265
26.081217   277.401764  -69.539886
26.694101   278.861450  -69.484314
27.717648   281.027435  -68.887192
28.236059   282.564636  -68.543678
28.470905   283.724670  -68.338844
28.594160   284.850159  -67.912354
28.786625   285.617371  -67.496178
28.947945   286.117279  -67.165237
29.213133   286.133514  -66.530159
29.651228   285.678284  -65.647758
30.535553   284.880951  -64.711258
31.750023   283.613037  -64.092186
33.166374   281.831818  -63.526314
34.863705   280.172180  -63.104729
36.474979   278.041656  -62.879589
38.175156   276.178436  -62.839878
40.189358   273.815948  -62.852406
42.051743   271.820740  -62.980713
43.822643   269.657562  -63.162796
45.497517   267.930298  -63.278603
47.028919   266.713013  -63.410492
48.539009   265.917572  -63.554642
49.789455   265.400665  -63.671871
50.914288   265.222290  -63.905308
51.988823   265.409576  -64.269318
52.871948   265.748871  -64.613251
53.803921   266.183960  -64.422333
54.563530   266.690369  -64.208893
55.084091   267.597839  -64.070480
55.535847   269.672211  -63.701229
55.711742   271.783600  -63.424297
55.679092   273.705933  -63.222286
55.507931   275.221619  -62.702866
55.045399   277.107971  -62.423939
54.322620   279.539795  -62.245026
53.270504   280.929749  -62.235203
52.576038   281.553772  -62.243477
51.681892   282.040314  -62.356499
50.203949   282.723450  -62.828156
48.705242   283.117310  -63.251434
46.823147   282.830414  -63.817993
44.795029   281.863495  -64.393387
42.926048   280.915192  -64.723907
40.661327   279.010223  -64.409721
38.354706   276.466583  -63.778477
36.334377   273.945892  -63.641151
34.489258   270.277130  -63.627861
32.437553   265.972961  -63.462574
31.078714   261.449554  -63.600334
30.026888   257.179352  -63.603149
29.122150   252.416840  -63.205997
28.535416   246.839676  -62.819725
28.264107   240.845978  -62.094242
28.424900   234.905289  -61.531029
28.586952   229.490601  -60.693916
29.545185   223.922134  -60.058544
30.103559   220.131790  -59.651993
30.786877   216.726486  -59.311852
32.005409   213.709167  -59.263691
33.432461   210.821671  -59.263691
35.155930   208.795334  -59.403904
36.728729   207.223495  -59.485229
38.272060   206.292877  -59.764099
39.867916   205.889069  -59.989311
41.904957   205.696854  -60.421322
44.280743   205.791046  -60.968155
46.309296   206.044632  -61.581249
48.759979   206.289627  -63.018505
50.793045   207.316223  -64.153694
52.242168   209.212280  -65.311127
53.689701   211.217667  -66.040741
55.323009   214.971359  -66.836411
57.001980   218.443359  -67.465485
58.075958   222.071915  -68.211327
59.553452   226.758636  -68.497200
60.241493   231.874054  -68.999435
60.407127   236.758331  -69.346001
60.642384   241.974014  -69.160706
60.801022   246.261795  -69.176224
60.596851   249.528122  -69.223900
60.203941   252.517731  -69.162811
59.908337   255.252060  -69.098152
59.613174   257.253906  -69.015091
59.444016   259.134216  -69.029686
59.178246   260.747314  -69.026978
58.995289   262.034668  -69.036209
58.735851   262.865936  -68.850021
58.626095   263.484680  -68.785522
58.692318   263.972565  -68.647530
58.653183   264.254578  -68.477188
58.554703   263.860413  -68.341179
58.206028   261.338654  -67.665024
58.336716   259.015442  -67.324081
58.517963   256.043915  -66.792015
59.006878   253.523026  -66.595505
59.525555   249.511002  -66.725372
59.872505   245.199738  -67.417976
59.979092   241.187897  -67.683105
59.989746   237.526703  -67.868607
59.809826   234.080582  -68.578926
60.109009   230.517990  -68.539474
60.141056   226.471710  -68.274277
60.046654   222.650970  -68.058472
60.136318   218.972809  -68.057167
60.117977   215.318161  -68.141785
60.330528   211.895874  -67.913101
60.342758   209.151062  -67.551987
60.502155   206.410767  -67.349304
60.944412   204.224579  -67.117500
61.509449   201.971039  -64.732620
61.770897   200.476227  -63.271477
61.888798   199.578110  -62.453678
62.290005   199.123703  -61.882439
62.426113   198.499344  -61.312939
62.696407   198.452545  -60.547295
62.801949   198.211105  -59.923882
62.900684   197.980804  -59.446098
63.145294   198.006226  -59.066921
63.378441   198.256454  -58.883572
63.933933   199.240219  -58.343155
64.728195   200.820450  -57.170795
65.176552   202.430695  -56.539757
65.608322   211.063766  -57.287727
65.845459   213.206909  -57.202389
65.854530   216.435211  -57.555912
65.854172   220.632034  -58.093170
65.604416   225.824371  -58.007534
65.737595   230.202850  -58.270153
66.156227   234.372131  -58.675766
66.413551   239.011887  -58.971214
67.064880   244.061234  -59.187500
68.135078   248.668533  -58.944580
68.919266   253.114655  -58.899029
69.886772   258.155823  -58.334507
70.891457   262.809204  -58.707241
71.565117   266.815826  -58.908051
72.299637   271.241852  -58.838718
72.272797   274.557587  -58.915691
72.445503   278.313873  -58.652229
73.285538   282.718414  -58.370640
73.189964   285.340454  -58.270042
73.119934   287.362030  -58.206306
72.987122   288.381134  -58.001312
72.887825   289.084808  -57.885021
72.894234   289.798706  -57.775951
73.006973   290.187561  -57.662960
73.117554   290.212616  -57.531727
73.467232   290.001495  -57.304688
74.114304   289.004089  -57.286144
74.853073   287.381348  -56.946690
75.926300   284.852295  -56.717125
76.864418   281.410156  -56.352116
77.765671   277.168945  -56.300278
78.283806   273.110352  -56.024483
78.421349   268.332916  -55.917847
78.602715   262.613312  -56.388268
78.792671   257.487030  -56.440666
79.415184   251.872406  -56.949318
79.982071   246.593521  -57.045589
80.722557   241.120468  -57.157345
81.703362   235.499771  -56.006500
81.346207   229.678940  -54.987133
81.228165   224.638382  -54.101147
81.989670   220.411972  -51.873333
82.726219   216.675034  -50.400890
83.098572   213.383453  -49.290142
83.544907   210.646042  -48.004421
84.337128   213.318756  -40.612492
84.885384   213.423965  -36.730751
85.642601   213.013168  -34.977604
86.092964   212.624191  -34.120296
86.607521   212.616974  -33.721134
87.413437   213.034088  -33.633663
88.470810   213.858139  -33.653355
89.775108   215.110992  -33.921364
91.104103   217.069077  -34.446430
92.526772   219.252411  -35.146511
93.826302   222.065125  -35.946617
95.303925   226.101776  -37.007851
96.717735   230.235184  -37.993473
97.576012   233.819748  -38.728275
98.376152   237.594269  -39.775963
99.077560   241.179153  -40.706295
99.541161   244.509247  -41.404293
99.805664   247.634537  -42.096638
100.161125   251.669891  -42.956314
100.365700   254.769669  -43.677498
100.605164   258.039429  -44.086170
100.726639   260.861023  -44.257973
100.638878   262.672974  -44.420528
100.515289   264.079285  -44.548248
100.429008   265.480774  -44.813583
100.322906   266.615479  -45.114162
100.252937   267.421082  -45.334835
100.199219   267.981598  -45.494667
100.157715   268.311310  -45.591618
100.112167   268.340240  -45.631531
100.082664   268.235474  -45.606380
100.203377   267.757874  -45.396847
100.419334   266.254028  -44.464478
100.785362   263.829254  -43.261806
101.286079   260.832794  -42.332943
101.717094   256.548950  -41.946499
102.210121   252.359528  -41.144352
102.614319   247.513611  -40.474861
102.943039   242.440445  -39.702450
103.160912   236.886780  -39.447899
103.467049   231.741882  -38.796715
103.699417   226.889404  -38.100021
104.069687   221.819122  -37.585373
104.380119   217.166824  -37.006680
104.603996   212.502319  -36.937176
104.862129   208.033035  -37.346405
105.232018   205.412155  -37.360493
105.453575   203.655975  -37.286694
105.563095   202.577698  -37.190426
105.654907   201.815659  -37.081249
105.680412   201.365814  -36.995934
105.687309   201.405640  -36.832695
105.639931   201.714813  -36.662594
105.486092   202.236481  -36.506374
105.048065   204.254898  -36.033783
104.437370   207.806747  -35.348366
103.378410   212.329575  -34.205711
102.349258   216.643265  -33.544422
101.464752   221.094101  -33.006424
100.556427   225.930832  -32.338070
99.841858   231.438492  -31.658836
98.793442   235.859421  -31.273489
97.784271   240.472458  -31.227909
96.905739   244.779175  -31.038137
96.142639   248.587906  -30.910500
95.531448   252.834930  -30.663172
94.848854   257.139160  -30.708542
93.942627   260.559875  -30.909689
93.108009   264.197296  -31.096769
93.353920   270.071808  -31.205877
92.813866   274.179779  -31.499926
91.986565   277.251068  -31.898996
90.803131   279.438141  -32.395447
89.659554   281.536285  -32.947006
88.687462   284.046326  -33.336292
88.019234   286.494049  -34.058678
87.443901   288.457764  -34.613976
87.103767   290.499268  -35.775627
86.564598   292.188812  -37.601589
86.391045   293.869568  -39.780075
85.682243   295.965973  -46.871498
85.822151   296.256012  -49.586117
86.063309   297.089600  -52.191784
86.379776   297.548279  -53.852348
86.589584   297.640228  -55.117935
86.814644   297.771759  -56.410294
87.004944   297.901947  -57.157482
87.288055   298.194489  -57.557667
87.464401   298.374298  -57.808182
87.585442   298.504211  -57.982517
87.697929   298.591644  -58.076092
87.833641   298.644104  -58.111588
88.145462   298.624481  -57.785522
88.243080   298.324707  -57.438385
88.613426   298.457672  -56.163433
88.501358   297.404633  -54.387711
88.549644   296.358917  -53.094021
88.370598   295.122803  -52.195572
88.199448   293.361450  -51.392128
88.484741   291.564087  -50.505806
88.821655   289.159180  -49.669956
89.342575   286.110779  -48.536388
90.055878   282.634857  -47.436550
90.969917   278.672272  -46.724846
91.660133   273.848419  -46.154110
92.600800   268.989136  -45.939896
93.844452   264.218933  -45.791000
95.228249   259.667511  -45.388664
96.379074   254.880539  -45.141830
97.557472   250.286026  -45.118378
98.414101   245.760025  -44.879784
99.139160   241.184265  -44.326313
99.778976   236.128250  -43.754250
100.101868   231.095932  -43.101158
100.345764   226.768463  -42.244644
100.557838   222.980453  -41.320732
101.000305   219.058746  -41.162762
101.005089   215.662338  -40.820591
100.858437   212.940872  -40.412884
100.592232   210.795273  -39.887543
100.281311   209.080063  -39.409973
99.932518   207.612747  -38.983234
99.550751   206.463409  -38.651493
99.158020   205.572678  -38.465595
98.713867   205.006409  -38.345963
98.247726   205.103653  -38.286144
97.871513   206.004852  -38.476494
97.466377   208.227417  -38.604736
97.078796   211.331909  -38.997189
97.016846   214.941513  -39.649837
97.093628   218.115921  -40.496002
97.363350   220.829559  -41.184288
97.701599   224.781891  -41.875153
98.149521   228.372604  -42.924511
99.043465   232.467941  -43.941551
99.662041   235.432388  -44.867123
100.145531   238.049652  -45.631542
101.240044   241.347870  -46.355156
102.030418   243.891724  -46.790813
103.012375   246.156708  -47.385456
103.833244   248.397354  -47.753193
104.872620   251.175720  -48.150028
106.202438   253.605911  -48.376511
107.885948   255.629669  -48.764908
109.064423   257.035065  -48.959892
110.339790   258.117096  -49.061218
111.928719   258.949310  -49.290287
114.000122   259.638733  -49.660507
116.155319   260.056366  -49.607262
118.136024   260.063690  -49.379292
119.667679   259.252045  -48.969761
121.127441   257.905518  -48.558609
122.567490   255.836166  -47.945000
124.080566   252.967361  -47.196064
125.276680   249.996658  -46.400463
126.042458   245.546875  -45.161968
126.606613   240.840286  -43.631737
126.547806   235.688431  -42.156502
126.784027   230.378571  -41.185921
126.856255   225.359543  -39.976845
127.208946   221.140823  -38.906357
127.420792   217.104309  -37.813534
127.583549   212.943405  -37.094528
127.520828   209.201309  -36.192699
127.838966   206.070984  -35.194969
128.415665   203.575195  -34.729431
128.991745   201.509949  -34.215645
129.591248   200.143646  -33.807060
130.029190   198.974335  -33.370770
130.566025   198.097961  -33.038586
131.011856   197.484283  -32.712906
131.607346   197.258499  -32.516838
132.320358   197.293991  -32.329113
133.057770   197.537491  -32.019966
134.404938   198.297897  -31.591238
135.845657   199.050095  -31.362993
137.380722   199.870590  -31.169979
142.239746   202.752838  -30.602182
142.270081   202.768661  -30.600834
143.987991   203.800812  -30.442223
145.643616   204.587463  -30.408392
147.092850   205.346329  -30.465570
148.503693   206.221069  -30.718102
149.567703   206.816544  -30.836752
151.363297   208.005417  -31.574194
152.660629   209.239685  -32.174152
154.305679   210.935715  -33.463997
155.558380   213.076187  -34.491020
156.550522   215.517227  -35.762249
157.104080   217.554764  -36.540699
157.624680   219.919022  -37.209362
157.856293   222.841858  -38.356083
157.662613   226.017609  -39.181637
157.132095   228.679398  -39.855377
156.062408   231.308624  -40.284145
155.010315   233.488220  -40.688335
154.041031   235.571701  -41.207619
152.751602   238.054398  -41.673046
151.248688   239.733154  -42.119450
149.602280   241.016296  -42.565411
147.861145   241.792618  -43.050880
146.042694   242.266693  -43.255436
144.065201   242.343384  -43.429867
141.916382   241.871658  -43.342468
135.290558   237.747650  -42.526722
133.942917   236.854523  -42.369156
132.257355   235.042282  -41.924286
130.204132   232.449036  -41.226646
128.202515   229.110718  -40.399323
126.311516   225.290573  -39.528721
125.102798   221.748230  -38.644520
124.305351   218.200150  -37.974319
123.487946   213.806412  -36.659161
123.285950   209.614914  -35.514626
123.548126   206.162445  -34.454025
124.149315   203.017212  -33.846039
124.790810   199.965576  -33.269001
125.713348   196.614258  -32.948616
126.537483   193.322235  -32.600914
127.623230   190.992844  -32.112202
129.042648   188.621780  -31.968941
130.525604   186.703476  -31.698923
131.858337   185.218552  -31.327826
133.327927   184.150604  -31.198786
134.786560   183.444962  -31.014303
136.689392   183.244293  -31.420193
138.274261   183.344833  -31.781933
139.656754   183.777908  -32.067394
140.940659   184.849182  -32.341232
143.300522   187.651535  -33.275517
145.153549   190.530746  -34.292324
147.027603   194.608139  -35.292725
148.897079   199.477295  -36.618946
150.177917   204.518921  -37.556240
151.189087   209.638458  -38.210228
151.818787   215.270966  -39.215813
152.895966   220.707977  -40.927315
153.601166   225.778748  -42.527546
154.323334   231.366486  -44.011009
155.040756   237.804489  -44.663239
155.656601   243.705902  -44.818542
156.074463   249.901810  -45.475571
156.880951   256.117706  -46.785660
157.381790   263.000824  -47.422318
157.604782   269.355164  -47.926826
158.117584   276.375763  -47.744022
158.861115   282.877289  -47.611614
159.302032   289.308960  -47.556747
159.174911   294.812012  -47.394123
159.511581   301.028992  -47.456970
160.163483   307.210480  -47.672684
159.999664   312.656677  -47.598766
159.605286   317.275360  -47.701904
159.973648   322.441559  -47.771061
159.993835   327.811829  -47.735229
160.190765   332.469116  -47.882778
160.403137   337.087646  -47.956551
159.882736   340.554413  -48.089230
160.249847   346.250214  -48.082748
160.171188   350.553040  -48.367516
159.701981   354.256958  -48.187332
159.148575   357.187103  -48.023048
158.668304   360.100067  -47.792816
158.206970   363.539825  -47.031116
157.658218   365.723450  -46.378349
157.382233   367.436920  -46.063232
157.159851   369.442535  -45.020622
156.941010   371.299042  -44.335030
156.575409   372.466400  -44.042297
156.300751   373.101898  -43.928307
156.088211   373.541595  -43.859562
155.856995   373.856689  -43.877472
155.639389   373.916809  -44.056408
155.387207   373.727905  -44.303501
155.072815   372.820496  -44.944031
153.158310   368.626190  -45.900452
151.779022   364.137482  -46.594086
151.040161   359.847748  -47.147678
150.236038   353.699890  -48.116364
149.677383   348.590363  -48.372280
149.002060   341.845276  -48.522106
148.683304   336.542755  -48.359592
148.187408   329.802521  -48.331303
147.886414   323.561646  -47.765228
147.716949   317.380737  -47.779793
147.846817   311.304901  -46.916573
147.921906   304.986298  -46.899200
148.612976   299.415741  -46.827911
148.914413   292.356720  -47.213413
149.187607   284.974396  -47.032887
149.985794   277.696320  -47.283173
150.183731   270.286499  -46.874798
150.689407   263.096771  -46.368259
151.154633   255.751740  -45.523571
152.253265   248.846085  -45.517841
152.940369   242.025558  -45.160267
153.987457   235.854431  -44.554569
155.143112   229.671204  -44.086132
156.096603   223.215286  -44.249073
157.095047   217.738602  -43.378815
158.184845   212.016357  -43.254631
159.358139   206.894974  -42.627396
160.846176   202.460648  -42.747173
161.666611   198.535767  -41.620113
162.696411   195.368668  -40.662914
163.724564   192.878830  -40.088688
164.485992   190.500214  -39.565033
165.304001   188.077469  -39.600193
165.745544   185.914032  -39.289745
166.206131   184.193207  -38.958385
166.461105   182.647766  -38.547974
166.716064   181.355194  -38.136772
166.948257   180.449631  -37.834396
167.111313   179.780609  -37.616657
167.291458   179.302887  -37.468979
167.403778   178.956558  -37.350212
167.489883   178.679749  -37.257729
167.527832   178.500626  -37.188034
167.517944   178.414169  -37.150570
167.485489   178.357590  -37.077492
167.325211   178.312775  -36.974430
167.076660   178.551849  -36.563911
166.654068   178.858154  -36.216228
166.291138   179.156952  -35.982513
165.735962   179.513748  -35.695934
165.153061   179.961899  -35.456432
164.349808   180.421448  -35.041840
163.628250   180.886688  -34.793659
163.017487   181.343262  -34.461685
161.923141   183.819016  -33.959301
161.502075   184.506851  -33.676052
160.264236   186.413773  -32.353127
159.207382   187.636002  -31.404001
158.107880   188.365692  -30.670084
157.109985   188.893082  -30.148853
156.254303   189.261276  -29.845627
155.360474   189.792969  -29.616219
154.722397   190.423782  -29.575806
153.635040   190.617355  -29.662737
152.971741   191.072128  -29.817690
152.329819   191.417938  -29.939934
151.726776   191.818115  -30.085426
151.062973   192.147766  -30.241472
150.348709   193.297668  -30.101006
149.520706   194.274918  -29.999769
148.747299   195.044434  -29.931379
