-39.013962   186.839737  27.265629
-39.007076   186.887070  27.235945
-39.007080   186.898392  27.234703
-39.020527   186.928909  27.244236
-39.027332   186.946747  27.245968
-39.036587   186.970459  27.246389
-39.046001   186.987534  27.242506
-39.062420   187.015121  27.239187
-39.070179   187.022125  27.231119
-39.064735   187.013214  27.223948
-39.057060   187.011490  27.255016
-39.062710   187.013809  27.270374
-39.038906   187.037277  27.250261
-39.076221   187.056290  27.262009
-39.075413   187.055756  27.280069
-39.086182   187.037384  27.275082
-39.082787   187.044937  27.294865
-39.065735   187.074371  27.336412
-39.076015   187.078445  27.364351
-39.093410   187.095276  27.426973
-39.091988   187.102432  27.443787
-39.102650   187.107101  27.468317
-39.100552   187.090179  27.459667
-39.085995   187.082886  27.444019
-39.072533   187.081573  27.429134
-39.054077   187.073639  27.405184
-39.019520   187.041580  27.376486
-38.999950   187.000458  27.350664
-38.985126   186.968063  27.330189
-38.964039   186.890823  27.238775
-38.971703   186.821793  27.180445
-38.955856   186.817810  27.199034
-38.964851   186.808502  27.203585
-38.952114   186.801010  27.232761
-38.928040   186.816589  27.291569
-38.921585   186.840149  27.372499
-38.940090   186.848511  27.444147
-38.945889   186.856476  27.460218
-38.953362   186.866470  27.484032
-38.964897   186.879272  27.496635
-38.984562   186.893082  27.512835
-38.993450   186.898315  27.501072
-39.000732   186.894424  27.477547
-39.009644   186.887085  27.465015
-39.000816   186.891266  27.462780
-39.011757   186.886124  27.462431
-38.993587   186.883041  27.472679
-38.996815   186.883514  27.472761
-38.982338   186.904587  27.472691
-38.985226   186.918533  27.473848
-38.989868   186.930466  27.483486
-38.997379   186.944412  27.490145
-38.987034   186.968567  27.490896
-38.955093   186.990585  27.485249
-38.958340   186.989944  27.468548
-38.970707   186.970932  27.439974
-38.961891   186.963821  27.426342
-38.964523   186.956802  27.420559
-38.974327   186.944519  27.415350
-38.983189   186.934891  27.411949
-38.979446   186.935394  27.405617
-38.978432   186.920258  27.390276
-38.968529   186.923065  27.369915
-38.954727   186.910904  27.321053
-38.943523   186.903244  27.278795
-38.943378   186.873413  27.235435
-38.935974   186.837402  27.194733
-38.937943   186.823288  27.163898
-38.938293   186.799454  27.105452
-38.939941   186.781998  27.054586
-38.945488   186.781128  27.013384
-38.944099   186.791641  26.970036
-38.953228   186.790222  26.929739
-38.953465   186.800217  26.889690
-38.967766   186.852722  26.899981
-38.987564   186.907715  26.914711
-39.008129   186.964752  26.932247
-39.025578   187.012787  26.946272
-39.028664   187.025742  26.900396
-39.038891   187.058365  26.870930
-39.047451   187.106186  26.870584
-39.053272   187.133575  26.863066
-39.062035   187.167709  26.860870
-39.058098   187.188248  26.858217
-39.027275   187.214249  26.798174
-39.005344   187.206970  26.775686
-38.983273   187.188339  26.735279
-38.977142   187.198761  26.737013
-38.952183   187.210953  26.744049
-38.923809   187.226471  26.756062
-38.887547   187.243576  26.770222
-38.845478   187.260925  26.771921
-38.807167   187.268906  26.760715
-38.800968   187.267136  26.749037
-38.758602   187.307846  26.760916
-38.735413   187.359528  26.801306
-38.720230   187.404434  26.860674
-38.713955   187.439713  26.902605
-38.715179   187.469742  26.947445
-38.710995   187.500977  26.989130
-38.719997   187.517929  27.022057
-38.705238   187.519333  27.020826
-38.689606   187.510834  27.014671
-38.667229   187.498169  27.010645
-38.668137   187.476501  27.003790
-38.666451   187.463425  26.996233
-38.673889   187.460953  27.007153
-38.674511   187.452042  27.004005
-38.682201   187.440491  27.004278
-38.685101   187.441330  26.998360
-38.687557   187.444534  26.998650
-38.693150   187.453140  26.990517
-38.697456   187.463943  26.993008
-38.736389   187.481232  27.013941
-38.820637   187.508377  27.021496
-38.956112   187.535278  27.045198
-39.265934   187.515488  27.054024
-39.662640   187.505554  27.052155
-40.146564   187.523743  27.120768
-40.623444   187.511795  27.123142
-41.284645   187.443329  27.093477
-42.020836   187.409470  27.159344
-43.076252   187.232239  27.175203
-44.319588   186.963425  26.826765
-45.671429   186.420731  27.195850
-47.201984   185.654434  27.477913
-49.108200   184.757828  27.884020
-50.939266   183.566925  28.130774
-52.993328   182.126572  28.576473
-55.418709   180.384354  28.578928
-57.592155   178.326569  28.373926
-59.639893   175.764099  27.994091
-62.819412   171.846298  27.702761
-65.249115   167.710953  27.328547
-67.486565   162.254013  27.091009
-70.388359   142.083679  27.564211
-69.898331   137.896912  27.367939
-68.879967   134.347549  27.224026
-66.332825   130.924194  27.154423
-63.639244   128.558746  26.552736
-60.124367   125.739456  25.361208
-55.874996   123.249123  24.209007
-51.017227   121.272171  23.173512
-46.620121   119.486298  22.174574
-41.883675   118.362984  21.220222
-36.921318   117.622757  19.950689
-33.022339   117.365494  19.133339
-29.955347   117.454178  18.549953
-27.160555   117.501907  17.253393
-25.093946   118.354301  16.504692
-23.916759   119.283905  16.072880
-23.181656   120.522888  15.939671
-22.917564   121.055206  16.017410
-22.963383   122.911621  16.253258
-23.969601   126.037025  16.701527
-25.518623   129.120621  17.297688
-27.868320   131.738998  17.767776
-30.403231   133.697311  18.191895
-33.844143   135.313583  18.697508
-38.146431   136.345566  19.899590
-41.972565   136.991974  20.959047
-45.314701   137.578690  22.231489
-48.608543   137.581329  23.204651
-51.358704   137.178741  23.902529
-53.458714   136.637177  24.593834
-54.666817   136.501617  24.958761
-55.144989   136.396713  25.019958
-55.270462   136.654648  24.971172
-55.025528   136.941513  24.807480
-53.621220   137.557114  24.159510
-50.437069   139.023407  23.108816
-45.568073   141.417542  21.601725
-39.770363   144.399338  20.165627
-31.770914   148.634995  18.720259
-25.861620   152.811157  17.027689
-20.756065   155.775452  16.254158
-16.916954   158.326492  16.133383
-13.652250   160.459290  16.413235
-10.684312   162.288757  16.775049
-8.322676   163.763535  17.121855
-6.719261   164.757065  17.421270
-5.963782   165.047699  17.715164
-5.838054   164.809357  17.856277
-6.222582   163.858322  17.809189
-7.467009   161.266922  18.186487
-9.343755   156.982681  18.734039
-11.273802   151.209290  19.436993
-13.214856   144.049896  20.373177
-14.385806   135.999130  22.120865
-14.963725   128.229721  24.175077
-14.956184   121.888557  26.025593
-14.089563   115.198418  27.748325
-12.430928   109.450928  30.026157
-10.932902   103.891174  30.763786
-8.876928   100.808998  30.726465
-6.072855   98.787468  30.192669
-2.665417   95.250992  29.286646
0.521887   93.435501  28.600040
3.004288   93.057999  27.953207
5.358147   93.479477  27.449800
7.763062   94.607727  26.879868
10.044689   96.522568  26.207262
11.592078   98.364952  25.754007
13.729533   101.880684  25.377028
15.276215   105.976707  24.979710
16.525208   111.154945  24.526564
16.503757   117.017921  23.983984
15.601470   121.680107  23.544283
14.829375   125.508408  23.194035
13.504523   130.988647  23.001772
12.553746   136.904144  23.363697
10.887247   143.172562  23.926197
9.483117   148.726456  24.528864
7.956103   154.770157  24.916643
6.964324   160.389816  25.490168
6.192059   165.057266  25.985209
5.487082   169.170319  26.686367
5.276585   173.347641  27.317999
4.989093   176.653137  28.093847
4.675258   179.865585  28.855093
4.177017   182.599075  29.569149
3.743906   185.283844  30.223963
3.320254   187.559967  30.758074
2.683069   189.085754  31.152973
2.111385   189.953110  31.228552
1.501841   190.030777  30.820753
0.957371   189.510040  30.231653
0.669782   189.008636  29.911194
0.346155   186.903305  29.139711
0.443688   183.076477  27.799164
0.701911   176.783463  26.050446
1.273892   169.273056  24.168737
2.077573   160.475510  23.196892
3.223709   152.134598  22.524738
4.803611   143.555679  22.979599
6.454165   135.351517  23.948887
6.753180   127.561760  25.826143
7.340058   119.837746  27.852892
8.311855   114.522827  29.560966
9.456159   110.309509  30.594982
10.232718   106.423576  31.935909
11.198950   104.401764  33.534660
11.954002   103.264938  34.638481
12.853168   102.739555  35.119362
13.447128   103.392723  35.452404
13.867662   103.649879  35.681171
14.198515   105.179573  35.559376
15.085530   107.711197  35.023014
16.305687   111.553696  33.964046
18.338404   117.154137  32.646366
21.012581   123.069466  31.257990
24.976967   130.363556  30.619785
27.851101   135.962006  30.006474
30.986843   141.579132  29.844067
33.667397   146.468567  29.762447
36.172295   150.966797  29.835983
39.018887   155.669357  29.732149
41.943954   160.395279  29.572409
44.811081   164.702591  29.265974
47.403824   168.008286  29.056858
53.748695   173.208618  27.850628
54.731636   173.653397  27.408272
55.510826   174.027039  26.917534
55.864456   173.972977  26.372601
55.895054   173.718384  25.969856
55.635117   173.057831  25.366800
54.950336   171.850037  24.544785
53.414646   169.457733  23.266003
51.778191   167.366562  22.644821
48.036545   163.397858  22.013512
41.534092   157.706818  22.258961
35.185078   153.505539  23.251848
29.442686   150.553589  24.280148
23.632015   148.269150  25.901466
18.536777   146.763000  27.267632
14.325414   145.260727  28.623375
11.229475   143.855621  29.536144
9.503110   142.425674  30.033888
8.376779   141.225632  30.074184
7.876349   140.189728  29.807156
8.018503   139.292297  29.336124
8.532310   138.687668  28.902727
9.404647   138.342026  28.436007
11.186421   138.068558  27.751881
14.100718   137.978119  26.859077
18.383099   137.934387  25.978733
23.823404   137.818970  25.471903
29.492283   137.104782  25.240618
35.409920   135.724258  25.296589
40.702522   134.334106  25.567320
45.027653   132.782486  26.480494
48.554440   130.241226  27.960497
52.054562   128.253433  29.754850
55.035172   126.306847  31.170885
57.195625   124.074951  32.360538
58.254974   119.816315  33.686028
59.756523   117.502136  34.528866
60.939407   116.085487  35.027611
61.928986   115.347488  35.321453
62.625202   114.730888  35.369057
63.084332   114.743835  35.420536
63.199371   115.012924  35.351898
63.272354   115.210098  35.377346
62.877834   115.626579  35.166164
61.430424   115.885735  35.242260
59.863598   116.159737  35.290478
57.946941   116.168640  35.561325
53.271523   115.961708  36.541389
48.519089   116.306351  37.623264
42.939236   116.344635  38.747746
36.346069   115.635254  40.147327
29.438459   115.118454  41.529373
22.050108   114.556389  42.970467
14.300857   113.758217  44.588448
6.788724   113.009583  46.807800
-0.643333   112.574417  49.320133
-7.734310   111.560600  52.061756
-13.642633   110.710022  55.271461
-20.101692   108.255371  57.040989
-25.369770   106.237350  58.383873
-29.962780   104.043091  59.715645
-33.146748   102.086563  61.029171
-37.163498   99.569321  62.260754
-40.588940   97.428963  63.715942
-43.582733   95.196358  64.800888
-45.565819   93.625626  65.551727
-46.858223   92.555725  66.115845
-47.581936   91.695763  66.380783
-47.722359   90.910576  66.323074
-47.659317   90.689629  66.228912
-47.174030   89.849014  65.365883
-45.870781   89.203354  64.003403
-43.405888   88.951546  61.897648
-39.975410   89.293007  59.403187
-34.968437   90.873962  56.236996
-28.754831   94.048096  52.382530
-19.865324   97.737854  48.517227
-9.614617   102.276398  45.059559
0.740727   106.156883  42.247749
11.563625   109.526016  40.069809
22.406439   111.689339  38.748672
32.165138   113.330528  37.868450
40.659752   114.066231  37.469296
48.635509   114.270691  36.996235
54.742958   114.467712  36.968338
60.302536   114.109085  37.147911
65.242393   113.392021  37.621250
69.868286   111.635010  37.083340
73.519691   110.763321  37.397678
76.399414   110.117989  37.710690
79.207626   109.244469  38.104908
81.400383   108.854767  38.480553
83.297470   108.788208  38.642765
85.236351   108.644485  38.865757
87.097939   108.519531  39.018764
88.602669   108.486176  39.169106
90.230278   108.381958  39.349537
91.742241   108.541718  39.342491
92.709457   108.589195  39.453094
93.442955   108.680710  39.502529
93.908684   108.723244  39.639538
94.311409   108.842636  39.695225
94.744392   108.873894  39.763229
95.061378   108.959648  39.810848
95.337166   109.000488  39.866032
95.626984   109.024483  39.907093
95.873535   109.061974  39.937996
96.170776   109.062370  39.973248
96.460953   109.097939  39.988682
96.718948   109.116409  39.999329
96.948257   109.133675  40.000740
97.216751   109.210091  39.975147
97.414558   109.288429  39.959564
97.750740   109.438957  39.905796
97.991112   109.533035  39.878960
98.197960   109.627686  39.854843
98.433052   109.748711  39.793652
98.717934   110.028450  39.569157
98.962868   110.157913  39.468708
99.072731   110.194489  39.454704
99.088234   110.105629  39.311890
99.125389   110.036850  39.189831
99.158577   109.981544  39.092464
99.181572   109.987556  38.988323
99.152962   109.943306  38.888840
99.123398   109.905899  38.833866
99.137093   109.897682  38.810879
99.211266   109.881012  38.735897
99.281067   109.873024  38.676369
99.344604   109.916588  38.652168
99.371849   109.942345  38.628407
99.436890   109.955627  38.617241
99.491402   109.997124  38.605793
99.528305   110.031548  38.586933
99.548607   110.052101  38.575062
99.612633   110.064598  38.570305
99.678024   110.044418  38.575863
99.763466   110.001198  38.558762
99.864433   109.990234  38.545010
99.961311   109.969254  38.531727
