-38.663601  181.465515  32.387226
-38.638187  181.521072  32.397385
-38.614288  181.575546  32.419991
-38.615906  181.538712  32.411659
-38.600563  181.574875  32.436825
-38.596081  181.534744  32.437252
-38.591015  181.527161  32.448776
-38.571426  181.548691  32.476738
-38.548260  181.564453  32.502316
-38.524220  181.592926  32.528610
-38.522572  181.545395  32.528179
-38.516216  181.508118  32.529057
-38.513889  181.456268  32.524662
-38.512905  181.414429  32.522041
-38.520672  181.384583  32.529099
-38.521198  181.368088  32.537075
-38.509453  181.389572  32.553349
-38.499279  181.412903  32.569679
-38.489594  181.428543  32.583012
-38.491779  181.402512  32.584179
-38.485897  181.389969  32.587833
-38.473976  181.388153  32.592884
-38.481514  181.365189  32.604069
-38.477047  181.346909  32.609795
-38.459202  181.356873  32.620789
-38.463280  181.323547  32.619915
-38.470345  181.281082  32.616177
-38.472469  181.239563  32.611172
-38.471218  181.200195  32.605839
-38.464432  181.176331  32.604004
-38.447578  181.176239  32.607803
-38.425449  181.194870  32.620529
-38.407463  181.208755  32.631145
-38.446442  181.098709  32.632103
-38.509060  180.871750  32.672241
-38.541817  180.698624  32.738831
-38.522541  180.672287  32.826809
-38.492489  180.674362  32.961678
-38.457375  180.695404  33.076794
-38.404030  180.757797  33.194706
-38.335896  180.831024  33.301258
-38.300671  180.825272  33.371471
-38.252632  180.795746  33.451488
-38.233387  180.783295  33.473465
-38.200829  180.756439  33.508316
-38.174294  180.721680  33.536896
-38.155136  180.686035  33.560051
-38.147125  180.625412  33.572968
-38.130737  180.588943  33.598217
-38.121159  180.540604  33.615330
-38.118034  180.490097  33.629028
-38.099796  180.471298  33.646492
-38.071358  180.475052  33.666233
-38.042999  180.491501  33.692631
-38.027782  180.484177  33.711079
-38.018383  180.456055  33.722122
-37.989098  180.456360  33.736404
-37.954567  180.467407  33.751877
-37.913864  180.492386  33.768982
-37.884041  180.507233  33.785248
-37.855335  180.529282  33.802921
-37.839371  180.535202  33.816208
-37.830410  180.529327  33.826019
-37.815910  180.539154  33.839050
-37.795673  180.560257  33.855469
-37.781319  180.565353  33.873093
-37.769829  180.574844  33.893250
-37.772457  180.574600  33.931248
-37.770813  180.586609  33.973007
-37.764290  180.613434  34.014164
-37.751785  180.635559  34.050156
-37.753613  180.655273  34.079185
-37.747730  180.691895  34.105545
-37.750362  180.709518  34.126781
-37.747383  180.742310  34.151939
-37.743000  180.782196  34.178261
-37.743832  180.811432  34.201237
-37.755375  180.810837  34.214912
-37.792267  180.840485  34.276882
-37.812614  180.923691  34.351841
-37.818478  181.066513  34.441055
-37.807533  181.294525  34.555862
-37.838840  181.569336  34.700466
-37.913433  181.851959  34.835709
-38.020081  182.079361  34.941994
-38.080982  182.366241  35.064487
-38.118137  182.648438  35.181015
-38.153324  183.019165  35.332260
-38.320301  183.488327  35.470772
-38.474968  183.953842  35.629555
-38.581123  184.332825  35.746754
-38.664017  184.663391  35.836357
-38.750938  185.042358  35.896927
-38.815910  185.362427  35.929619
-38.824722  185.558456  35.906918
-38.818092  185.682404  35.854778
-38.818455  185.751770  35.808426
-38.767181  185.784790  35.721092
-38.640820  185.667740  35.533768
-38.484859  185.334732  35.253651
-38.305550  184.762741  34.943981
-38.125973  183.775650  34.534405
-37.909027  182.354645  33.989746
-37.684212  180.506241  33.368961
-37.442307  178.238403  32.729317
-37.097691  175.996933  32.110191
-36.773438  173.847763  31.575979
-36.395023  171.856827  31.116512
-35.909138  169.799896  30.666666
-35.426933  167.782471  30.294443
-34.599400  165.581802  29.928391
-33.880466  163.448257  29.660130
-32.795094  161.264938  29.432590
-31.964254  159.367645  29.302507
-31.111591  157.702713  29.358446
-30.501337  155.848495  29.491341
-29.947195  154.076645  29.674219
-29.512264  152.735703  29.817575
-29.074745  151.698578  29.944601
-28.529112  150.751480  30.100100
-28.055771  149.882767  30.239832
-27.647343  148.993210  30.365330
-27.280102  148.227921  30.472803
-26.941086  147.618866  30.552877
-26.672510  147.248428  30.608854
-26.441315  146.985123  30.648699
-26.255592  146.835144  30.669199
-26.104635  146.757172  30.664740
-25.942993  146.729752  30.637419
-25.804680  146.715179  30.612518
-25.679953  146.704132  30.587332
-25.586960  146.706619  30.557762
-25.505745  146.715790  30.526173
-25.433855  146.742767  30.488491
-25.352789  146.820709  30.443007
-25.309742  147.070297  30.413633
-25.386328  147.710831  30.473951
-25.432365  148.420258  30.510120
-25.575068  149.205093  30.537703
-25.794840  150.224701  30.555216
-25.962669  151.163925  30.529150
-26.253595  152.381638  30.533747
-26.435648  153.560791  30.553331
-26.564466  154.803757  30.623882
-26.743628  156.052811  30.639681
-26.920191  157.251343  30.628851
-27.111280  158.504379  30.630440
-27.439302  160.031296  30.545315
-27.719543  161.551086  30.498014
-27.959448  162.993622  30.430489
-28.102041  164.283127  30.368700
-28.289274  165.578033  30.297216
-28.481672  167.054565  30.268427
-28.593613  168.311279  30.247562
-28.821297  169.845612  30.144274
-29.067579  171.501953  30.068293
-29.250605  173.406906  29.937740
-29.330200  175.047348  29.884542
-29.461767  176.749420  29.849670
-29.533876  178.475677  29.914583
-29.557314  180.074692  30.017820
-29.525305  181.604355  30.117437
-29.491451  183.298859  30.289095
-29.507666  185.051697  30.379091
-29.451965  186.752930  30.461548
-29.414583  188.326385  30.565517
-29.369379  189.913818  30.649757
-28.990101  194.333145  30.773825
-28.919470  195.494827  30.864969
-28.806841  196.957031  31.028816
-28.700026  198.684464  31.222094
-28.561739  200.174515  31.423512
-28.431351  201.347305  31.575739
-28.234783  202.658966  31.753500
-28.073372  203.917908  31.962660
-27.907635  205.107468  32.170883
-27.780964  206.021774  32.340515
-27.623926  206.843094  32.481907
-27.475710  207.734009  32.667568
-27.341227  208.612167  32.840912
-27.197033  209.471786  33.012451
-27.081997  210.156250  33.157711
-26.958408  210.697968  33.238968
-26.834820  211.187607  33.298004
-26.724386  211.572357  33.331329
-26.552500  211.926666  33.277393
-26.421812  212.179672  33.229839
-26.325567  212.347366  33.187645
-26.202501  212.489517  33.130074
-26.052261  212.597794  33.062611
-25.868229  212.681259  32.963139
-25.719162  212.741776  32.883274
-25.579435  212.717163  32.785717
-25.394491  212.623779  32.654621
-25.215809  212.379547  32.475986
-24.929958  211.954254  32.200489
-24.627983  211.356735  31.856079
-24.129906  210.534363  31.256641
-23.341410  209.215424  29.976927
-22.517466  207.997452  28.821411
-21.813993  206.947662  27.938786
-21.248068  205.822952  27.182217
-20.533455  204.609512  26.445118
-19.732468  203.215149  25.669437
-19.081972  201.783218  25.022417
-18.449762  200.090607  24.363350
-17.775930  198.227859  23.653112
-17.095140  196.543182  23.088169
-16.448837  194.718567  22.559982
-15.701636  192.683121  21.984592
-15.153376  190.906021  21.557823
-14.615588  189.029388  21.103502
-14.158761  187.622131  20.816153
-13.864350  186.229019  20.604208
-13.373713  184.662140  20.369316
-12.841304  183.077988  20.182821
-12.337001  181.572006  20.046940
-11.897497  180.222458  19.981928
-11.332062  178.793533  19.980528
-10.811443  177.361526  19.953506
-10.367495  175.946564  19.926676
-9.880902  174.383179  19.944016
-9.475396  172.876480  19.972113
-9.056545  171.439194  20.013229
-8.620898  170.108978  20.089636
-8.218010  169.022018  20.222382
-7.924671  168.027771  20.355299
-7.640780  167.275513  20.464767
-7.275445  166.624725  20.575359
-6.890882  166.049606  20.743284
-6.614974  165.540527  20.876720
-6.291923  165.049316  21.008295
-5.934990  164.543915  21.141554
-5.576120  164.182037  21.266512
-5.250632  163.725815  21.395393
-4.965910  163.207443  21.540052
-4.695879  162.710693  21.687813
-4.317611  162.271622  21.851171
-3.957206  161.816650  22.032398
-3.641025  161.419968  22.188492
-3.356007  161.086334  22.317389
-3.073059  160.839340  22.417553
-2.784624  160.683868  22.509396
-2.501524  160.537369  22.608980
-2.207941  160.392288  22.700594
-1.948943  160.303238  22.777102
-1.748069  160.225357  22.837732
-1.584481  160.172775  22.883915
-1.371759  160.177139  22.948420
-1.133934  160.223358  22.977467
-0.834377  160.390411  23.042505
-0.593358  160.580490  23.081656
-0.376108  160.740845  23.106873
-0.092728  161.010452  23.132431
0.206422  161.459000  23.131197
0.502550  162.051422  23.091522
0.760464  162.549942  23.049810
1.008957  163.062057  23.018538
1.260384  163.561798  22.996935
1.488516  164.065430  22.996317
1.765268  164.642441  23.010067
2.004887  165.182159  23.030180
2.283018  165.866486  23.104280
2.515683  166.614380  23.198290
2.737315  167.802475  23.519560
2.959137  168.832855  23.750147
3.160800  169.721558  23.947191
3.348013  170.700348  24.142925
3.555713  171.695984  24.309053
3.755475  172.624344  24.430712
3.945107  173.614227  24.518915
4.131000  174.711685  24.661842
4.267195  175.787399  24.789402
4.377100  176.764145  24.865595
4.480503  177.836273  24.903700
4.641738  179.102295  24.959383
4.727750  180.461807  25.032269
4.823957  182.269180  25.180288
4.985148  183.838501  25.360119
5.061156  185.048615  25.468985
5.219344  186.345825  25.593903
5.451317  187.653564  25.755680
5.690452  189.021255  25.980301
5.902767  190.224823  26.162703
6.091013  191.365173  26.395948
6.253347  192.531418  26.602612
6.414534  193.654297  26.825745
6.559340  194.859894  27.079014
6.676200  195.932999  27.303186
6.782038  196.805756  27.495417
6.902966  197.662918  27.686090
7.044612  198.562317  27.859577
7.576693  201.212662  28.476105
7.683359  202.008224  28.629913
7.813306  203.249374  28.863476
7.910942  204.301956  29.042908
7.964774  205.220245  29.232527
8.033789  206.028107  29.341373
8.110009  206.695862  29.438490
8.171578  207.292603  29.531761
8.259345  207.856018  29.608263
8.332381  208.382385  29.682484
8.391100  208.852036  29.709841
8.440202  209.284378  29.725494
8.488368  209.728668  29.739964
8.533239  210.113693  29.755646
8.582101  210.523026  29.794649
8.645632  211.012085  29.865480
8.734912  211.619156  29.978945
8.806292  212.124771  30.073709
8.882950  212.550797  30.134886
8.971468  212.835800  30.123888
9.034539  212.988022  30.086800
9.135227  213.104904  30.016790
9.256917  213.154037  29.916786
9.343209  213.167130  29.866829
9.398287  213.166718  29.827227
9.462601  213.109436  29.755533
9.553926  212.970505  29.634203
9.742586  212.615265  29.373131
10.032363  212.279236  29.168806
10.289656  211.942413  28.972601
10.679981  211.339935  28.655079
10.987793  210.663483  28.332809
11.332894  209.854294  27.932898
11.898403  208.773178  27.501896
12.439949  207.671066  27.076677
12.798903  206.713745  26.754513
13.189688  205.356674  26.242397
13.571174  204.180466  25.835848
13.952027  203.048782  25.529011
14.377419  201.878113  25.217247
14.734117  200.456635  24.733162
15.095929  199.002884  24.203596
15.304169  197.638779  23.811234
15.726990  196.091003  23.395864
16.150429  194.486221  22.918940
16.601950  192.916962  22.575949
16.995211  191.281403  22.305811
17.308811  189.524429  22.070824
17.667498  187.833313  21.933680
18.089336  186.245071  21.804724
18.364790  184.694534  21.714455
18.667023  183.247253  21.711782
18.980732  181.880646  21.728981
19.295740  180.610626  21.749086
19.654469  179.520020  21.786591
19.969564  178.348434  21.843529
20.196320  177.175110  21.898760
20.473700  175.943283  21.954556
20.778143  174.684494  22.039831
21.074377  173.294739  22.119335
21.375441  171.954819  22.219946
21.769075  170.611923  22.316792
22.134382  169.322006  22.447136
22.478586  167.871567  22.487133
22.763752  166.588470  22.560455
23.179110  165.347473  22.643103
23.643160  164.268524  22.719263
24.013243  163.368073  22.807789
24.404076  162.619186  22.866377
24.859545  161.815689  22.824804
25.265324  160.976639  22.824335
25.650328  160.181931  22.873850
26.071037  159.412872  22.976746
26.486479  158.726425  23.097429
26.895185  158.047928  23.280014
27.138786  157.433517  23.442173
27.389532  156.810486  23.628105
27.636068  156.251160  23.853823
27.886980  155.664063  24.157728
28.197655  155.034195  24.483334
28.582006  154.441147  24.730772
28.921667  153.891861  24.939112
29.167704  153.332016  25.147881
29.402262  152.778000  25.332893
29.625086  152.173752  25.534214
29.749201  151.598755  25.698988
29.847549  150.935516  25.809824
29.953671  150.217331  25.894855
30.103563  149.489502  25.957964
30.259686  148.810974  26.103800
30.463150  148.236084  26.236088
30.642416  147.772110  26.346367
30.896690  147.291153  26.418535
31.072645  146.852203  26.497101
31.238169  146.425568  26.534786
31.408333  145.984940  26.550182
31.659824  145.541168  26.526123
31.878426  145.244110  26.533411
32.191292  144.985123  26.567842
32.533592  144.778519  26.617182
32.855335  144.647324  26.649977
33.216736  144.569580  26.626955
33.547768  144.508347  26.583321
34.066105  144.597809  26.459236
34.644875  144.735245  26.368723
35.484657  144.979553  26.184383
36.235275  145.300323  26.061138
37.104584  145.579758  25.945089
38.141300  146.005920  25.864105
39.467033  146.642242  25.766922
40.653397  147.245071  25.641043
42.107437  148.035858  25.603140
43.454853  148.867004  25.518772
45.051304  149.945496  25.445795
46.680206  151.206451  25.351997
48.294361  152.388855  25.216751
49.872574  153.690155  25.077261
52.062576  155.107239  24.714785
54.304451  156.877594  24.562777
56.051495  158.368546  24.465294
57.819454  159.747879  24.407187
59.687702  161.256424  24.254768
61.317169  162.633865  24.154139
62.785976  163.901260  24.082348
63.706478  164.892029  24.012726
67.732681  167.988815  23.496489
68.837059  168.917877  23.353157
70.283012  170.244553  23.209955
71.598755  171.646194  23.094528
73.459023  172.806900  22.230488
74.804367  174.040436  21.849203
75.568939  174.793625  21.652731
76.193138  175.422607  21.551281
77.589653  176.343857  20.496521
78.405724  176.940582  19.879971
79.165878  177.579468  19.709587
79.820656  178.275970  19.640263
80.389366  178.879974  19.599052
81.010109  179.537399  19.589304
81.718719  180.218842  19.559164
82.275063  180.619354  19.515467
82.853958  181.028641  19.456015
83.318001  181.399460  19.412560
83.915573  181.785751  19.427595
84.611580  182.324554  19.473656
85.257210  182.796677  19.481337
85.856575  183.203415  19.504786
86.331497  183.529999  19.532751
86.936371  183.946945  19.582008
87.581482  184.308716  19.582783
88.153709  184.566376  19.583815
88.684761  184.819580  19.568726
89.096252  185.073822  19.557640
89.498062  185.387939  19.554592
89.942177  185.709351  19.552980
90.314590  185.908340  19.515650
90.600708  186.050583  19.487282
90.869133  186.165848  19.476912
91.140099  186.351151  19.482391
91.385971  186.538269  19.489719
91.611740  186.731384  19.498171
91.819725  186.903503  19.504663
92.047020  187.015213  19.501236
92.239510  187.101135  19.487581
92.446701  187.155869  19.463497
92.620995  187.201614  19.443113
92.712669  187.323883  19.453018
92.774773  187.415695  19.461363
92.850449  187.498810  19.457762
92.920731  187.567352  19.457207
92.989014  187.689102  19.456841
93.044716  187.832321  19.463110
93.073997  187.951706  19.463213
93.098137  188.023972  19.466311
93.122116  188.086136  19.469904
93.128708  188.127686  19.470392
93.142929  188.174088  19.474737
93.157104  188.243683  19.477335
93.178169  188.330551  19.484610
93.198967  188.435654  19.490742
93.213509  188.544464  19.494154
93.234093  188.649734  19.508846
93.230103  188.742371  19.514147
