-109.759613   263.978577  -3.406754
-109.442345   264.694489  -3.543747
-109.250603   265.109222  -3.623858
-109.095299   265.645477  -3.713745
-108.888496   266.119110  -3.788514
-108.782051   266.332855  -3.818995
-108.719902   266.416321  -3.810942
-108.620918   266.519073  -3.799603
-108.556297   266.563782  -3.759110
-108.511742   266.570648  -3.716621
-108.465965   266.550659  -3.676571
-108.423874   266.509796  -3.619639
-108.376663   266.455475  -3.566055
-108.313629   266.379578  -3.515147
-108.264763   266.254303  -3.440318
-108.190750   266.101074  -3.365279
-108.058258   265.782959  -3.275597
-107.900818   265.319366  -3.185633
-107.716537   264.706635  -3.118473
-107.548386   264.209198  -3.071924
-107.469986   263.833527  -3.028088
-107.393402   263.466980  -3.008388
-107.346390   263.193665  -3.006447
-107.286942   262.983582  -3.037485
-107.262901   262.846832  -3.060297
-107.239120   262.744843  -3.078373
-107.231110   262.711182  -3.091653
-107.228561   262.701172  -3.113114
-107.231674   262.712616  -3.134911
-107.257378   262.858673  -3.169024
-107.307014   263.062653  -3.219273
-107.357994   263.419952  -3.306596
-107.391792   263.808655  -3.406960
-107.431396   264.186035  -3.479808
-107.473106   264.578064  -3.552995
-107.521416   264.934021  -3.577378
-107.592155   265.311035  -3.584170
-107.716408   265.790405  -3.582669
-107.825157   266.348145  -3.546773
-107.945702   266.869904  -3.499809
-108.074707   267.527252  -3.427117
-108.200310   268.089172  -3.364599
-108.297089   268.596344  -3.294977
-108.369713   269.080231  -3.244159
-108.432625   269.511475  -3.198284
-108.520500   269.874146  -3.129506
-108.596313   270.166901  -3.061991
-108.702316   270.468964  -3.009308
-108.778328   270.715454  -2.955104
-108.839066   270.958191  -2.895900
-108.875435   271.212738  -2.858392
-108.908882   271.415131  -2.839503
-108.943779   271.602478  -2.831938
-108.972092   271.728302  -2.821183
-108.994751   271.816650  -2.805551
-109.033371   271.955170  -2.803563
-109.054718   272.205688  -2.791219
-109.077843   272.418854  -2.782525
-109.107445   272.776611  -2.806343
-109.096962   273.485016  -2.843855
-109.218391   274.601410  -2.862414
-109.297424   276.365234  -3.044671
-109.079895   280.777771  -3.625150
-109.068512   282.360626  -3.844512
-109.154526   284.393860  -4.049636
-109.298309   286.363190  -4.166455
-109.503632   287.889252  -4.231458
-109.673553   289.567322  -4.230406
-109.851357   291.050079  -4.177092
-110.089081   292.424408  -4.179944
-110.260719   293.340698  -4.162526
-110.379189   293.943604  -4.118877
-110.528358   294.675446  -4.030661
-110.753113   294.896576  -3.919969
-111.209061   293.927673  -3.749258
-111.864548   290.579437  -3.166330
-112.496262   285.202271  -3.066094
-113.524803   277.526917  -2.930900
-114.600471   267.630157  -2.748311
-115.625404   255.277084  -2.434142
-116.366600   240.761856  -1.517127
-116.898521   224.829300  0.305353
-117.153374   207.004913  2.876915
-116.854576   189.234589  6.581456
-115.933144   171.438583  11.036651
-112.067978   153.671906  16.758451
-110.474754   139.885345  23.018511
-108.468086   129.966507  27.867537
-107.268005   124.074516  31.070826
-105.909332   120.738892  32.798695
-105.039673   119.115761  33.702801
-105.162643   119.243217  33.477722
-105.470741   119.780128  33.262390
-106.518227   121.489746  32.011826
-109.136269   127.242508  29.028854
-112.852722   135.558731  26.069223
-116.284714   145.157227  22.584068
-119.750389   154.290756  18.546499
-124.058861   162.660660  13.906262
-128.578613   171.569672  10.044481
-132.341629   180.529999  6.251987
-136.955170   192.292770  4.504930
-141.069016   205.640900  4.010848
-145.326340   217.127350  3.159573
-150.033691   229.321228  0.883376
-153.253754   239.372635  -0.318473
-155.258438   252.072922  0.305096
-157.582016   267.242920  2.195484
-157.368271   280.667206  3.569154
-157.516342   294.622162  6.960938
-156.672501   307.310364  8.498964
-153.317047   318.552734  7.808915
-149.305710   327.239349  5.558960
-145.411804   337.043091  3.698124
-139.176010   345.104126  2.268303
-133.140961   353.824524  2.773660
-112.423492   369.833038  2.844505
-112.259972   369.875305  2.800256
-107.160416   370.876007  2.420920
-103.028442   368.814423  2.542496
-99.942474   367.067871  2.607668
-96.824417   361.746094  1.829994
-95.048157   356.228210  1.291070
-95.199196   351.510864  2.043335
-96.127960   343.824219  1.154373
-105.234741   315.636200  3.464923
-108.191933   311.379089  5.640271
-111.702042   304.898682  7.788460
-115.600830   296.866058  9.182751
-120.719231   289.967010  9.253469
-124.752403   283.587646  10.491901
-127.830788   279.357513  11.791648
-130.201416   274.249817  12.167722
-132.278473   271.084381  13.100142
-133.743622   269.188538  13.488722
-135.459351   267.936676  13.343083
-136.803696   267.356567  13.188279
-137.958481   267.485931  12.814683
-138.153641   267.535187  12.088777
-138.252563   267.572296  11.657032
-138.121613   269.665894  11.194602
-136.862183   271.576050  10.393041
-134.804276   274.590485  9.158032
-131.202393   279.350800  6.965000
-127.763763   284.555389  5.674525
-124.174858   289.150665  4.302004
-119.678734   291.979736  1.653374
-114.969772   295.560303  -0.079040
-110.469795   296.726044  -1.112523
-105.318665   297.912537  -2.568995
-99.967583   298.642853  -2.417685
-93.846359   298.774017  -2.003174
-87.901833   297.878418  -1.612264
-74.212769   291.159119  -1.334195
-72.866417   290.393097  -1.165075
-69.478012   287.922455  -0.666282
-65.465858   282.731262  -0.459810
-62.329334   278.034973  0.741177
-60.271027   271.688293  2.474779
-58.709965   263.384857  5.098670
-58.863564   255.466232  7.656157
-60.224632   245.830139  9.314740
-62.760468   235.673462  11.405406
-67.219292   228.446182  12.900712
-73.248970   222.479752  14.669370
-80.342186   214.837372  16.107456
-87.418625   209.764526  19.336172
-93.379761   203.706467  24.074263
-101.087227   201.207672  27.199862
-107.583267   201.143768  28.544569
-112.822113   201.467255  30.191319
-117.020714   203.947449  31.451452
-119.980568   206.233704  32.176991
-121.168526   207.172440  32.527039
-122.278374   209.760056  30.325922
-122.728104   213.484879  27.484165
-122.664780   218.061768  23.555351
-116.796188   227.607010  15.983206
-116.246681   230.541458  14.446835
-113.577271   236.126556  10.803721
-111.671974   241.870651  7.961374
-109.072006   248.611252  6.623185
-106.364883   255.925537  5.820982
-104.452568   266.475281  6.489638
-101.976387   276.365692  5.761214
-92.228325   306.154419  -0.049867
-91.649368   313.064026  -0.608931
-91.161957   322.872040  0.028497
-89.914459   330.831055  0.605599
-90.597069   341.893005  1.398988
-90.027168   349.666504  2.064080
-88.037048   359.954346  4.238534
-87.281235   368.443695  5.785027
-85.669838   373.728973  6.917448
-84.503212   378.860901  7.882170
-83.581169   381.961823  8.228411
-84.147232   385.353851  8.640196
-84.700691   387.028503  8.795279
-85.158203   386.920715  8.480783
-85.178780   386.344696  8.097104
-85.145554   385.893646  7.849477
-85.176392   383.850952  7.221861
-85.298874   377.124023  5.922762
-85.721664   368.595551  5.583027
-85.676842   357.703888  5.530100
-84.978928   346.519806  5.049265
-84.208160   334.575256  4.926768
-83.733284   322.244171  5.816896
-82.760002   309.188904  7.812049
-81.964249   296.779572  8.740091
-80.508347   283.338867  10.277635
-77.632378   268.214233  11.853937
-76.814606   256.929260  13.183245
-75.415031   246.383926  15.484453
-75.039627   237.858948  17.732788
-74.745766   230.211746  19.036951
-74.452156   224.547394  20.229830
-73.894363   220.430939  21.021936
-73.496124   217.441681  20.910212
-73.216354   215.444595  20.605772
-72.771019   214.855347  20.681730
-72.330467   214.674423  20.120354
-71.326630   215.110382  18.872250
-70.282410   216.138840  17.231512
-69.286148   218.822937  15.349453
-68.332565   222.789291  13.026787
-67.657158   230.345596  9.917491
-67.834274   239.180466  8.336492
-68.621452   249.045731  6.588571
-71.092476   281.235260  1.405264
-70.529137   284.817444  1.315850
-69.507133   294.149506  1.028018
-68.173447   303.531525  1.008782
-66.592567   312.802124  0.709818
-63.969852   319.357239  0.026352
-61.064175   327.376251  0.338257
-58.973450   333.290314  1.041029
-56.914108   337.309479  1.434522
-54.609638   338.998322  1.881256
-53.748768   338.511230  1.121673
-53.253994   337.204712  0.951397
-52.905098   336.483368  1.327653
-52.186462   334.537903  3.734174
-50.662468   328.705383  5.837483
-49.548374   321.302521  7.037233
-48.253284   314.908417  7.990086
-47.137188   308.616211  9.992133
-44.781834   300.995087  11.269999
-42.583351   294.038940  12.661480
-40.960880   286.796570  13.409815
-38.988911   277.626465  13.653091
-36.602997   270.740051  14.239003
-34.086361   264.752533  15.665889
-26.507069   249.727844  18.625887
-25.813562   248.724670  18.292616
-24.218172   246.962143  17.262737
-22.029661   245.409241  16.302607
-20.123695   244.137451  15.302596
-18.489422   242.647079  14.441894
-17.223396   242.127274  13.913464
-15.911935   242.389862  12.997030
-14.642259   243.136993  11.910860
-13.645018   244.719910  10.686271
-12.637674   248.010468  9.001839
-11.550946   252.474518  7.469437
-11.037532   258.944305  5.007661
-10.592553   266.685913  3.353719
-10.630153   276.148712  2.888459
-11.401570   284.842010  3.061118
-13.061813   291.877869  3.159792
-15.120409   297.615936  3.206862
-17.013788   302.623810  4.052335
-19.419159   307.209747  4.169258
-22.022257   311.315704  4.124426
-24.344261   314.169250  4.394756
-26.843193   316.339600  4.374330
-29.022659   316.934967  4.671160
-30.244646   316.337189  4.585574
-32.144508   314.283295  4.542158
-33.813324   310.083557  4.924440
-35.427933   304.162781  5.880214
-36.664867   295.930084  6.841943
-37.429569   285.677551  9.311615
-37.597260   276.181183  12.382209
-37.370232   270.745056  13.567412
-34.850880   261.933960  16.394913
-34.508259   261.255341  16.222948
-32.782703   260.438751  15.523781
-30.695557   260.737183  14.474982
-29.095943   262.393829  12.525725
-27.147770   265.896820  10.247416
-25.593702   269.947784  8.205059
-23.585262   276.737030  6.083521
-21.898502   282.941223  4.432691
-20.164997   289.150269  3.010788
-17.095528   305.501373  1.995994
-16.623665   308.023987  2.099351
-16.006699   311.299805  2.401555
-15.526490   313.725555  2.943576
-15.267593   315.052185  3.242460
-15.230552   315.770691  3.368445
-15.258530   315.897766  3.474393
-15.308376   314.837433  3.752889
-15.220103   311.570343  4.155077
-14.769769   305.719299  5.137525
-13.941086   297.262238  6.009006
-8.005700   273.271729  10.070897
-6.781087   268.026428  10.115755
-4.994579   262.628510  10.509489
-2.437005   259.190247  11.028326
0.788812   255.851151  11.205819
4.102201   251.511551  10.829122
6.965685   248.855743  10.961782
10.382463   246.319977  10.619202
13.657472   244.982651  10.149967
16.968781   244.935928  8.821671
20.220217   246.450211  7.594275
22.824533   248.835083  6.621418
25.457050   252.025024  5.396420
28.636053   258.567810  4.433919
31.203535   264.411896  3.195292
33.079964   270.478516  2.183912
34.378448   276.032074  2.253813
35.217827   282.187439  2.893158
35.467842   288.125336  2.282024
34.775387   293.741119  2.300664
33.581116   298.949951  2.706878
32.241032   304.375641  2.779305
28.725071   315.979218  4.089723
25.948528   319.591187  5.191260
23.323811   323.131653  5.975923
20.566116   326.110748  6.601656
17.133858   329.279297  7.751176
13.912512   332.099060  8.257817
10.015619   332.846313  8.367576
-0.093001   333.892090  9.825573
-0.691673   333.965088  9.950644
-2.936771   333.559174  10.578690
-5.054889   331.651245  10.755869
-6.656102   329.497498  11.099178
-7.758766   327.159882  11.366477
-8.360536   325.863831  11.507810
-8.751230   325.196686  11.573118
-8.901999   325.384521  11.196816
-8.693897   325.871338  10.825009
-7.244972   327.850922  10.261848
-4.822942   331.512512  9.915629
-1.031436   337.614197  9.596674
3.381757   343.195831  10.137937
7.314690   347.702515  10.479584
11.437736   352.695587  11.291061
15.635207   355.412964  12.080750
18.908075   358.313080  12.709332
22.007763   359.807892  13.241199
24.380169   359.189728  13.458490
26.509087   358.255920  13.541945
27.963373   355.723145  13.642641
29.709435   351.939728  14.462116
31.728199   347.915649  15.360805
33.123966   339.915009  15.422515
34.884758   332.445404  16.036818
36.689777   324.092560  16.613224
38.523434   314.576447  17.750233
40.397373   304.658447  19.234825
43.139278   296.108978  21.069798
44.645561   287.181427  22.876356
46.569252   280.256226  24.883097
48.079735   273.587189  26.823462
50.128403   268.227112  28.648102
58.497810   258.527832  30.735209
59.129639   258.061066  30.896984
61.613865   256.331543  30.570948
64.426796   256.325989  30.079981
67.112564   257.077728  28.933619
69.875427   258.773102  27.426315
72.694214   261.101715  25.663458
75.696739   264.771515  23.571815
77.985909   268.319702  22.106745
80.096458   272.530457  20.873423
82.915421   278.533783  18.984201
84.662079   284.982269  17.700100
85.479393   291.558502  16.692518
85.463242   297.204071  15.804741
84.084023   302.239014  15.254421
78.166000   310.766022  14.865010
74.338783   313.876038  14.652328
70.108994   316.547577  14.179949
65.775742   317.507996  13.297781
61.770786   317.847809  12.733809
57.905331   317.909454  12.904224
54.112133   317.107422  13.788419
50.869320   314.867798  14.987068
48.914974   313.521698  15.974481
47.657730   312.749329  16.841293
46.734791   312.435883  17.321783
46.161327   312.458344  17.331583
45.818600   312.866852  17.295454
45.763409   313.825531  17.135071
46.279831   315.484650  16.864141
47.425499   317.860352  16.719877
49.220158   320.386810  16.773087
51.439068   322.930908  16.379707
53.629925   325.141785  16.178595
55.852943   326.496429  16.087574
57.711388   326.432983  15.990373
59.957497   325.024414  15.448878
62.330048   322.582611  15.477988
64.988190   319.000610  15.710832
67.680359   313.350677  16.554220
70.824692   307.395111  17.469036
73.765144   300.416138  18.599005
76.495743   293.055603  20.250912
78.642220   284.860229  22.341072
80.718719   276.115753  25.092211
82.660957   266.901520  27.568789
84.193581   257.454834  30.676716
86.122459   248.522858  33.964096
87.551003   238.652359  37.190544
88.749878   229.316483  40.602509
89.244774   221.365250  43.954712
89.048317   213.871490  47.789108
89.010399   206.342529  50.708801
88.309433   198.363754  53.642517
88.098824   193.892349  55.749172
85.500465   187.030167  57.594818
79.852570   180.798233  59.022610
73.097656   175.071381  60.454525
55.356815   175.315048  58.325558
54.823036   175.720459  58.100159
52.185944   178.098663  56.315651
49.915054   183.432709  52.090122
49.576496   189.455658  47.791183
50.397800   197.860138  42.406452
52.805004   207.685028  37.510166
55.485260   219.169083  33.360855
58.622780   229.561752  29.308550
62.370266   241.578568  26.370819
66.573944   253.430634  23.916710
71.070610   265.204834  21.537766
75.204124   276.877075  20.861145
79.334267   287.846069  20.424767
83.050430   297.291199  19.722445
86.498039   306.899353  19.186102
88.780060   314.473969  19.344948
90.870644   321.874115  19.506262
92.419319   328.470673  19.971893
93.496330   334.171844  20.787813
94.054642   339.435425  22.109922
94.666977   345.749054  22.790668
94.292282   350.120941  22.970835
93.419052   353.134399  22.780334
92.608910   355.371887  22.617765
91.574310   356.240356  22.466099
90.585892   356.692780  22.262089
89.540848   356.353424  22.163609
87.646385   354.295258  22.350542
86.449524   352.530273  22.336714
84.946327   348.018372  22.472244
82.968338   337.584686  22.553005
82.097107   328.120544  22.869717
81.562912   319.733032  23.600643
82.266029   304.886353  26.016104
82.482109   304.008423  25.972784
83.830696   301.531982  25.410622
85.201271   300.958832  25.099861
86.114784   301.299133  24.839331
87.079941   302.069824  24.483473
88.043846   303.384857  23.940834
88.943779   305.178650  23.549397
89.912529   307.132385  23.129702
91.610336   310.984619  22.680073
91.888733   311.697083  22.645374
92.250237   313.244202  22.585665
92.695961   314.678009  22.463795
93.066116   315.317657  22.363501
93.444458   315.264343  22.529514
94.165352   314.380676  22.934898
95.001801   312.928162  23.247519
96.134285   310.456299  23.644838
97.387695   305.959900  24.667049
98.642586   300.616302  25.990789
99.491264   295.955872  27.568333
100.034142   293.270935  28.882050
100.121887   291.837219  29.450796
100.240005   291.702209  29.608412
100.402214   292.145752  29.498617
100.943726   294.909546  28.559229
101.454620   300.336853  27.224859
101.847435   307.312225  25.643827
102.472824   315.308105  24.156475
102.801544   323.375214  23.230877
103.647369   331.240387  22.127050
104.425751   337.668915  21.769215
104.680054   342.649506  22.167101
105.182701   346.047729  22.471571
105.280144   347.803131  22.589289
105.780182   348.490204  22.464558
106.639534   348.223480  22.393980
110.388168   341.866333  22.565477
110.976173   340.385864  22.604988
113.951790   333.357056  23.537348
117.606834   323.715912  25.860386
120.596588   314.698608  28.690586
123.418953   307.578339  31.095570
126.559090   300.627075  33.996677
129.136215   295.238159  36.421860
131.637283   291.909027  38.066158
133.971054   289.660248  39.357529
136.608597   287.450684  39.863495
138.515289   285.485443  39.949368
140.517212   284.696625  39.127548
142.127823   285.028107  37.534618
144.463806   289.297211  34.842155
145.774170   295.276520  31.157827
146.699295   302.370941  28.736671
147.943817   312.361298  26.832155
150.299393   323.672302  26.049629
153.010147   334.643433  26.067169
154.404327   343.746979  27.776997
154.914902   351.162018  29.923971
155.823196   358.139282  31.713650
156.192703   364.937500  33.365734
156.696564   370.861053  34.801956
156.279037   373.901794  35.686928
155.737869   375.736755  35.820858
154.656708   375.680878  35.792351
154.082336   376.390198  36.177757
153.827026   376.957581  36.312286
153.597076   377.310333  36.347916
153.364517   378.092834  36.670803
152.908142   378.925629  37.389706
152.483017   378.962921  37.490517
152.246048   379.454254  37.538498
151.850449   379.623718  37.618462
151.628174   379.831818  37.673935
151.448578   380.082184  37.714458
151.331314   380.175537  37.769234
151.198257   380.154480  37.871307
150.917496   379.539856  37.740379
150.782455   379.293335  37.771740
150.742249   379.312439  37.825600
150.492981   378.507080  37.586548
150.156281   377.062195  37.158001
150.015945   375.546051  36.756634
150.111435   374.704803  36.523804
150.205872   372.773224  35.970978
149.998306   370.494476  35.804169
149.954788   365.597504  35.163361
151.823669   357.732635  33.628399
152.413040   356.189941  33.527542
152.834641   354.055420  33.455967
153.377686   352.088013  33.672256
153.853775   350.691864  33.857662
154.433289   349.415070  33.948322
155.051102   347.801636  33.618202
156.156326   346.519958  32.885708
157.000793   345.503967  32.440254
158.042770   344.431000  31.796112
158.971695   342.961975  30.903248
159.250656   342.036926  31.320427
159.649780   340.630310  31.055002
160.049210   339.441864  30.880192
160.611084   338.071869  30.670870
161.368393   336.754425  30.679878
161.437561   334.609100  30.305182
161.384384   333.033569  30.724833
161.304901   330.404999  31.129122
161.089188   327.944916  31.368708
160.497116   324.660889  31.668760
159.640045   320.698364  32.095882
158.104126   316.422302  32.986538
