-45.135651  122.842247  37.098530
-45.148438  122.823936  37.103302
-45.166069  122.804794  37.116234
-45.180168  122.789688  37.127834
-45.189384  122.773407  37.143597
-45.202625  122.764336  37.156548
-45.214333  122.751266  37.171658
-45.231480  122.743477  37.193279
-45.249928  122.732277  37.216217
-45.228321  122.695602  37.257832
-45.258308  122.726524  37.271008
-45.270931  122.761627  37.291153
-45.287411  122.813980  37.316360
-45.297955  122.848053  37.335876
-45.307392  122.865189  37.318672
-45.317142  122.874779  37.276844
-45.334110  122.879402  37.232239
-45.359646  122.908974  37.199287
-45.402733  123.012642  37.149948
-45.416920  123.010048  37.126385
-45.434673  123.013145  37.099865
-45.456390  122.944633  36.965984
-45.519653  122.844719  36.758732
-45.607269  122.750214  36.547337
-45.694523  122.687027  36.364079
-45.810783  122.943199  36.070568
-45.904949  123.100571  35.919174
-45.980808  123.184242  35.824078
-45.992783  124.040466  35.428299
-46.091248  124.249565  35.265461
-46.158386  124.254189  35.190849
-46.258385  124.163078  35.156368
-46.433403  124.001495  34.979336
-46.582188  123.836136  34.815186
-46.750977  123.875198  34.718315
-46.873821  123.814247  34.587894
-46.876850  123.602516  34.584530
-46.973763  123.695213  34.434505
-46.994061  123.461639  34.378899
-47.062191  123.314621  34.326374
-47.194729  123.200371  34.183525
-47.257668  123.004448  34.029926
-47.310669  122.866425  33.880569
-47.344040  122.797241  33.787144
-47.360363  122.670647  33.724739
-47.366749  122.550232  33.676525
-47.374611  122.453476  33.635201
-47.693493  123.673195  34.873314
-47.678928  123.905510  35.307602
-47.673260  123.967018  35.537586
-47.680191  123.935310  35.647060
-47.759560  124.180840  35.700928
-47.823174  124.358139  35.742569
-47.862362  124.479256  35.774906
-47.924526  124.519394  35.883224
-47.963009  124.702316  35.807201
-47.969917  124.738411  35.782757
-48.038551  124.865540  35.673569
-48.134327  125.151970  35.457695
-48.241016  125.529793  35.241741
-48.475399  126.261559  34.984512
-48.671604  126.822418  34.818474
-48.824512  127.378334  34.455536
-49.216724  128.056305  34.090641
-49.504257  128.633850  34.037647
-49.769199  129.265640  33.903793
-50.047352  130.006241  33.659622
-50.853821  131.429337  33.554470
-51.148338  132.194366  33.500576
-51.371132  132.875702  33.399124
-51.677654  133.557953  33.305634
-52.073654  134.109512  33.167816
-52.351955  134.539795  33.066048
-52.498009  134.856567  32.966381
-52.665756  135.099365  32.862091
-52.828053  135.294891  32.763145
-53.067280  135.390320  32.590530
-53.210430  135.445374  32.481621
-53.349072  135.499832  32.378021
-53.419685  135.524628  32.310913
-53.487003  135.517990  32.256912
-53.549465  135.337433  32.194992
-53.584801  135.105225  32.174789
-53.643368  134.827209  32.034157
-53.727654  134.522690  31.882681
-53.679359  134.207138  31.157513
-53.612507  133.738541  31.104940
-53.566952  133.526886  31.103994
-53.533768  133.429794  31.108480
-53.553555  133.353500  31.065210
-53.592312  133.208160  31.134510
-53.817783  133.299988  31.371387
-53.810669  133.309021  31.384327
-53.793064  133.334457  31.415567
-53.826817  133.313858  31.398525
-53.895782  133.348846  31.360287
-54.075684  133.332184  31.441015
-54.479343  133.458191  31.544306
-54.746662  133.646408  31.601164
-54.885609  133.924423  31.634171
-55.022625  134.437973  31.806606
-55.203915  134.987457  31.946955
-55.381023  135.520935  32.005993
-55.575245  136.013321  32.017666
-55.722984  136.385010  32.031292
-55.979717  136.708176  31.962420
-56.139057  137.008041  31.936581
-56.253098  137.213852  31.917051
-56.298588  137.240555  31.892406
-56.386147  137.194931  31.912022
-56.379181  136.763260  31.950775
-56.233662  135.500946  32.168678
-56.218044  133.611908  32.637253
-55.640076  129.866577  32.723061
-54.897552  124.541405  32.956951
-53.988300  119.279320  34.126816
-52.792027  114.043640  35.994164
-51.277119  110.702553  39.819237
-50.089314  106.575142  42.249344
-49.223701  103.489380  44.818481
-48.626621  99.924362  46.782677
-48.120220  97.485695  48.180561
-47.880936  94.939331  49.500595
-47.403316  92.862823  50.633404
-46.630226  90.349510  51.801735
-45.498676  87.528976  52.919678
-44.604050  85.338142  54.341526
-43.892208  83.577934  55.823811
-43.514412  83.043251  57.711983
-42.979050  82.876877  59.180046
-42.596504  82.834938  60.091339
-42.342312  82.983444  60.554279
-42.103550  83.295433  60.772350
-42.025738  84.002350  60.956371
-41.902584  85.047661  60.953724
-41.703346  86.265846  60.778778
-41.086769  89.036896  60.575882
-40.215794  91.981239  60.069294
-39.642128  94.421654  59.846329
-39.294014  96.232971  59.532097
-38.966526  98.273529  58.963993
-38.581776  100.877335  58.057114
-38.746025  104.295723  56.501987
-38.742462  108.070587  55.209167
-39.375198  110.756493  53.522369
-40.287090  112.801292  52.032944
-41.265926  114.411270  50.201313
-42.277931  115.754150  48.763531
-43.403465  117.455070  47.670334
-44.493721  118.794876  46.793877
-45.954723  120.181007  46.198509
-47.921303  121.288841  45.399052
-50.194031  122.066498  44.549011
-52.427834  122.838051  43.907227
-54.554867  123.268723  43.443924
-56.780666  123.360382  41.929184
-59.000359  123.312614  40.950920
-61.285389  123.015282  40.065258
-63.615616  122.922302  39.062016
-64.869232  122.991333  38.809074
-65.879883  123.412102  38.297939
-66.524490  123.516632  38.260933
-67.159889  123.712692  37.643398
-67.617744  123.699852  35.987888
-67.712486  123.612251  34.994728
-67.377518  123.448853  33.933411
-66.557556  124.292213  32.786087
-64.702591  124.916115  31.631784
-62.508892  126.115562  29.861332
-59.831242  127.772163  28.270735
-56.538719  129.564056  26.818108
-52.884178  130.794937  25.436440
-48.754631  130.973389  25.442722
-45.019180  131.823578  24.715479
-41.321075  132.641174  23.855179
-38.120499  132.938019  22.779169
-35.219891  133.367004  21.738039
-32.349205  133.212219  21.145655
-29.212173  132.996246  20.560223
-26.848276  132.565262  20.270559
-24.575556  132.141098  19.996178
-21.573746  133.164215  20.339190
-19.592403  133.764297  20.880972
-18.377747  133.270935  21.158457
-17.651447  132.331436  21.305056
-17.215923  131.287231  21.414551
-16.889145  129.805847  21.647646
-16.823956  128.096893  22.709124
-16.926180  126.258461  23.363913
-16.896799  124.628639  23.633757
-17.075094  122.868141  23.934599
-18.147457  120.112869  24.614656
-19.721439  116.944908  25.621510
-21.963940  113.454552  27.236458
-24.374907  108.925621  29.408810
-27.119770  105.160164  31.299757
-29.405382  102.708076  32.819466
-31.472378  101.097145  34.397926
-33.170864  100.907188  37.761330
-34.487324  100.040070  40.737537
-35.258263  99.677399  42.032124
-35.806099  99.430946  42.842987
-36.193775  99.303421  43.247425
-36.524769  99.343758  43.499344
-36.787678  99.540665  43.515907
-37.332390  100.028961  43.310608
-37.820545  100.990608  42.733181
-38.227482  102.370270  41.986694
-38.439754  103.810616  41.125744
-38.626144  105.618736  40.024586
-39.014973  107.861725  38.747738
-39.279400  109.896629  37.536057
-39.390644  111.584007  37.078014
-39.797325  113.722511  36.311031
-49.443455  123.131897  45.838303
-45.265480  127.058464  36.338249
-44.076267  130.417145  29.796162
-44.018288  130.906754  28.932924
-44.162067  131.495956  28.850708
-44.569393  131.965820  28.539822
-44.877602  132.386719  28.268557
-45.285671  133.529709  27.625786
-45.516068  133.870438  26.818375
-45.851566  134.415268  26.156078
-45.709690  134.122345  25.796700
-45.747192  133.469055  25.200100
-45.590897  132.619232  24.780144
-45.287205  131.651337  24.650003
-44.465420  129.925690  24.972857
-43.670059  127.713318  25.189034
-42.760597  125.267143  24.341774
-41.911095  122.600342  24.477306
-40.471760  119.513992  25.451023
-39.944874  115.460022  25.346725
-38.399292  111.232758  26.259344
-37.393318  107.364906  26.509079
-36.568695  103.042122  26.443100
-35.396637  98.976120  26.849628
-34.716236  95.081184  26.456968
-34.416626  92.254601  26.846064
-33.987179  89.453804  27.722565
-33.569611  86.981010  28.680357
-33.042179  84.652161  29.823235
-32.500542  82.263336  31.201979
-32.177883  80.767693  32.040077
-31.963614  80.330704  33.443192
-31.833719  80.024010  34.552536
-31.751537  79.901581  35.452824
-31.711432  79.874016  36.094315
-31.592449  80.121140  36.658386
-31.358616  80.430016  36.861912
-31.296255  80.625481  36.602360
-31.109692  80.976433  36.029362
-31.112194  81.822968  33.866112
-30.745230  83.332054  31.006382
-30.181116  85.131363  28.570311
-28.927252  87.217743  25.705679
-27.906782  89.574394  22.519569
-27.129894  92.104645  20.350763
-26.094477  94.899460  18.266127
-24.735590  97.276299  16.441359
-23.403221  100.135071  14.299495
-22.333639  102.483498  12.775077
-21.393751  105.033264  11.126813
-20.733866  107.141647  10.055916
-20.555359  109.171249  9.162378
-20.233973  111.588974  8.022249
-20.115635  113.724876  7.377682
-20.140162  115.086609  7.028212
-20.274536  116.131668  6.773905
-20.641256  117.005768  6.556771
-21.151747  117.592354  6.550647
-21.966864  117.857971  6.701118
-22.551161  118.046127  6.891320
-23.277262  117.915482  7.219177
-24.137321  117.348351  7.783657
-24.924656  116.397034  8.143876
-25.892668  115.008827  8.666753
-26.595102  112.345619  9.145478
-26.925060  109.856728  9.687398
-27.203644  107.762054  10.245365
-27.508804  104.477989  10.912950
-27.595627  101.718002  11.594530
-27.535906  98.556908  12.709348
-26.490345  95.079865  13.585623
-25.438440  92.134262  14.199186
-23.722084  88.636116  14.988605
-22.339718  85.246002  15.788552
-21.087912  82.238808  16.515701
-20.030972  79.737816  16.756907
-19.306742  78.147934  17.234533
-18.799885  77.073967  17.619024
-18.367788  76.331230  17.877716
-17.928640  75.816223  18.006960
-17.556849  75.372452  18.108477
-17.239901  75.232460  18.120497
-17.077261  75.354042  18.021837
-17.172396  75.903824  17.954382
-17.612707  77.202118  17.636759
-17.662867  78.814445  16.999630
-17.668352  81.376831  16.118069
-17.448431  85.066711  15.449951
-17.512518  88.050156  15.110406
-17.627596  91.416016  14.449989
-17.476637  95.439545  13.352747
-17.306658  99.029221  11.941879
-17.954746  101.544586  11.388560
-18.811581  104.415764  11.003148
-19.431475  107.200874  10.278200
-20.025963  109.993591  9.283129
-20.655993  112.798843  8.566223
-21.081697  115.113693  8.073547
-21.446644  116.943390  7.682804
-21.920731  118.680412  7.284206
-22.382427  120.262917  6.936938
-22.695955  121.462181  6.614172
-22.906633  122.224541  6.131460
-23.187294  122.545914  5.672547
-23.450756  122.656746  5.354519
-23.598593  122.723366  4.771210
-23.448719  122.521034  4.638373
-22.986158  121.736145  4.583763
-22.396299  120.108414  4.633836
-21.682661  117.830055  4.660018
-20.955078  114.504265  5.021030
-20.172617  110.738312  6.119491
-19.449408  106.764038  6.964271
-18.739416  102.878883  7.165432
-18.109325  96.227333  6.434937
-17.469767  90.314102  6.339414
-16.990852  85.625229  6.939367
-16.599730  81.866554  8.047881
-16.143602  77.759224  8.836887
-16.169218  74.895798  9.885667
-16.143923  71.733704  10.947358
-16.252441  69.437416  11.578311
-17.258617  62.069923  12.237560
-18.307892  62.557377  11.347282
-18.688311  63.131382  10.968191
-19.525553  65.004745  10.309895
-21.393335  68.087029  9.633705
-23.367195  71.171242  9.590478
-24.427956  74.397858  8.757041
-25.345306  77.959763  7.806781
-25.519222  81.894920  5.451806
-26.083946  85.684357  3.497844
-27.276762  89.706741  1.893867
-28.689901  94.279510  -0.053427
-29.739523  98.749962  -2.542591
-30.169651  102.724892  -4.348795
-30.722660  105.885559  -5.151610
-31.378866  108.744553  -5.637604
-31.981705  111.297028  -6.140110
-32.717430  114.085052  -7.049407
-33.166527  116.683922  -8.043604
-32.723198  120.197037  -9.390383
-32.409660  122.632080  -10.236388
-31.731119  124.999741  -10.599679
-30.533144  128.318939  -10.906261
-28.710590  131.630295  -11.355289
-26.180773  135.846725  -10.978236
-24.166920  138.257172  -11.042303
-22.074230  140.701569  -11.431022
-19.897802  142.295456  -11.945369
-17.715652  143.150253  -12.449102
-15.492029  143.841110  -12.735854
-13.332306  144.457870  -13.035352
-10.949813  145.013474  -13.389404
-8.521590  145.380859  -13.626905
-5.740891  145.576004  -13.747026
-2.897841  145.649933  -13.865266
-0.261349  145.654602  -13.858473
2.174621  145.514771  -13.711072
4.931540  144.871674  -13.362063
7.227690  143.933487  -12.750897
9.295295  143.107010  -12.224721
11.223521  142.319687  -11.704374
13.466730  141.437897  -10.213017
15.412237  140.657288  -8.995019
16.811556  139.897293  -8.148762
18.087826  138.709229  -7.110792
18.954176  137.662369  -6.240235
19.530102  136.473877  -5.242925
20.043718  135.211823  -3.687955
20.508587  134.124466  -2.685134
20.586550  133.157242  -1.663042
20.261108  131.829407  -0.304360
19.619898  130.632629  0.973082
18.839363  129.419083  2.140742
17.827364  127.964912  3.090784
16.670557  126.329491  4.234097
15.194749  124.957245  5.470207
13.601561  123.481483  6.688890
11.221617  121.419479  8.045242
8.517332  119.447861  9.385626
5.439257  117.565002  11.180895
2.737118  114.873917  12.278986
-0.091326  113.076256  14.037527
-2.575886  111.556999  15.455672
-5.400142  110.287445  17.020416
-8.397166  108.898308  17.877655
-10.353289  107.709633  18.555634
-11.712505  106.772247  19.143190
-12.399656  106.200623  19.466738
-12.865590  105.679604  19.685324
-13.255153  105.207130  19.845797
-13.487033  104.802811  19.973791
-13.625771  104.436356  20.085367
-13.859923  104.045242  20.162128
-14.192903  102.876297  19.639355
-14.321396  102.210831  19.274109
-14.358729  101.759216  19.028498
-14.295601  101.601143  18.982437
-14.237759  101.506569  18.954248
-14.158166  101.440132  18.949104
-14.097301  101.390884  18.958261
-14.040424  101.348175  18.977747
-13.987766  101.309822  18.997143
-13.942732  101.272018  19.014181
-13.890260  101.241570  19.041210
-13.755228  101.233727  19.104179
-13.389540  101.425995  19.438442
-13.033667  101.610931  19.778927
-12.808887  101.711319  20.012949
-12.683452  101.661903  20.164061
-12.572275  101.573044  20.313351
-12.444945  101.533493  20.484312
-12.390861  101.551384  20.774784
-12.285973  101.580093  21.035971
-12.249590  101.593460  21.309263
-12.242354  101.608154  21.545000
-12.162337  101.585159  21.760452
-12.107601  101.591331  21.998678
-12.052018  101.595543  22.193338
-12.055054  101.578094  22.358412
-12.020494  101.468727  22.525419
-11.984188  101.378906  22.653740
-11.888521  101.292564  22.751417
-11.833935  101.213188  22.855711
-11.754827  101.152611  22.938866
-11.628880  101.139069  23.009954
-11.524589  101.121201  23.116796
-11.431085  101.071823  23.213263
-11.367521  101.036354  23.302185
-11.309084  101.014526  23.397335
-11.239455  100.994331  23.464666
-11.171143  100.960503  23.533991
-11.125920  100.898987  23.628855
-11.084184  100.853569  23.692924
-11.032871  100.822296  23.740784
-11.025266  100.777588  23.803644
-10.998803  100.750824  23.848673
-10.960339  100.737541  23.876232
-10.904305  100.739830  23.887655
-10.853456  100.735252  23.890512
-10.863221  100.716125  23.947598
-10.851276  100.696518  23.994534
-10.846247  100.688995  24.033871
-10.842128  100.690628  24.064913
-10.829650  100.696243  24.087955
-10.807524  100.713989  24.080069
-10.791368  100.731911  24.073034
-10.769169  100.751068  24.064262
-10.762423  100.760612  24.060345
-10.831032  100.766319  24.115187
-10.885556  100.777641  24.160803
-10.926296  100.796295  24.195356
-10.953016  100.827194  24.216652
-10.980978  100.877823  24.228287
-11.000839  100.929184  24.234571
-11.018834  100.986435  24.236082
-11.037667  101.043694  24.235319
-11.043242  101.096443  24.231785
-11.063908  101.122398  24.229345
-11.075802  101.144203  24.226475
-11.175101  101.129791  24.288399
-11.263393  101.127274  24.341484
-11.307116  101.130417  24.355547
-11.340281  101.139854  24.364882
-11.358884  101.151344  24.365358
-11.380963  101.184883  24.377796
-11.402848  101.211967  24.390766
-11.402809  101.251640  24.383184
-11.406260  101.294510  24.375917
-11.407343  101.333229  24.369587
-11.410853  101.378197  24.360992
-11.411652  101.421204  24.352629
-11.420438  101.464577  24.345240
