-107.534081   254.225449  -47.853279
-107.531456   254.302704  -47.910393
-107.515602   254.377930  -47.993507
-107.510239   254.416489  -48.058643
-107.507721   254.430450  -48.102158
-107.506294   254.390793  -48.136711
-107.517349   254.297592  -48.168056
-107.524948   254.178467  -48.195480
-107.530785   254.077805  -48.234825
-107.537384   254.031082  -48.294357
-107.516914   253.908417  -48.301834
-107.510147   253.787079  -48.326485
-107.501945   253.672409  -48.372608
-107.501419   253.567383  -48.401310
-107.505890   253.493668  -48.453270
-107.476479   253.447556  -48.527569
-107.386429   253.394440  -48.631908
-107.324425   253.378738  -48.705772
-107.292709   253.361603  -48.745270
-107.273071   253.352859  -48.759609
-107.286171   253.350388  -48.768600
-107.388252   253.413559  -48.507759
-107.656647   253.388748  -48.338554
-108.404358   253.467026  -47.987316
-109.753677   253.406555  -47.516884
-111.793266   253.087982  -46.715172
-114.365685   252.399384  -45.338871
-116.975029   251.133087  -43.391945
-119.985939   249.259109  -41.232311
-123.196709   247.119370  -38.522659
-125.821930   243.773849  -34.449589
-129.253723   237.336868  -30.136387
-131.880249   233.649872  -27.601700
-133.651474   230.304581  -24.870346
-135.124084   225.122589  -21.051138
-136.247070   219.429871  -16.847427
-136.774307   214.080124  -12.398726
-136.840012   208.318039  -8.698221
-137.191391   202.761169  -5.515738
-137.145157   197.060287  -2.242823
-136.460983   191.666412  1.527009
-134.903778   185.638031  4.470755
-133.010071   179.612259  7.590288
-130.061478   174.406967  10.898067
-127.959785   170.070892  13.439335
-125.542870   165.159592  15.166913
-122.957153   160.236664  16.158524
-120.186386   156.309143  16.972862
-116.492058   152.131973  16.911650
-112.610947   149.017197  16.647139
-108.338036   146.745621  16.294374
-104.610237   145.336487  15.284488
-100.559906   144.521652  13.979564
-96.244171   144.576660  11.932100
-92.183701   145.559082  9.508785
-88.755104   146.690933  6.433484
-84.868126   148.961288  2.707700
-80.742691   153.206284  -1.698288
-76.691261   157.998703  -6.781760
-73.324898   163.439804  -11.230891
-70.559151   168.609146  -15.824233
-68.574059   174.494583  -19.225870
-66.886047   180.061859  -22.089998
-65.596054   186.263840  -25.579241
-64.359825   192.469604  -28.165581
-63.493862   199.779541  -30.730440
-63.322048   206.307083  -33.114899
-64.718185   226.051895  -37.246227
-65.542854   230.370850  -37.715054
-66.785423   234.675964  -38.366531
-67.778984   240.436905  -38.209034
-68.588242   244.510254  -37.160294
-70.040726   248.857391  -36.773926
-71.729103   252.396088  -36.353725
-73.608971   254.855087  -35.792175
-75.830864   257.875183  -35.266747
-77.975281   260.459198  -34.846382
-80.397720   261.418304  -33.750282
-83.204887   262.534821  -32.302616
-85.995232   263.089783  -31.011271
-88.805168   263.406586  -29.849403
-91.596779   262.601990  -28.694519
-94.552017   261.287628  -27.448776
-97.581001   258.888245  -24.829796
-100.577896   256.379028  -22.421156
-103.387383   252.713135  -20.094164
-106.060577   248.736008  -17.434721
-107.882835   243.381241  -13.614832
-109.826744   237.892319  -10.676238
-111.598686   232.644806  -8.287599
-113.234047   227.832367  -6.156029
-114.201286   223.001526  -3.366643
-115.202057   217.841599  -0.710233
-115.189766   212.570496  3.009230
-115.097687   207.093674  5.968527
-114.911522   202.227310  8.577911
-113.995789   196.983688  11.100965
-113.033035   191.534409  13.057397
-111.560463   187.250076  15.477728
-109.780586   181.811142  18.055855
-108.810753   178.811569  18.903349
-106.609779   174.321625  20.484047
-105.185066   171.409500  21.302397
-102.486534   166.255188  22.203415
-100.880257   163.816238  22.675699
-99.217094   161.418198  23.255640
-96.600754   158.638870  23.710056
-94.674461   157.372665  23.544407
-92.283768   156.429901  23.322472
-89.674797   155.748993  22.586966
-87.029533   155.837921  21.394663
-82.841492   156.445480  19.194727
-81.480415   157.068405  18.283163
-79.299522   158.133286  16.649351
-76.327255   160.468826  14.806533
-73.605995   161.967194  12.158543
-71.248085   163.669128  9.404891
-69.350548   166.271240  6.989123
-67.135353   169.486191  4.544906
-65.222618   171.796310  2.580717
-63.223354   174.632294  0.693706
-61.234207   178.043747  -1.469877
-59.185287   180.940948  -3.297241
-57.383926   184.345795  -5.399749
-55.807510   187.276489  -7.229784
-54.427429   189.980225  -8.637173
-53.166164   192.793610  -10.162264
-52.213081   195.512680  -11.447595
-51.448242   197.930740  -12.663331
-50.841179   200.147842  -13.660446
-50.295124   202.250885  -14.187444
-49.824211   203.861664  -14.497932
-49.287395   205.555862  -14.425053
-48.982185   206.687485  -14.392450
-48.843319   207.563873  -14.440653
-48.804546   208.227249  -14.523433
-48.783897   208.589706  -14.523158
-48.688366   208.789032  -14.117172
-48.758724   208.851837  -13.829577
-48.901131   208.516037  -13.268314
-49.261284   207.714447  -12.417656
-49.736855   206.417969  -11.469860
-50.447906   204.538193  -10.561771
-51.099041   202.277863  -9.238893
-51.756130   199.618149  -7.534658
-52.473492   197.004318  -5.716057
-53.321930   194.140442  -4.133012
-53.941631   191.468964  -2.274177
-54.883213   188.309723  -0.540725
-55.802914   184.887894  1.652448
-56.566822   181.395706  3.624692
-57.308327   178.144409  5.683990
-57.891502   174.597000  7.357963
-58.573608   171.393768  8.996845
-59.245556   168.319962  10.671868
-59.922203   165.221649  12.387463
-60.493618   162.388901  14.431162
-60.908493   159.771835  16.615509
-61.104774   157.887695  18.077003
-61.285961   155.881607  19.354340
-61.436905   154.180908  20.322943
-61.538975   152.620087  21.068928
-61.508938   151.332886  21.751099
-61.452183   150.435242  22.247826
-61.403896   149.852371  22.562445
-61.389805   149.542465  22.702967
-61.263584   149.473907  22.658325
-61.107651   149.604019  22.486458
-60.770370   150.142746  21.714563
-60.219536   150.836670  20.783577
-59.697968   152.534882  19.101467
-59.103176   154.390900  17.281065
-58.571896   156.689499  15.647422
-58.031918   159.353363  13.815626
-57.580147   161.924194  11.567439
-57.063976   164.705078  10.033700
-56.449818   168.393234  8.425066
-55.887638   171.028458  6.986030
-55.397972   173.828049  5.539629
-54.539013   177.315811  3.978098
-53.584015   180.565353  2.445520
-52.432472   183.743774  1.023100
-51.252254   186.490646  -0.214460
-50.370708   189.144608  -1.564156
-49.528416   191.704910  -2.988605
-48.737556   193.593933  -4.063138
-47.862091   195.658859  -5.253839
-46.903759   197.450699  -5.998411
-45.824905   199.601486  -6.729058
-44.521187   201.415909  -7.384722
-43.285862   202.939392  -8.021228
-42.109837   204.320267  -8.560839
-38.769096   206.061493  -9.357525
-37.972916   206.330521  -9.501699
-36.998383   206.263184  -9.563899
-36.101574   205.964798  -9.451882
-35.098179   205.816467  -9.003573
-34.333763   205.302414  -8.429010
-33.739040   204.193741  -7.900886
-33.331173   202.686752  -7.274240
-33.054096   200.568069  -6.614623
-32.903591   198.277557  -5.856734
-32.911579   195.585281  -4.657290
-33.009274   192.443512  -3.056314
-33.391090   189.802185  -1.746430
-33.575989   186.867203  -0.416209
-33.957409   183.898438  1.035866
-34.174007   181.386307  2.334354
-34.605465   178.524109  4.252507
-34.938904   175.481903  6.007361
-35.299057   172.580734  7.818858
-35.827351   169.762039  9.978440
-36.268063   167.101761  11.920443
-36.705639   164.366821  13.468152
-37.062237   161.689285  14.907045
-37.493904   158.818420  16.081289
-37.377281   156.373764  18.187384
-37.573357   154.584351  19.786551
-38.047043   152.691498  20.913458
-38.717442   150.839355  21.167225
-39.145901   149.581192  21.518311
-39.394333   148.513580  21.834419
-39.538033   147.649536  22.116880
-39.559959   147.003754  22.340384
-39.537151   146.483154  22.521250
-39.521233   146.147141  22.604937
-39.527016   145.811371  22.471773
-39.501602   145.691284  22.208008
-39.427437   145.826782  21.823006
-39.326237   146.186661  21.410927
-39.239422   147.341888  20.471462
-39.125160   148.845764  19.563284
-38.840694   150.618011  18.339205
-38.552540   153.011093  16.951294
-38.367268   155.430634  15.682011
-38.140907   158.096573  14.606811
-37.967510   160.487747  13.706408
-37.779293   162.659058  12.780144
-37.458515   165.324722  11.615624
-37.130753   168.454681  10.197159
-36.879265   171.742554  8.709412
-36.428539   174.739914  7.091205
-35.933147   177.469574  5.511957
-35.386356   180.000565  4.199162
-34.876556   182.805481  3.095651
-34.256687   185.957184  1.622403
-33.610859   188.815430  0.260469
-32.904663   191.111511  -1.079227
-32.127686   193.335510  -2.244556
-31.374165   195.321899  -3.124414
-30.481966   197.639389  -4.038987
-29.492287   199.997986  -4.632986
-28.436832   202.247070  -5.116031
-27.448366   204.131775  -5.667943
-26.477753   205.732697  -6.279355
-25.549658   207.024429  -6.872342
-24.956329   208.034760  -7.291959
-24.217793   208.877197  -7.802955
-23.396181   209.484116  -8.224424
-22.742327   209.661636  -8.484955
-22.336763   209.605576  -8.556141
-21.885574   209.259491  -8.227612
-21.393017   208.313797  -7.159548
-20.919916   207.528671  -6.193230
-20.638126   206.633377  -5.568619
-20.488327   205.151489  -4.585033
-20.109201   202.725891  -2.887338
-19.898689   200.429474  -1.605602
-19.516468   198.066696  -0.643639
-19.171761   195.625961  0.402310
-18.859236   193.138733  1.497518
-18.562563   190.628632  2.443647
-18.357412   188.200378  3.360307
-18.155987   185.653809  4.405480
-18.004326   183.077377  5.743978
-18.024441   180.358719  7.222731
-17.940281   177.316864  8.445604
-18.020363   174.613083  9.849496
-17.940323   171.668121  11.952898
-17.764769   168.607422  14.067971
-17.599548   165.712494  16.018698
-17.464071   163.145935  17.556259
-17.321978   160.664612  18.862822
-17.104929   158.101379  20.224760
-16.856972   155.678268  21.407091
-16.572462   153.534836  22.129087
-15.921286   151.362076  22.942192
-15.348577   149.366043  23.758759
-14.286647   147.241684  24.442711
-13.490505   145.606171  24.789043
-12.894110   144.204407  24.779989
-12.179857   143.156952  24.691092
-11.075280   142.419312  24.676577
-10.062614   141.789444  24.613617
-9.095651   141.468872  24.358318
-7.733966   141.580292  23.885351
-6.203423   141.812210  23.442451
-4.305090   142.053452  23.065634
-2.653853   142.406296  22.738600
-0.897346   142.956390  22.368227
0.715423   143.642838  21.939734
2.676982   144.666290  21.519491
4.366959   146.305603  20.780136
5.784096   147.797058  19.160282
7.298266   149.145187  17.690147
9.108689   150.616516  16.198120
10.919928   152.606674  14.728701
12.485760   154.329803  13.322281
14.059770   156.123886  12.041291
15.707582   158.549408  10.735690
17.319683   161.189560  9.844218
18.744112   164.115906  8.772095
20.128441   166.170486  8.013556
21.450369   168.994812  6.924158
22.837128   172.463058  5.444728
23.731764   174.673050  3.949894
24.633074   177.213348  2.651687
28.039246   185.077927  -0.415704
28.546774   186.734055  -1.402766
29.113789   188.524597  -2.270112
29.848709   190.418594  -3.100072
30.364889   192.008820  -3.653235
30.837381   193.518509  -4.136712
31.187534   194.880188  -4.598962
31.530296   196.380829  -5.160760
31.820528   197.933289  -5.529587
32.113785   199.387421  -5.839748
32.129749   200.415192  -6.018389
32.008976   201.262329  -6.223505
31.798035   201.807220  -6.368642
31.609606   202.151764  -6.417821
31.238857   202.494568  -6.406413
30.741243   202.699265  -6.337852
29.898977   202.746262  -6.108329
28.664005   202.591949  -5.734541
27.163094   202.123428  -5.078121
25.649820   201.410217  -4.339045
24.267239   200.609924  -3.634497
22.094364   198.866684  -2.482249
20.141428   197.167465  -0.964236
18.370857   196.108078  0.912590
17.112890   194.531387  2.300252
15.828240   192.641098  3.425903
14.248510   190.288116  4.702354
12.823029   187.808929  6.420619
11.544353   185.585983  7.527950
10.140295   183.080521  8.926023
8.949111   180.668091  10.190159
8.021862   177.896576  11.554996
7.357836   175.385529  12.770411
6.610439   172.790924  13.474956
6.144341   170.564362  14.621437
5.937296   168.690186  15.700586
5.889469   166.712921  16.910568
6.207033   164.656738  18.169737
6.721234   162.604965  19.233982
7.294134   160.732605  19.941755
8.280579   158.860809  20.648663
9.252254   157.504593  21.020643
10.506205   156.370178  21.277145
11.826394   155.347702  21.225285
13.240788   154.499390  21.260738
14.602268   153.530090  21.209118
16.331009   152.989883  20.712831
18.098854   152.609924  20.283052
19.739025   151.907990  19.937431
21.233942   151.776855  19.497442
22.769251   151.411957  19.189053
24.600618   151.328018  18.489464
26.235172   151.897064  18.018969
27.757452   152.529343  17.659473
29.298948   153.672546  16.682037
30.667370   154.820633  16.407436
31.841846   156.095596  15.571177
32.785530   157.378067  15.151758
34.142445   159.230255  13.953732
35.308292   161.342529  12.786850
36.114994   163.655685  11.070898
37.077984   166.151733  9.355745
37.058285   167.163391  6.900465
37.028461   169.227280  5.677797
36.723843   171.114029  4.780509
36.315292   173.040344  4.015468
35.791409   174.256699  3.606142
35.008850   175.677475  3.498231
34.968182   178.749207  3.862175
34.989941   182.305679  4.049295
34.742401   185.270844  4.105497
34.225838   187.701996  3.831960
33.164772   190.179016  3.581194
32.195129   192.409622  2.844820
32.310226   194.795105  2.310097
32.006641   196.872345  2.182244
33.536945   201.353455  3.235300
32.613911   201.935974  1.983885
32.776981   202.038361  1.056499
32.462357   202.026825  0.620099
31.765608   201.869171  0.413792
31.101633   201.737610  0.310522
30.618563   201.664520  0.197786
30.258738   201.836639  0.166027
30.049007   201.881104  0.157108
29.790941   201.838440  0.092070
29.568645   201.694763  0.067276
29.508152   201.549927  0.378798
29.432135   201.050797  0.644194
29.388208   200.425354  0.977848
29.512827   198.949020  1.798627
29.844212   197.226318  2.748695
29.908464   195.100739  3.633502
30.081635   193.420578  4.178382
30.519756   191.667648  4.741994
30.842779   189.285599  5.366875
31.577414   187.365448  5.987044
31.953741   184.662491  6.490435
32.257282   182.326538  7.071405
32.615303   179.949783  7.848426
32.805378   177.508835  8.509059
32.776428   175.040054  9.158245
33.775997   172.732605  10.570812
34.534351   170.147507  11.808308
35.092617   167.549484  12.772598
35.933178   165.075470  13.770032
36.470203   162.841034  14.663754
37.838699   160.572983  15.676972
39.086422   158.699448  16.571321
40.425232   156.784882  17.151707
41.672985   155.163193  17.588001
42.871574   153.737946  18.273661
44.183468   152.512604  18.478193
45.537956   151.278152  18.742018
46.996349   150.392090  18.646044
50.095135   151.859406  21.457952
52.420929   150.412125  22.459419
54.043022   149.178482  22.897898
54.816811   148.749893  22.745604
55.780319   148.826935  22.426208
56.987534   148.523041  22.131035
58.595890   148.432816  21.748472
60.397461   148.842422  20.941965
61.739189   149.601593  20.174089
62.855740   151.080231  19.359354
67.033920   157.671066  16.379925
67.753075   160.237534  15.371686
69.417694   163.838333  13.185437
70.547371   167.504593  12.355448
70.737785   168.833557  11.893318
71.557716   172.768845  10.315124
72.151947   176.500168  9.100306
72.171432   179.044815  8.572855
71.884109   181.139893  7.445495
71.662743   183.285370  6.434913
71.231812   185.111069  5.658455
70.719765   186.970505  4.883355
70.161888   189.371826  4.073183
69.444405   191.222305  3.437535
68.738029   193.254761  2.781251
67.864021   195.303040  2.163987
66.886650   197.014282  1.622483
65.826904   198.677811  1.077362
64.478912   200.358871  0.133247
62.976425   202.313766  -1.030288
61.363976   203.859451  -2.054572
60.039726   205.100922  -2.675604
58.547977   206.164352  -3.085605
57.385185   207.064072  -3.414166
56.059723   207.842804  -3.623702
54.730957   208.623932  -3.712438
53.338085   209.376556  -3.750569
52.119232   209.840836  -3.702106
50.904148   210.086319  -3.579521
49.745029   210.102524  -3.182670
48.605961   209.985245  -2.571269
47.562756   209.970856  -2.129559
46.631287   209.496628  -1.773976
45.766251   208.826279  -1.058382
44.865654   207.991669  -0.367492
44.070385   207.100449  0.355178
43.592796   206.239853  1.161122
43.112286   204.971695  1.844305
43.720737   203.334076  2.428312
43.304276   201.409027  3.724807
42.442066   201.120422  5.196138
42.937572   199.622742  6.384612
43.055511   198.385025  6.682619
43.500530   196.665787  6.909965
44.571693   194.166397  7.214437
45.660553   191.722946  7.360541
46.466713   190.163040  7.445939
47.861500   188.471420  7.550789
49.461170   186.998871  7.249464
50.708305   185.659805  7.151114
51.773579   184.735519  6.962521
53.249607   184.242371  6.498336
54.390827   183.432724  6.096478
55.649067   182.613892  5.679474
56.788162   182.164200  5.018562
57.692551   181.626404  4.811352
58.508129   181.984192  4.633974
59.383442   182.393311  4.259420
60.374752   182.870193  3.652305
61.375237   183.541733  3.290308
62.730080   184.690338  2.486734
63.690601   185.674469  1.923218
64.751419   187.055374  1.151745
65.812241   188.498230  0.238745
66.821983   190.269684  -1.014164
67.790344   191.701340  -1.911448
68.837593   193.155701  -2.528885
69.963486   194.602417  -3.157296
71.099518   195.978134  -3.600992
72.227852   197.258575  -3.834638
73.348885   198.360855  -4.400637
74.544785   199.457520  -4.921441
75.739716   200.549103  -5.421972
76.765549   201.475250  -5.825877
77.836823   202.291580  -6.159490
79.252602   203.404144  -5.859434
80.446495   204.108002  -5.643167
81.473824   204.417984  -5.440925
82.439720   204.634201  -5.322187
83.446976   204.625320  -5.191290
84.370979   204.536453  -5.092357
85.303047   203.862381  -4.862317
86.214127   202.815979  -4.637676
86.882874   201.030624  -4.381913
88.811035   199.892029  -2.595448
89.955055   198.992554  -0.657385
90.747635   198.053329  0.247677
90.823662   196.065323  0.148261
90.731354   193.313736  0.519935
90.874069   190.479309  1.088965
91.075661   187.736145  1.991255
91.290878   184.757141  3.142984
91.443535   182.002701  4.354451
91.629364   179.237854  5.300248
92.000160   176.938187  6.082945
92.275352   174.726135  7.055642
92.552666   172.323380  8.116836
92.658752   169.766159  10.088274
92.593391   167.761276  11.091250
92.623009   165.902893  12.276142
92.249352   163.639786  14.220953
92.251389   161.679016  15.807078
92.131790   159.686340  17.328463
91.945641   157.575180  18.710047
91.832237   155.184982  19.834957
91.666794   153.308899  20.446058
91.497215   152.283691  20.861130
91.409943   151.007980  21.351870
91.237892   150.068130  21.710833
91.235260   148.927048  22.203135
91.313789   147.847794  22.873777
91.338074   146.798584  23.668701
91.331207   145.945862  24.306576
91.443726   145.363388  24.959852
91.419296   144.839050  25.417223
91.501266   144.361191  25.768360
91.700279   143.821213  26.096596
91.831772   143.417633  26.338503
91.856789   143.106903  26.440426
91.979866   142.894165  26.492174
92.120781   142.622147  26.510218
92.226196   142.354721  26.503008
92.497795   141.990387  26.387779
92.850967   141.460403  26.087126
93.572266   141.182037  26.131634
95.861877   140.967804  25.016159
96.827003   141.203079  24.624056
98.954208   142.019104  23.996798
100.391579   141.245071  21.578556
103.333130   141.676666  19.972994
105.965897   141.837341  18.825396
108.584465   141.702026  17.743326
111.730064   142.039993  16.823586
114.376579   142.238388  16.071032
116.576736   142.450989  15.282572
118.676567   142.773056  14.449684
120.761787   143.153473  13.637119
123.606857   143.189682  12.659146
126.038445   143.282425  12.103415
127.689369   143.285889  11.749866
128.973953   143.436417  11.460612
130.302887   143.523956  11.212214
131.400452   143.477234  10.934052
132.259003   143.299530  10.791332
133.253418   144.588364  10.689651
134.018936   144.312958  10.008817
134.616867   143.622437  9.692117
134.874588   143.212784  9.518788
134.825027   142.400177  9.281433
134.837891   142.138290  9.280206
134.663620   141.696869  9.305862
134.512527   141.453888  9.412745
134.057938   140.875839  9.580462
133.976074   140.709763  9.699887
133.935211   140.572830  9.747548
133.823807   140.276184  9.807739
133.565857   139.568985  9.883877
117.061424   150.351227  16.599728
141.235016   144.597290  22.405636
136.585297   143.818237  17.866446
134.996689   143.417526  16.697159
134.187607   143.423431  16.194439
133.616028   143.176437  15.922747
133.106506   143.006256  15.685457
132.765930   142.762741  15.567780
132.298935   142.384811  15.529652
131.999237   142.117218  15.554786
131.621323   141.729111  15.624599
131.280838   141.400238  15.650684
130.578995   140.717087  15.689605
130.007980   140.170319  15.631125
