-97.296814   174.863602  60.563309
-97.526833   175.294739  60.571903
-97.869438   175.869232  60.602333
-98.009918   176.114792  60.603077
-98.436897   176.956741  60.591278
-98.661774   177.515060  60.573776
-98.856384   178.108887  60.564526
-99.039383   178.709366  60.547775
-99.225983   179.327240  60.535507
-99.414215   180.183929  60.479561
-99.605240   180.997665  60.446747
-99.743065   181.606354  60.462166
-99.852203   182.187439  60.488617
-100.030663   183.069427  60.553402
-100.210236   184.043884  60.677586
-100.375053   184.720551  60.771656
-100.573624   185.589600  60.877876
-100.785477   186.514587  60.911568
-100.939720   187.163803  60.937759
-101.027084   187.563705  60.971714
-101.125839   187.925598  61.010399
-101.201080   188.314590  61.062115
-101.267052   188.595291  61.095581
-101.318832   188.832886  61.122433
-101.518997   189.201035  61.165421
-101.750237   189.529739  61.224361
-101.965027   189.755737  61.268394
-102.059616   189.815750  61.290211
-102.119003   189.836945  61.301350
-102.226921   189.769547  61.308552
-102.340744   189.581329  61.277729
-102.418312   189.244934  61.233932
-102.464142   188.688599  61.163612
-102.511787   188.092300  61.097942
-102.525635   187.471497  61.046566
-102.552727   186.813370  61.016216
-102.552414   186.194794  60.988850
-102.561104   185.668884  60.981682
-102.617004   185.108231  61.012524
-102.676620   184.537048  61.093178
-102.761795   184.017151  61.147003
-102.849121   183.453415  61.200382
-102.829643   183.194046  61.650555
-102.801010   182.881882  61.785336
-102.774162   182.572098  61.869308
-102.607124   182.465302  62.083019
-102.581131   182.332138  62.157692
-102.542587   182.134521  62.198387
-102.538216   181.946793  62.169769
-102.763855   181.491592  61.991585
-102.737572   181.444733  61.931232
-102.738892   181.423355  61.905170
-102.722641   181.388687  61.853687
-102.673920   181.401764  61.815689
-102.598793   181.394302  61.786037
-102.521568   181.397324  61.773632
-102.388153   181.394592  61.752937
-102.246788   181.453690  61.755680
-102.048607   181.511612  61.740730
-101.930351   181.633804  61.724270
-101.763458   181.697098  61.663784
-101.611710   181.744034  61.605576
-101.434540   181.765518  61.535492
-101.261223   181.855484  61.482006
-101.050049   181.959564  61.441158
-100.819527   182.056854  61.383942
-100.572723   182.175461  61.326595
-100.377426   182.354462  61.275070
-100.066956   182.531311  61.219925
-99.768402   182.795319  61.147251
-99.453705   183.037079  61.077309
-99.150879   183.313995  61.002129
-98.841171   183.545258  60.894154
-98.480988   183.745041  60.752018
-97.964745   183.868835  60.594093
-97.508766   184.038071  60.380684
-97.077545   184.168884  60.149334
-96.734459   184.173065  60.080605
-96.364464   183.979568  59.682148
-96.181389   183.884689  59.557137
-95.833557   183.302933  59.375065
-95.650497   182.930405  59.345680
-95.588547   182.187164  59.265053
-95.706970   181.025665  59.211163
-96.014305   179.899796  59.246815
-96.609154   178.351700  59.346882
-97.398270   176.474426  59.547546
-98.178795   174.760895  59.792595
-99.124229   172.771637  60.137081
-99.879906   170.753738  60.643574
-101.006027   169.089951  61.312954
-102.112823   167.946274  61.822166
-102.974876   166.907288  61.952061
-103.677704   166.332458  62.175240
-104.370163   166.051270  62.460831
-104.869690   166.426773  62.682941
-105.115761   166.774948  62.803459
-105.354156   167.507065  63.240829
-105.567924   168.880310  63.537140
-105.713768   171.968246  63.585033
-105.361336   174.746246  63.582031
-104.638321   177.787064  63.525284
-103.721436   181.410202  63.347366
-102.626060   185.045792  62.663994
-101.512955   188.234390  62.139275
-100.290771   192.316818  61.369717
-99.011375   195.280670  60.752239
-98.102058   198.339142  60.281033
-97.118713   200.999832  59.919266
-96.080132   203.641068  59.844662
-95.219376   205.648270  59.550797
-94.543182   207.643951  59.147957
-93.958778   209.387772  58.737740
-93.513435   210.870667  58.350475
-93.316643   212.068741  58.110538
-93.162796   213.091049  57.994225
-93.155357   213.531647  57.873779
-93.139153   213.616180  57.796040
-93.192657   213.516174  57.764423
-93.249260   213.287689  57.766472
-93.224716   212.605408  57.669132
-93.224709   211.399704  57.554214
-93.210762   209.276215  57.194870
-93.081398   207.132233  56.859516
-92.834412   204.332870  56.578033
-92.656189   201.452789  56.230938
-92.415619   198.022186  55.713535
-92.168640   193.838257  55.209534
-91.860611   189.047592  54.960571
-91.368065   183.011703  54.797184
-91.125275   177.719559  54.634136
-90.879898   173.236603  54.777340
-90.342186   166.040222  55.445015
-89.446129   158.566696  56.302296
-89.008972   151.730316  57.350136
-88.583740   146.494003  58.360981
-88.241447   141.453064  59.326485
-88.534653   135.283524  58.799618
-89.245178   129.868958  59.162052
-89.197861   126.345299  60.232475
-90.174301   122.441917  59.898434
-91.017601   119.336800  59.813019
-91.858299   117.722397  60.703262
-92.250900   116.539886  61.901142
-93.252739   116.316925  62.166973
-93.951149   116.311440  62.293800
-95.090225   117.091431  61.873730
-95.794212   117.738976  61.911118
-97.245316   119.435287  61.710567
-99.455475   122.842613  61.453369
-101.311897   126.738022  61.089890
-103.288902   133.785385  62.221584
-104.501266   141.106888  63.222393
-104.771965   147.352097  63.797779
-104.057388   153.246765  63.705826
-103.155731   157.392944  63.537941
-102.137428   163.889114  63.703148
-100.686760   170.494553  63.061832
-98.890320   176.700363  62.488720
-96.838623   182.020554  62.042107
-94.994843   186.699249  61.499504
-92.984550   191.432266  60.813545
-90.602654   195.255585  60.018394
-88.513741   198.553223  58.873711
-86.711525   201.078842  58.071758
-84.325737   203.442993  58.015697
-82.630234   205.027466  57.207123
-81.165314   205.905472  56.276524
-80.320908   206.413452  55.760269
-79.485382   206.576370  55.231892
-78.076569   206.085129  53.902233
-77.032135   205.521591  52.877399
-76.411362   204.844330  52.300434
-75.978691   204.198517  51.937660
-75.609428   203.159271  51.563736
-76.927704   193.988907  51.044323
-77.485451   191.507156  51.139202
-79.152008   186.781433  52.019653
-81.365997   181.366257  53.598782
-83.454048   176.879059  55.217392
-85.016624   172.883636  57.128922
-86.732864   169.439972  60.230927
-88.851257   167.893295  62.466816
-90.681190   167.281311  63.606895
-92.272430   167.086990  64.281677
-93.573250   166.932388  64.822433
-94.729919   167.074081  65.297737
-95.715721   167.247559  65.789398
-96.340141   167.285309  66.306068
-96.701088   167.275436  66.550209
-97.128197   167.334305  66.660759
-97.448654   167.418167  66.811752
-97.619453   167.499496  66.932388
-97.633606   167.667694  67.069176
-97.514793   167.737411  67.133293
-97.021797   167.319229  66.885857
-95.918686   166.549942  66.417175
-94.270622   165.443527  65.853806
-92.162346   163.845764  65.272949
-89.864769   162.047516  64.773773
-87.218239   159.850220  64.088440
-84.274307   157.673431  62.835522
-81.636818   156.079666  62.040684
-78.821465   154.585999  61.030277
-76.366379   153.759766  60.213566
-73.403816   153.867844  59.012886
-69.935692   155.843887  58.942402
-66.971046   156.746552  58.195271
-64.287514   157.637939  57.209812
-61.773731   158.624619  55.827328
-59.577454   159.618546  54.563496
-57.417465   160.655029  53.341904
-55.352547   161.944901  52.287395
-53.229794   163.719620  51.242519
-51.412117   165.703506  50.104237
-50.032402   167.640808  49.134357
-48.938644   169.893356  48.279182
-48.089996   172.400894  47.476326
-47.543449   175.152740  46.880272
-47.473278   177.567108  46.482765
-47.828125   180.267914  46.339241
-48.309521   182.568985  46.326809
-48.816441   184.492630  46.328964
-49.585983   186.424667  46.439137
-51.080322   188.448196  47.116188
-52.580791   190.188934  47.756557
-54.284439   191.682526  48.435471
-56.215206   192.788788  49.126434
-58.624973   193.199768  49.717949
-61.022259   193.403656  50.419800
-63.629833   193.431946  51.370312
-66.138893   192.905182  52.435116
-68.600571   192.207306  53.495865
-71.227631   190.923889  54.759392
-72.935158   189.866791  55.579788
-74.426933   188.409164  56.214630
-76.017159   186.206421  56.979664
-77.501877   183.196259  57.386093
-78.425812   180.744461  57.751541
-79.263657   177.302353  58.207691
-79.784348   173.956635  58.688671
-79.821503   169.626816  59.280926
-79.836433   166.286209  59.920979
-79.692863   163.787735  60.473511
-79.418472   162.009491  60.812172
-78.752350   159.840454  61.043270
-77.823669   157.848129  61.171528
-76.894585   156.357910  61.043552
-75.711441   155.230591  60.690105
-74.236557   154.395401  60.173489
-72.525009   154.016373  59.460869
-70.670013   154.156967  58.623814
-68.895462   154.538940  57.852463
-66.799728   155.697189  57.095997
-65.005432   156.771698  56.172153
-63.204346   158.078384  54.876514
-61.530991   159.342270  53.695656
-60.210655   160.553223  52.785992
-59.085094   161.763885  51.932190
-58.244251   163.042786  51.250229
-57.621258   164.547195  50.502934
-57.283016   165.999893  50.009392
-57.278954   167.336563  49.634140
-57.379742   168.335724  49.420998
-57.607670   169.137802  49.338352
-57.777386   169.721863  49.311878
-57.929180   170.170883  49.307938
-58.092937   170.483688  49.333939
-58.427010   170.596878  49.463257
-58.704674   170.596619  49.566132
-58.854195   170.643677  49.608677
-59.109894   170.251343  49.812687
-59.327465   169.716537  50.027737
-59.435230   169.122986  50.211945
-59.496407   168.312302  50.484886
-59.514473   167.050049  50.928284
-59.271030   165.583603  51.298946
-58.610699   163.916000  51.755119
-58.056488   162.464355  52.132179
-57.290649   161.261414  52.407116
-56.473297   160.313507  52.533783
-55.487617   159.616989  52.542843
-54.329357   159.285950  52.484535
-53.051086   159.251068  52.531731
-51.815613   159.630569  52.618050
-50.790260   159.867661  52.834675
-50.134918   160.036209  52.969025
-49.652199   160.287872  53.324455
-49.388466   160.590698  53.666660
-49.358910   160.994446  53.959496
-49.528702   161.566177  54.246979
-49.811768   162.386261  54.556587
-50.118244   163.241913  54.773708
-50.630192   164.322556  54.987469
-51.113167   165.490128  55.060318
-51.514816   166.744720  54.980907
-51.932930   168.145966  54.903088
-52.525948   169.763824  54.812492
-52.952610   171.559433  54.792206
-53.180244   173.456635  55.043488
-53.034836   177.606964  54.957359
-52.941109   178.873337  54.842632
-52.558403   181.219910  54.443588
-51.847363   183.866287  53.895203
-50.936020   186.192337  53.350838
-49.977734   187.841568  52.931396
-48.953182   189.344330  52.549164
-47.857227   190.677261  52.181717
-46.742023   191.692749  51.794781
-45.555573   192.449463  51.410336
-44.168797   192.753265  51.043644
-42.710293   192.709488  50.589146
-41.262188   192.326660  50.160175
-39.997059   191.785080  49.747894
-38.884655   191.195786  49.366539
-37.870476   190.170761  48.970745
-36.824909   188.398865  48.598053
-36.034580   186.102783  48.375423
-35.617554   183.368622  48.344173
-35.263729   180.316376  48.442909
-35.152512   177.241379  48.668583
-35.080952   174.180481  49.024265
-35.005917   170.984039  49.662724
-34.941853   168.032166  50.394791
-34.863132   165.482300  51.019245
-34.711369   163.274765  51.613243
-34.576832   161.414978  52.166183
-34.428963   159.921616  52.530861
-34.278755   158.779129  52.761002
-34.137463   157.886734  52.897640
-34.012726   157.260284  52.950768
-33.893688   157.002518  52.901699
-33.781395   157.017654  52.789730
-33.685059   157.261063  52.573944
-33.589863   157.751740  52.214981
-33.588654   158.649261  51.723381
-33.646416   159.930054  51.127693
-33.747280   161.550644  50.614285
-33.887272   163.606827  50.061737
-34.038845   166.050842  49.505779
-34.073784   168.331757  49.047394
-33.972412   170.499420  48.659702
-33.924526   172.583527  48.340797
-33.841568   174.550049  48.099621
-33.660397   176.438583  47.880917
-33.442829   178.189713  47.706665
-32.982803   180.363983  47.584713
-32.527699   182.441879  47.477135
-32.052002   184.170868  47.359005
-31.569561   185.811966  47.230988
-30.880865   187.499191  46.935436
-30.288467   188.623062  46.755486
-29.939451   189.435562  46.661594
-29.615643   190.065079  46.587349
-29.267221   190.571320  46.477924
-28.989882   190.836899  46.398422
-28.649670   190.788391  46.293499
-28.474140   190.597443  46.204830
-28.351236   190.078644  46.082314
-28.219379   189.294312  45.887623
-28.153811   187.952972  45.707291
-28.182041   186.669235  45.572330
-28.187738   184.906387  45.442528
-28.230991   182.264359  45.289143
-28.256477   179.306778  45.280796
-28.210970   176.669281  45.377083
-28.167027   174.234863  45.568066
-28.133493   172.227493  45.781868
-28.075724   170.607162  45.992016
-28.016529   169.258957  46.195049
-27.890499   167.954285  46.389828
-27.730946   166.970459  46.495804
-27.574936   166.241547  46.515060
-27.424540   165.785294  46.486538
-27.254406   165.543915  46.431126
-27.089855   165.463242  46.364857
-26.906145   165.518341  46.294594
-26.726715   165.745667  46.173424
-26.500614   166.325012  46.023964
-26.250971   167.153488  45.845081
-25.980194   168.408783  45.634228
-25.612204   170.599518  45.585476
-25.122524   172.707504  45.469433
-24.616272   174.780594  45.337238
-24.113554   176.678391  45.201542
-23.362421   178.844345  44.976013
-22.633991   180.758240  44.720917
-21.955811   182.472717  44.505978
-21.173615   184.142624  44.284004
-20.530710   185.439011  44.108299
-19.944359   186.681137  43.989891
-19.402216   187.655563  43.955456
-18.991377   188.442215  43.938309
-18.572487   188.965332  43.959202
-18.195219   189.357086  43.989437
-17.856539   189.512650  43.866497
-17.557528   189.452515  43.735622
-17.292622   189.119125  43.489807
-17.080439   188.733719  43.336170
-16.920261   188.336563  43.231853
-16.756853   187.630035  43.153484
-16.547869   186.618942  43.047405
-16.407219   185.129990  42.872841
-16.253576   183.158722  42.608665
-16.075033   180.734192  42.499565
-15.843142   177.961487  42.596523
-15.574366   175.033203  42.802643
-15.334546   171.308609  42.895897
-15.067540   168.350311  43.102688
-14.609859   165.837860  43.314945
-14.041545   163.551666  43.596794
-13.338268   161.613052  43.863651
-12.573167   159.959244  44.027771
-11.673625   158.447021  44.113785
-10.620035   157.140289  44.283276
-9.493823   156.163727  44.502789
-8.254972   155.578033  44.570408
-6.826015   155.250336  44.569542
-5.529469   155.091949  44.518707
-4.132693   155.090057  44.448231
-2.446355   155.348373  44.201126
-0.644785   155.905441  43.860123
0.929846   156.607376  43.450890
2.469404   157.548813  43.004528
3.779758   158.636047  42.673397
8.113271   163.723846  41.022762
9.210670   165.259155  40.653885
10.496514   167.147736  40.188896
11.420449   169.262711  39.679157
12.450627   171.717712  39.210133
13.243778   173.846741  38.796761
13.819757   175.955292  38.439262
14.202063   178.296310  38.130657
14.267315   180.344437  37.850887
14.103314   182.185013  37.615517
13.715490   183.875748  37.463268
12.976312   185.527176  37.347874
12.015453   187.094498  37.309937
10.860259   188.569901  37.340508
9.601025   189.734039  37.426254
8.117949   190.647141  37.577560
6.864790   191.258133  37.799675
5.346693   191.499939  38.090382
3.178491   191.476929  38.712585
1.280618   191.292877  39.250324
-1.358523   190.224396  40.346924
-3.498196   189.168320  41.257919
-5.736171   187.507156  42.426182
-7.397394   186.105820  43.233547
-8.566008   184.287170  43.531830
-9.430134   182.033569  43.797035
-10.223904   179.141754  44.165676
-10.820700   176.165405  44.691540
-10.970037   173.271347  45.123459
-10.975474   170.260544  45.670792
-10.681554   167.161240  46.077885
-10.232691   164.585464  46.291576
-9.782521   162.659271  46.505619
-9.077220   161.135757  46.495548
-8.202825   160.099030  46.409298
-7.089550   159.561584  46.230385
-5.806059   159.384399  45.994099
-4.470193   159.543808  45.586403
-3.124319   159.845078  45.145355
-1.560451   160.321945  44.640728
0.005879   161.058914  44.032562
1.523370   161.995361  43.331146
3.071847   163.015228  42.662560
4.582301   164.213882  41.989182
5.786399   165.447708  41.426731
6.994714   167.103470  40.835354
7.963602   168.683975  40.370697
8.846593   170.315048  39.894520
9.572418   171.712921  39.538254
10.191603   172.959763  39.266048
10.741053   174.097839  39.046711
11.143453   175.052353  38.937004
11.442883   175.864334  38.865940
11.625329   176.587006  38.788242
11.746851   177.076340  38.707596
11.807693   177.346939  38.708073
11.839669   177.499481  38.713608
11.859148   177.429749  38.688816
11.864423   177.060501  38.646461
11.910940   176.559891  38.636086
12.040422   175.673691  38.598038
12.224688   174.239807  38.552582
12.455520   171.694885  38.591660
12.832920   169.008194  38.584202
13.467695   165.645142  38.694263
14.038344   162.345367  38.935612
14.674768   158.758316  39.166389
15.263911   156.186890  39.367222
16.016638   154.211899  39.497490
16.965374   152.834366  39.505283
18.228485   151.990631  39.502731
19.620548   151.524841  39.413837
21.369137   151.562912  39.232147
23.363794   152.104721  38.756447
25.569530   153.025787  38.214458
27.661255   154.432938  37.602722
30.211792   156.621689  36.745323
32.229794   158.751953  36.018547
34.412205   161.729767  35.163528
36.416603   165.196518  34.466934
38.369904   169.098114  33.907913
40.228447   172.956635  33.496880
42.153770   176.903259  33.073307
44.243919   181.322617  32.578327
46.266125   185.734467  32.193607
48.251316   190.120789  32.048008
50.088634   194.049622  32.211605
51.574757   197.513016  32.527542
52.766361   200.556992  32.945461
53.691715   203.597626  33.549423
54.492279   207.171738  34.402790
54.889530   210.595535  35.429832
55.089142   213.700928  36.315273
55.281719   216.430115  37.173370
55.140026   218.989792  38.061649
54.523899   222.264221  39.460083
53.766506   224.929184  40.524563
52.916439   226.981339  41.270645
52.184460   229.169220  42.251175
51.114979   231.303391  43.175640
49.843502   232.805008  44.060356
48.563145   234.222122  44.822014
46.524242   235.813934  45.761967
44.524639   237.044891  46.554424
42.878429   237.920135  47.094379
40.845970   238.525650  47.752480
38.924812   239.005463  48.257919
36.816475   239.100357  49.441994
34.871742   238.898880  50.093147
33.512722   238.601257  50.332909
32.262756   238.316833  50.512299
30.954861   238.056519  50.628731
29.617678   237.512405  50.635662
28.285477   236.646667  50.525635
27.115982   235.876877  50.457443
25.358355   234.485153  50.530354
23.654646   232.693405  50.367592
22.021055   230.518997  50.183277
20.506239   228.328979  49.878273
18.881824   225.333130  49.568756
17.552139   222.276657  49.134613
16.586449   220.106964  48.700344
15.731023   217.888000  48.315323
14.945735   215.595291  48.052891
14.275136   212.991653  47.871483
13.204000   204.980865  46.963753
13.057190   203.163132  46.686886
12.934103   200.105164  46.331753
12.911314   196.394531  46.021183
12.780811   192.345688  45.441597
12.857539   187.752899  44.838280
12.899965   183.372330  44.536900
13.454387   178.457260  44.366779
13.801472   173.859772  44.363777
14.049482   170.098480  44.583904
14.537794   166.484222  45.032639
15.491364   162.260223  45.418743
16.359522   158.744904  45.722828
17.382887   155.448456  45.957405
18.956837   152.078873  45.900898
20.605885   149.398544  45.909401
21.832666   147.353088  46.037010
23.565216   145.494904  46.028236
25.944628   143.580307  45.940201
27.706396   142.191696  45.763203
29.801321   140.707504  45.499786
31.803684   139.581619  45.176430
33.740200   138.825394  44.730869
36.010704   138.495682  44.103088
38.201679   138.634659  43.506737
40.742321   139.187469  42.828033
43.484783   139.900925  42.087128
46.134594   140.755966  41.356758
48.487911   142.576523  40.425541
51.112751   144.140686  39.519924
53.457199   146.571579  38.252129
55.934521   149.363739  36.998001
57.991871   151.854202  36.035030
60.103073   154.943741  34.959904
62.038254   157.881973  34.176788
63.823891   160.770020  33.627781
65.487770   163.624283  33.417953
66.841202   166.415451  33.163605
67.959221   168.963715  33.005520
68.952225   171.266632  32.900002
69.600014   173.554291  32.873661
69.928673   175.930893  32.948509
69.968697   178.342606  33.080215
69.794022   180.462601  33.230225
69.285149   182.517914  33.442768
68.646652   184.274506  33.778549
67.899048   186.028137  34.268532
66.826660   187.748917  34.861813
65.614113   189.243347  35.429996
64.403809   190.456146  35.917446
62.737297   191.582581  36.534828
60.729816   192.563507  37.131332
58.761379   193.114441  37.495441
56.870113   193.425140  37.838543
54.619598   193.491257  38.280518
52.439449   193.240234  38.672058
49.815998   192.222839  39.033943
47.593731   191.021637  39.305466
45.312824   189.408798  39.869591
43.455097   187.613617  40.099503
41.926212   185.844360  40.124454
40.608673   183.696884  40.065136
39.441441   180.548538  40.100193
38.485249   176.960358  39.804493
37.710236   173.182190  39.089672
37.638947   169.635574  38.777359
37.511040   166.650909  38.624939
37.624733   164.024277  38.585300
37.788662   161.800812  38.458134
38.421425   159.660492  38.211124
39.321491   157.970856  37.941364
40.508266   156.746826  37.601700
41.849125   156.004486  37.262321
43.686939   155.843964  37.048458
45.717087   156.384201  36.657742
47.975452   157.561813  36.187321
50.313599   159.104202  35.731365
52.581696   161.135742  35.474537
54.506256   163.235703  35.285000
56.389687   165.956299  35.075439
58.044441   168.485580  34.990913
59.214417   170.657471  34.997406
60.287453   172.751846  35.108582
61.229137   174.482071  35.227406
61.992992   175.998642  35.330177
62.602413   177.261307  35.524860
63.041462   178.196259  35.640507
63.282349   178.891327  35.723606
63.421059   179.308899  35.670696
63.416183   179.384842  35.591431
63.329502   179.137527  35.452835
63.303745   178.714005  35.339340
63.327568   178.086853  35.168907
63.368931   177.244705  34.950195
63.490273   176.181458  34.707726
63.872292   174.549347  34.387985
64.369690   172.790497  33.988316
65.078888   171.122574  33.678833
66.081444   169.701233  33.476219
67.132759   168.609177  33.303291
68.477913   167.581726  33.151741
70.020096   166.619095  33.069874
71.814415   165.774521  32.999428
73.843964   165.047729  32.985176
75.711380   164.372406  33.012989
77.188911   163.990265  33.074799
78.410461   163.704376  33.114529
79.374649   163.387039  33.164864
80.110634   163.059570  33.212036
80.638710   162.746857  33.262451
81.021721   162.504288  33.304150
81.566406   162.603760  33.236084
82.227814   162.275284  32.668201
82.606346   161.976929  32.244152
82.839813   161.648300  31.894825
83.047318   161.486282  31.422709
83.258324   161.278122  31.006191
83.347237   160.932022  30.129238
83.426178   160.580719  29.591906
83.297516   160.189560  29.197668
83.264481   159.838837  29.067564
83.193932   159.594193  28.922726
83.115005   159.362885  28.822002
83.014206   159.130524  28.696619
82.919228   158.884079  28.535505
82.887299   158.350449  28.244713
82.896431   158.147385  28.106518
82.902924   157.883102  27.865057
82.887421   157.548218  27.530523
83.155205   157.227936  27.019064
83.378914   156.799835  26.549677
83.373291   156.416275  26.068974
83.352242   156.102524  25.979656
83.170074   156.102859  25.761690
83.018509   155.895370  25.449518
82.929169   155.641724  25.255327
82.898239   155.551895  25.270144
82.856056   155.448395  25.287016
82.795555   155.356262  25.303490
82.735641   155.273987  25.318945
82.713608   155.227219  25.326590
82.647034   155.150467  25.335480
82.510773   155.041504  25.341991
82.361366   154.949493  25.333216
82.227432   154.866531  25.313318
82.097244   154.796448  25.287977
81.968758   154.714432  25.257935
81.855133   154.641479  25.229229
81.699814   154.539780  25.160534
81.481026   154.454132  25.190348
81.299301   154.403717  25.180840
81.160545   154.362442  25.174387
81.040543   154.326385  25.169697
80.878548   154.285477  25.183882
80.754242   154.239655  25.165951
80.647400   154.193710  25.143713
80.615585   154.129547  25.160746
80.532814   153.975082  25.313475
80.464958   153.852325  25.450752
80.377251   153.680756  25.589388
80.327103   153.558548  25.689648
80.292786   153.465942  25.767010
80.272202   153.254486  25.935431
80.266022   153.053802  26.075323
80.252525   152.902924  26.183138
80.249962   152.772354  26.260481
80.244644   152.679199  26.278948
80.216713   152.496719  26.231518
80.211357   152.500900  25.991777
80.180840   152.457458  25.809544
80.206909   152.336502  25.517439
80.113907   152.085342  25.386099
80.069626   151.936905  25.304049
