-54.473713   105.484985  -5.033895
-54.628281   105.598343  -4.947043
-54.753708   105.657967  -4.790237
-54.832829   105.702194  -4.716216
-54.943390   105.744667  -4.675269
-55.041672   105.841309  -4.585517
-55.104965   105.819962  -4.271515
-55.160782   105.812241  -4.002751
-55.210945   105.813721  -3.816281
-55.268555   105.860107  -3.726951
-55.298061   105.891068  -3.713152
-55.312218   105.896523  -3.703941
-55.330006   105.907425  -3.712186
-55.348240   105.917946  -3.724125
-55.348572   105.879448  -3.718196
-55.325008   105.869484  -3.697532
-55.355125   105.901093  -3.655920
-55.377045   105.924973  -3.628144
-55.396812   105.972336  -3.592460
-55.397316   105.986626  -3.564248
-55.397549   106.008743  -3.539802
-55.397758   106.023933  -3.534496
-55.399147   106.026138  -3.534688
-55.403240   106.050255  -3.538918
-55.410824   106.079399  -3.543696
-55.411945   106.099495  -3.547338
-55.415417   106.117149  -3.548940
-55.419884   106.142273  -3.550126
-55.428314   106.168091  -3.545121
-55.441017   106.183182  -3.534767
-55.445679   106.212303  -3.525293
-55.427567   106.283989  -3.522969
-55.432354   106.355515  -3.512267
-55.439564   106.405876  -3.501963
-55.434765   106.431984  -3.503330
-55.434517   106.453705  -3.503311
-55.436264   106.468407  -3.500372
-55.440907   106.465424  -3.506936
-55.434914   106.474663  -3.506062
-55.460587   106.449425  -3.508235
-55.499104   106.409691  -3.496143
-55.537930   106.377869  -3.485783
-55.626541   106.295151  -3.502577
-55.829979   106.054390  -3.558782
-56.052853   105.776054  -3.625831
-56.019478   104.608818  -2.425317
-56.654751   104.250557  -2.195822
-57.402023   102.721626  -2.577399
-58.210838   102.462234  -3.034149
-59.112484   102.767784  -2.698868
-59.818638   102.854591  -2.373404
-60.399132   102.919983  -2.057607
-60.801666   103.019905  -1.812193
-61.082333   103.095032  -1.632423
-61.290936   103.230042  -1.468135
-61.354183   103.372185  -1.368895
-61.318344   103.631844  -1.293839
-60.803608   104.706131  -1.453471
-59.715057   106.724602  -2.140389
-57.986874   109.964844  -3.840066
-55.607430   112.106949  -6.096985
-52.706741   113.783852  -7.588641
-49.844109   115.091843  -8.853433
-47.191345   117.229111  -9.974957
-44.196304   119.755722  -10.681645
-39.106617   129.857330  -12.054712
-36.528069   135.490097  -13.194134
-33.441555   138.554169  -14.614804
-30.468458   142.145096  -13.759554
-26.944967   146.057465  -13.226839
-24.135326   149.883087  -13.832491
-21.434044   153.725021  -16.073215
-18.855345   157.022049  -17.715458
-16.328251   161.001511  -18.812201
-14.918268   164.680756  -20.370636
-13.931056   167.738678  -21.727520
-13.397122   170.516464  -22.588707
-13.331425   172.575867  -23.269556
-13.641981   174.742020  -23.556400
-14.378672   176.453079  -23.378098
-15.580815   177.968918  -23.010185
-17.294632   179.144135  -22.018578
-19.639887   179.974060  -20.811462
-22.589705   180.231888  -19.149940
-25.903412   179.983871  -17.113174
-29.266693   178.795670  -14.950021
-32.562702   177.012390  -11.548803
-35.379002   175.040970  -9.048260
-37.101612   172.125702  -6.291722
-38.636501   169.784836  -4.320385
-39.703350   167.603622  -3.047006
-39.895485   164.900818  -2.571203
-39.425175   161.544769  -2.046982
-38.394291   157.975204  -1.830124
-36.676014   153.853409  -2.239434
-34.418179   148.934570  -0.570604
-32.275822   143.727310  -0.076304
-30.739491   139.763214  -0.075401
-28.895878   135.195770  -1.521017
-27.728161   130.927963  -2.508086
-27.536804   127.331131  -2.908127
-27.842047   123.891701  -2.976253
-28.941673   121.199516  -2.627141
-30.768423   119.195419  -2.054403
-32.773575   117.658020  -1.727458
-34.521542   116.131989  -1.168545
-36.173954   114.992599  -0.425508
-37.931377   114.870949  0.395677
-39.200352   114.619591  1.073702
-39.777351   114.330933  1.516578
-40.285336   114.866959  2.267834
-40.492119   115.696404  2.926478
-40.193760   117.409012  3.594947
-39.445793   119.501724  3.554535
-38.474552   121.783035  2.769153
-36.747780   123.596085  1.823006
-34.703625   125.411186  1.500271
-32.576736   126.804642  1.076927
-30.745880   127.950989  0.664927
-28.892069   128.787628  -0.373109
-27.191813   129.509140  -1.122265
-25.602394   130.243301  -1.532352
-24.187611   130.927353  -1.666880
-22.676710   132.210724  -1.881509
-21.305403   132.838791  -2.464221
-19.985199   133.204330  -2.914110
-18.805693   133.571106  -3.645533
-17.858477   133.697678  -3.986666
-16.494152   134.078674  -4.252872
-15.123102   134.434204  -4.726616
-14.060878   134.862854  -5.137315
-13.128204   135.332092  -5.683971
-12.537868   135.800461  -6.066079
-12.389930   136.364243  -6.437673
-12.477582   136.829926  -6.681314
-12.717923   137.264481  -6.740967
-13.186442   137.561295  -6.741535
-14.029185   137.642929  -6.525781
-14.964736   137.647308  -6.109660
-16.806259   136.079407  -5.428133
-18.506624   134.643860  -4.723841
-19.638580   132.443146  -3.647071
-20.564756   130.401550  -2.439340
-21.050108   127.889862  -1.315104
-20.956099   124.836243  -0.243270
-20.711105   123.040810  0.287202
-19.040506   121.741692  0.348168
-18.411575   121.466660  0.261606
-16.775667   121.183083  -0.286131
-15.047705   121.520256  -0.955882
-13.397542   122.627838  -1.910228
-12.036756   123.689217  -2.773067
-10.971775   124.783966  -3.572740
-10.049363   126.374535  -4.780838
-9.284409   128.068970  -5.984863
-8.727747   129.953873  -6.595831
-8.449379   131.362717  -6.949051
-8.300442   132.216324  -7.109837
-8.211547   132.712814  -7.168790
-8.173663   132.981552  -7.200516
-8.220230   133.077515  -7.171939
-8.500988   132.538651  -6.378906
-9.193741   131.558258  -5.342908
-9.786545   130.099304  -4.581374
-10.044214   128.732742  -4.056816
-10.006780   126.450699  -3.247693
-9.661844   124.578751  -2.721728
-9.067347   122.304329  -2.196300
-8.124793   120.748810  -2.377741
-6.928754   119.304665  -3.202894
-5.585742   118.639160  -4.040612
-4.049822   118.184296  -5.084253
-2.092767   118.467514  -6.985357
0.149084   119.296799  -9.247605
2.554072   120.804413  -11.186671
4.924507   122.438667  -12.573906
6.891124   125.283394  -14.107984
8.855677   127.844162  -15.193832
10.205328   130.383789  -15.876546
10.957362   133.464249  -16.457293
11.568697   135.631760  -16.642506
11.929040   137.069702  -16.383833
11.867044   138.073563  -16.062853
11.698429   138.655960  -15.792458
11.350504   138.808029  -15.383924
10.656627   138.631546  -14.325136
9.759588   137.247803  -12.757177
8.924757   134.968674  -11.248939
8.358435   131.924011  -10.182113
8.248165   128.258026  -9.211801
8.503318   125.087357  -8.921201
9.227028   122.882423  -8.826953
10.223021   121.241219  -9.087471
11.578312   120.173065  -9.870355
13.314428   119.405891  -10.768660
15.839965   119.208168  -12.947080
18.709003   120.769821  -14.927464
21.506084   123.622589  -16.686005
23.724823   127.453979  -19.028536
25.635725   131.916290  -20.397861
27.329365   137.637711  -22.009817
28.371313   142.789673  -23.107069
29.983219   148.764206  -23.801718
30.912868   155.387482  -24.083149
31.451420   162.017609  -24.378147
32.513577   167.840561  -24.512041
33.717514   173.423843  -24.433487
34.854511   178.212677  -24.182724
35.800354   181.761002  -23.668087
36.290142   183.876801  -23.431723
36.605141   185.249741  -23.311699
36.860493   186.246109  -23.199741
36.962326   186.616974  -23.064697
37.015675   186.018768  -22.173216
36.839539   183.895218  -20.988300
36.718388   180.333588  -19.658180
36.723915   175.135910  -18.324997
36.291801   169.468903  -17.238737
35.360840   162.503342  -17.503212
34.226692   155.754974  -17.732132
33.561455   148.837814  -17.666380
33.018700   141.821182  -17.111917
32.595318   134.260345  -16.645353
32.009190   127.566872  -16.453560
31.589695   122.110260  -15.758077
31.483768   117.544556  -14.685031
31.053642   113.889076  -14.664615
31.006512   111.141815  -14.528358
31.161697   109.565224  -14.625670
31.281834   108.631523  -14.720193
31.399593   108.180374  -14.842071
31.871149   108.339737  -15.288364
32.808918   110.241646  -15.992716
34.340843   113.633057  -16.962000
36.172810   117.812111  -17.619869
38.346153   122.024994  -18.706482
40.355595   125.755501  -18.923998
42.367947   129.212387  -19.313643
44.361153   132.441956  -19.940023
45.690308   135.200104  -20.232967
46.580132   136.827637  -20.396381
47.318157   138.030792  -20.515778
47.929810   138.673340  -20.590843
48.269592   138.972610  -20.600931
48.393009   138.770355  -20.510387
48.569923   137.748642  -20.296648
48.633820   135.152603  -19.566242
48.488285   131.744339  -18.655956
48.373161   128.037399  -17.611383
48.439274   124.502533  -16.837078
48.583118   121.139717  -16.402298
48.904133   118.141243  -16.069818
49.404305   115.995148  -15.798907
49.953568   114.459450  -15.788747
50.493187   113.487068  -15.856638
51.202980   113.181625  -16.365149
52.584988   113.183792  -17.222574
54.172684   113.745049  -18.482372
55.606285   115.000374  -19.708035
57.192631   117.740768  -21.135897
58.453236   120.517143  -22.032572
59.394630   123.257118  -22.840929
60.321106   125.286903  -23.419771
61.852505   128.759216  -23.609360
62.914967   131.376114  -23.863832
63.995338   133.322739  -23.800116
64.698265   134.434158  -23.814156
65.319206   135.101593  -23.821960
65.751358   135.230316  -23.777523
66.026352   135.021240  -23.719862
66.486977   134.404861  -23.640528
67.521156   124.191643  -22.029285
67.854309   121.364441  -21.687574
68.277611   117.649338  -20.914003
68.462097   114.535423  -19.653791
69.095581   112.507240  -18.951057
69.727715   111.217270  -18.700430
70.548874   110.317963  -18.603437
71.568451   110.349030  -18.542898
72.536049   110.772194  -18.652889
73.700432   112.470131  -19.330820
75.203011   114.845184  -20.711020
76.440094   117.689796  -21.909748
77.548759   121.595428  -23.424467
78.260742   125.329552  -24.784531
79.520248   129.866913  -24.503355
80.900391   133.975540  -24.307657
82.172783   136.647324  -24.558651
83.429939   138.809357  -25.073589
84.846146   141.032471  -25.799620
86.203964   142.655334  -26.184641
87.177742   143.778931  -26.493841
87.802940   144.216537  -26.584593
88.326942   144.132568  -26.588978
88.879532   143.186386  -26.511824
89.532234   140.902802  -26.278549
89.866905   137.466553  -26.236248
90.253143   132.704498  -25.698317
91.041222   128.057693  -24.937943
91.881058   124.311859  -24.346008
92.733315   121.584412  -23.990189
93.714523   119.839737  -23.745966
94.727356   118.452713  -23.270584
95.795410   117.658165  -23.010864
96.709106   117.254616  -22.968937
97.528091   117.271172  -23.021870
98.110130   117.302589  -23.086205
98.373589   117.354187  -23.107254
98.382431   117.318886  -23.096066
97.922264   117.156143  -23.033016
96.536949   116.184837  -22.388569
93.125435   115.360573  -20.285473
88.509331   112.998146  -17.923494
83.538628   110.625252  -15.662995
77.850273   106.982819  -13.142553
72.119911   102.959763  -10.242914
67.137917   99.994484  -7.742231
64.609840   97.529480  -6.169577
63.033894   95.261726  -5.258813
62.379162   93.592155  -4.609365
62.524712   92.713707  -4.485573
63.942047   92.645523  -5.274350
68.703979   94.507607  -5.627159
74.506721   96.282791  -7.378304
80.856239   97.764267  -9.488379
87.632309   99.575073  -11.517809
95.408913   100.967506  -13.468905
101.992645   103.255623  -15.331002
107.641670   105.322800  -16.695368
112.111115   107.105072  -17.680157
115.838036   108.370331  -17.860943
118.147278   109.552010  -17.759315
119.629326   110.526062  -17.660141
120.869278   111.731071  -17.485432
121.414825   112.387489  -17.424355
122.167648   113.489273  -17.301075
122.704056   114.535263  -17.176258
122.866570   115.473213  -17.000305
123.214256   116.174652  -16.787081
123.198952   116.608582  -16.869204
123.031891   116.895744  -16.873281
122.907364   117.115570  -16.825764
122.749283   117.169785  -16.706846
122.562820   117.039894  -16.613722
122.415871   116.976662  -16.528389
122.244408   116.902275  -16.451643
122.171700   117.102448  -16.425238
122.058052   116.960503  -16.365131
121.887253   116.734436  -16.295006
121.828125   116.792030  -16.265291
121.815033   117.043510  -16.273111
121.764320   117.287048  -16.302866
121.857086   117.853706  -16.325184
121.811737   118.216354  -16.382597
121.738159   118.459335  -16.403755
121.614265   118.608238  -16.434074
121.457886   118.675972  -16.447638
121.232361   118.727455  -16.470856
120.984909   118.745209  -16.531353
120.763107   118.871346  -16.536974
120.479965   119.020653  -16.517435
120.195297   119.164314  -16.569523
119.939766   119.276955  -16.616707
119.707039   119.401840  -16.637924
