-80.055573   267.304962  -41.462318
-85.908470   294.773987  -39.255527
-87.076775   300.681305  -39.210888
-88.553123   305.104828  -39.304142
-89.557884   311.779602  -38.953403
-90.833069   315.903961  -38.770443
-91.686600   321.882294  -38.672543
-92.219658   327.980255  -37.666836
-93.166420   331.515503  -37.251980
-93.761932   334.877106  -36.516422
-94.347961   338.304260  -36.131912
-95.168297   341.631958  -35.957104
-95.691696   343.979126  -35.777962
-95.754913   346.605194  -35.351772
-95.843941   348.228058  -34.999058
-95.993034   349.463409  -34.760483
-96.166405   350.499298  -34.423935
-96.096054   351.515289  -34.079445
-96.011101   353.591797  -33.577343
-95.773964   354.724304  -33.336681
-95.609978   355.032776  -33.274349
-95.503387   355.313965  -33.188202
-95.456665   355.620728  -33.122894
-95.435402   355.981476  -33.092896
-95.416039   356.343750  -33.086685
-95.384750   356.592529  -33.011063
-95.390518   356.691956  -33.005630
-95.348778   356.832764  -33.011887
-95.219765   357.096741  -33.028698
-94.993843   357.486053  -33.070000
-94.605499   357.767517  -33.301243
-94.140152   358.188721  -33.440304
-93.601280   359.076447  -33.554798
-92.978821   359.885742  -33.556915
-92.466576   360.761597  -33.540657
-92.013649   361.849365  -33.386623
-91.594002   362.378082  -33.373970
-91.205887   362.405518  -33.324818
-90.933571   362.512787  -33.270733
-90.726631   362.579773  -33.234390
-90.577248   362.655334  -33.184101
-90.489311   362.689392  -33.099609
-90.442497   362.698944  -33.028221
-90.372581   362.647797  -32.858322
-90.258789   362.306915  -32.497082
-90.334908   362.169281  -32.046135
-90.129234   361.557770  -31.799021
-90.070816   360.766449  -31.404823
-90.136436   359.700531  -31.132463
-90.326553   358.571350  -30.870081
-90.386726   357.341949  -30.787674
-90.377449   356.246399  -30.655216
-90.370140   355.552948  -30.570520
-90.360992   355.039154  -30.515793
-90.256348   353.814178  -30.944492
-90.081421   353.302216  -31.060040
-89.664322   353.089294  -31.198837
-88.973663   353.533905  -31.437895
-87.961670   353.409882  -31.854410
-86.529915   353.391296  -32.394142
-84.785057   353.510254  -32.882484
-82.805817   353.319733  -33.489967
-80.079575   353.488251  -34.221111
-76.677620   353.405243  -35.218697
-72.824081   353.832062  -35.647625
-68.827362   352.734406  -36.567837
-64.875206   351.286407  -36.705788
-61.664848   348.738922  -37.266598
-58.834164   345.351471  -37.525436
-56.444672   342.750275  -37.423695
-54.816963   340.502350  -37.212830
-53.970505   337.097748  -37.076977
-53.588608   331.075378  -36.907104
-54.444942   324.965485  -36.755352
-55.960083   319.202881  -36.140018
-57.943398   314.183990  -34.982883
-62.157848   307.817566  -34.787430
-65.486137   302.447693  -33.718281
-69.061684   297.474365  -31.980751
-73.029358   292.083862  -30.156881
-77.338692   286.584808  -27.762083
-81.355301   281.548126  -25.506029
-85.530304   276.600159  -23.377497
-89.940254   271.883850  -21.801739
-94.872414   266.467285  -20.388660
-98.882179   262.412933  -18.794767
-102.435410   258.339111  -17.583130
-111.917786   247.719635  -14.537024
-113.773209   245.673492  -14.357210
-114.941841   242.929321  -14.325708
-115.436287   240.851898  -14.368638
-115.684738   239.059967  -14.369123
-115.359695   236.740265  -14.488684
-114.445450   234.522339  -14.854403
-112.907089   233.346222  -15.348681
-110.807457   231.429947  -16.186741
-108.535103   229.126495  -16.987400
-105.453453   227.530975  -18.215738
-102.020752   225.816742  -19.437622
-98.295013   223.707870  -20.562258
-93.637520   221.567902  -20.790907
-89.245186   219.419998  -20.791988
-85.702560   216.245895  -20.876698
-82.253242   211.933685  -21.179270
-79.276360   207.823746  -21.380976
-76.705788   203.241959  -21.578634
-74.216751   198.593506  -21.628551
-72.077377   193.619263  -21.747890
-69.882568   189.443085  -21.794468
-67.607819   184.990936  -22.204880
-64.314522   181.241730  -23.110144
-60.703415   178.121307  -24.291471
-57.046761   176.166580  -25.105644
-52.968033   175.224487  -26.240746
-48.770653   174.835815  -27.475357
-44.027561   175.184341  -28.868141
-39.809650   175.941208  -30.364759
-35.507717   177.449814  -31.898291
-31.683346   178.834747  -33.177540
-27.930838   181.802658  -34.182503
-24.274616   185.816956  -34.936428
-21.140177   190.374435  -34.970497
-18.699469   195.633942  -35.287655
-16.946104   201.255219  -35.244667
-15.637726   206.874939  -35.217243
-15.353942   212.667831  -34.976540
-15.511355   218.337479  -34.874317
-16.219223   223.932724  -33.615585
-17.485756   229.669708  -32.171978
-19.000660   234.966995  -30.890341
-21.024445   239.681244  -29.610825
-23.255186   244.350281  -28.493593
-25.782440   247.905167  -27.042351
-28.431229   250.525589  -25.436417
-30.983091   253.265182  -23.730944
-33.338783   255.196518  -22.295891
-35.780624   256.369446  -20.807056
-38.059574   256.562622  -19.348888
-39.905270   255.676025  -18.013468
-41.152504   254.622787  -16.718245
-42.092171   253.042648  -15.288178
-42.806862   251.064926  -14.150780
-43.446800   248.424316  -13.249490
-43.530968   244.465866  -12.337143
-42.881905   239.322708  -12.069373
-41.622746   233.263870  -12.170619
-39.822021   227.486465  -12.636772
-37.670509   221.375900  -13.406326
-35.107002   216.084320  -14.742764
-31.978237   211.110474  -16.336952
-28.895330   206.347244  -17.985344
-25.408850   202.659943  -19.751326
-21.936283   199.822617  -21.425871
-18.385281   197.924789  -23.652372
-15.008102   197.036697  -25.499432
-11.514607   197.052826  -27.406191
-8.301103   197.862656  -28.903746
-5.105496   199.529175  -30.172670
-1.456633   202.054886  -31.639221
2.223553   205.349976  -33.094692
6.476111   211.364304  -34.427063
9.496312   216.134979  -35.220669
12.431176   222.261200  -35.921490
14.619582   228.916351  -36.110580
16.137413   235.593307  -35.832886
17.516945   241.980347  -35.242989
18.489119   248.455261  -34.756569
18.836971   254.583679  -34.129246
19.535398   261.275421  -33.107975
19.814779   266.768616  -32.285313
20.143169   272.339630  -30.772488
20.073370   276.929718  -29.457489
20.138464   281.852600  -28.440035
19.903315   286.715179  -27.065023
19.551422   290.100708  -26.129284
19.617113   293.131409  -24.849180
19.490593   295.603943  -23.752481
19.030798   295.610352  -23.195011
18.419739   294.750702  -22.700087
17.589928   292.744659  -22.054379
16.504829   288.370239  -21.453741
15.636589   281.914185  -21.243422
14.783149   273.865875  -21.673613
14.329671   264.152924  -21.900640
14.589303   253.049347  -22.610994
14.980433   240.507935  -23.160900
15.484503   226.811340  -24.439569
16.156582   211.977539  -25.614710
16.743879   197.107925  -25.994234
17.020830   181.847137  -26.685041
16.727077   166.933807  -26.872950
16.027946   153.307800  -26.073736
14.492150   139.017731  -26.000454
12.268009   125.736656  -25.449106
9.396873   114.511833  -23.666409
6.572164   105.484924  -21.901846
3.279418   97.735382  -19.787962
0.510426   92.366859  -16.985600
-2.094063   88.591927  -14.668350
-5.045485   84.632156  -13.028750
-7.213375   81.701851  -11.052483
-8.486081   80.658257  -9.959293
-9.620237   80.008553  -9.092468
-10.775645   79.552391  -8.378166
-11.839912   79.728355  -8.337458
-12.756244   79.612915  -8.057856
-13.870005   80.202202  -8.077743
-15.020274   80.860168  -8.119111
-16.369610   81.546074  -7.975742
-17.750038   82.849495  -8.026375
-19.151445   85.502747  -8.241812
-20.812469   88.751945  -8.139947
-27.445057   107.620163  -8.736892
-29.504980   113.100861  -8.462731
-32.205997   119.450821  -7.183753
-35.024696   126.668594  -4.891541
-38.162640   133.561447  -2.699162
-40.754505   141.243958  0.789374
-43.799671   146.648636  3.931833
-46.319778   152.451385  7.483444
-49.316475   156.816055  11.384460
-51.632092   162.323959  17.426491
-53.820442   165.234726  23.420715
-56.680691   167.075821  29.194389
-58.088024   168.364548  36.237602
