-112.851563   161.508209  33.013943
-112.962784   161.549164  33.109859
-112.970238   161.558640  33.119377
-112.985001   161.569351  33.139076
-113.000374   161.583054  33.158646
-113.009102   161.592026  33.172947
-113.014351   161.602386  33.191158
-113.022415   161.607315  33.201813
-113.032227   161.616821  33.208218
-113.034576   161.612991  33.213181
-113.037033   161.611115  33.218090
-113.041939   161.610794  33.224770
-113.047195   161.610214  33.231438
-113.052788   161.608780  33.237713
-113.055084   161.611877  33.245323
-113.056854   161.611801  33.260174
-113.065353   161.605713  33.277008
-113.073540   161.602585  33.292770
-113.077148   161.603149  33.306591
-113.081802   161.609222  33.323753
-113.083733   161.619003  33.334755
-113.083847   161.623795  33.340195
-113.084114   161.635941  33.348534
-113.083054   161.647659  33.356030
-113.081078   161.657806  33.361309
-113.080032   161.669418  33.365860
-113.085670   161.688492  33.371990
-113.098869   161.688965  33.379463
-113.103882   161.689789  33.385872
-113.106857   161.690521  33.393627
-113.104691   161.687866  33.401466
-113.101456   161.684967  33.408909
-113.098572   161.681107  33.413685
-113.095421   161.676758  33.414402
-113.091553   161.669052  33.413818
-113.087090   161.658615  33.412746
-113.084305   161.645844  33.411362
-113.082001   161.632645  33.409733
-113.080444   161.619751  33.406372
-113.077789   161.610443  33.402435
-113.075996   161.602036  33.399597
-113.074181   161.591751  33.396168
-113.072319   161.579788  33.392448
-113.069519   161.566742  33.388351
-113.069168   161.562927  33.386120
-113.067513   161.567062  33.385712
-113.062248   161.566040  33.384357
-113.050117   161.567368  33.382954
-113.043839   161.563675  33.384491
-113.034691   161.565659  33.388397
-113.027725   161.566650  33.403748
-113.024300   161.568985  33.423168
-113.015335   161.571732  33.442879
-113.007042   161.574844  33.458870
-112.999130   161.577789  33.465267
-112.993500   161.589111  33.465977
-112.984657   161.593399  33.462711
-112.978249   161.595734  33.460403
-112.961838   161.575653  33.453217
-112.945168   161.562302  33.446556
-112.935600   161.544983  33.442699
-112.929260   161.525299  33.439133
-112.920685   161.494247  33.431007
-112.912422   161.464203  33.423306
-112.910530   161.439011  33.418884
-112.908264   161.411652  33.414951
-112.900604   161.368103  33.411732
-112.901939   161.332108  33.406494
-112.911125   161.300583  33.401482
-112.920532   161.272049  33.397045
-112.929260   161.240860  33.393154
-112.936684   161.208878  33.390125
-112.943184   161.180893  33.387402
-112.944809   161.130966  33.394142
-112.944687   161.084473  33.416336
-112.933548   161.036591  33.446701
-112.926628   160.995010  33.490131
-112.916618   160.958710  33.544491
-112.907867   160.946945  33.599125
-112.903244   160.919647  33.626244
-112.898376   160.901978  33.633465
-112.887062   160.884384  33.644112
-112.880119   160.881470  33.650963
-112.875282   160.870621  33.654575
-112.872429   160.857880  33.655983
-112.866112   160.845093  33.655048
-112.863022   160.841415  33.652603
-112.853683   160.834427  33.648510
-112.844391   160.825211  33.649940
-112.842712   160.821625  33.645432
-112.837440   160.824249  33.624130
-112.842056   160.823242  33.593670
-112.841690   160.826874  33.574745
-112.841187   160.819946  33.560005
-112.841782   160.819870  33.545132
-112.840363   160.829071  33.529922
-112.840416   160.860947  33.508404
-112.838783   160.902924  33.466476
-112.838303   160.939178  33.429104
-112.828239   160.965134  33.403160
-112.817543   160.979294  33.385277
-112.807823   160.992294  33.369141
-112.794395   161.013611  33.354404
-112.785027   161.030579  33.336357
-112.777069   161.044708  33.314884
-112.775253   161.020279  33.252865
-112.774872   160.997101  33.176796
-112.792892   160.925903  33.092545
-112.811707   160.851929  33.019741
-112.857399   160.727646  32.918858
-112.915947   160.577301  32.811741
-112.984886   160.354904  32.722736
-113.069221   160.084167  32.650425
-113.145699   159.540985  32.423550
-113.254768   158.901611  32.284954
-113.387711   158.266098  32.180611
-113.566895   157.631866  32.103001
-113.763351   156.602509  31.990816
-114.012321   155.469452  31.959841
-114.328651   154.438629  31.877649
-114.643654   153.569962  31.884890
-114.888268   152.655350  31.820736
-115.158363   151.739456  31.598553
-115.381516   150.852890  31.432112
-115.640816   149.681595  31.247919
-115.921982   148.404190  30.987019
-116.159790   147.087952  30.772110
-116.448517   145.217850  30.493309
-116.710236   143.493713  30.183706
-117.086479   141.506851  29.954041
-117.450539   139.703003  29.759995
-117.827255   138.098419  29.535818
-118.304688   135.726791  29.250435
-118.849922   133.031860  28.882475
-119.812706   129.819717  28.384848
-120.655830   126.530426  27.867701
-121.583572   123.544052  27.729567
-122.382729   121.017570  27.872866
-123.035866   118.953171  28.119270
-123.719849   117.001701  28.411192
-124.058403   115.013519  28.603134
-124.413391   113.006035  28.868645
-124.721039   111.005875  29.099661
-124.978912   109.291618  29.308973
-125.237411   107.911583  29.591509
-125.454247   106.922104  29.901844
-125.611839   105.980370  30.197187
-125.748100   104.985229  30.491909
-125.580322   103.937462  30.634933
-125.394371   103.067978  30.786882
-125.178299   102.365540  30.869381
-125.098557   101.904686  31.027699
-125.092407   101.552338  31.183229
-125.115646   101.123665  31.383083
-125.058167   100.933372  31.571070
-124.947815   100.772240  31.689543
-124.886032   100.681427  31.848343
-124.776268   100.791878  31.973694
-124.729126   100.930595  32.086407
-124.588753   101.233765  32.151592
-124.267082   101.972084  32.205204
-123.728622   103.242500  32.319199
-123.187431   104.432632  32.471783
-122.727623   105.904228  32.746887
-122.216019   107.481590  32.987858
-121.703278   108.958664  33.142155
-121.241028   110.526184  33.364887
-120.885086   112.508652  33.608849
-120.432777   114.358345  33.805794
-119.945282   116.177094  34.015144
-119.529037   117.985481  34.118507
-119.052086   120.005257  34.174618
-118.655121   122.047874  34.261620
-118.286400   123.987312  34.330830
-117.927315   125.716408  34.383183
-117.626724   127.446205  34.558319
-117.399162   129.310867  34.831852
-117.005165   131.312500  35.096348
-116.542145   133.041580  35.382534
-116.143547   134.686417  35.660519
-115.459892   136.461639  35.961826
-114.767250   138.029434  36.245846
-114.151978   139.586990  36.445847
-113.434761   141.107193  36.577831
-112.832680   142.679504  36.671337
-112.171349   144.380905  36.668869
-111.436958   145.797745  36.468513
-110.618225   147.048447  36.454281
-110.389771   148.683792  37.003273
-109.663399   149.979492  37.406105
-108.971161   150.818298  37.688229
-108.030174   151.839127  38.257858
-107.366455   152.467499  38.469963
-106.985405   152.896973  38.477112
-106.541756   153.323181  38.328304
-105.947098   153.736526  38.052715
-105.415321   154.033035  37.705128
-104.824257   154.364853  37.378239
-104.358543   154.530914  37.041924
-103.671501   154.626602  36.502029
-103.043724   154.805923  36.116192
-102.323044   154.815277  35.628147
-101.680801   154.846909  35.161655
-101.114601   154.890228  35.004936
-100.525658   154.807587  34.764763
-99.986000   154.787964  34.553673
-99.473450   154.641037  34.382809
-98.968681   154.421906  34.196316
-98.419846   154.168488  34.024952
-97.935486   153.858566  33.844677
-97.398285   153.289246  33.655849
-96.371376   151.962692  33.492470
-95.432854   150.464691  33.340321
-93.437378   145.749298  32.789391
-92.954933   144.218491  32.707436
-92.278992   141.916199  32.511951
-91.667282   139.472641  32.210888
-91.085526   136.994247  31.999941
-90.401566   134.097763  31.937853
-89.781792   131.418900  31.905220
-89.276619   128.812531  31.841055
-88.751045   126.518112  31.904194
-88.244125   124.298370  31.947048
-87.777908   122.295509  31.899635
-87.403870   120.718590  31.820803
-86.869637   119.002411  31.772240
-86.413605   117.092468  31.662239
-85.914238   115.348495  31.578674
-85.554161   114.015709  31.377485
-85.159760   112.790665  31.276085
-84.776001   111.648407  31.210102
-84.344429   110.270981  31.152792
-84.026596   109.181953  31.141253
-83.720741   108.206444  31.087397
-83.483994   107.386703  31.083393
-83.320595   106.810692  31.092264
-83.222542   106.393906  31.103577
-83.125015   106.182266  31.094944
-83.044777   106.064758  31.100140
-82.993507   106.035828  31.108223
-82.974655   106.037949  31.137285
-82.944984   106.184326  31.217834
-83.018562   106.420761  31.366169
-83.120941   106.931961  31.662830
-83.461555   107.928627  32.544865
-83.777573   109.124283  33.374462
-84.310036   109.925583  34.053123
-84.989136   110.822174  34.753212
-85.901329   111.892052  35.652565
-87.008675   112.792740  36.582283
-88.415817   113.817955  37.871162
-89.658722   114.919502  38.946812
-91.106323   116.625374  41.016167
-92.431969   117.581635  42.141411
-93.892426   118.192146  43.209904
-95.190651   118.676163  43.952305
-96.885574   119.496559  45.569859
-98.597076   120.305412  47.250393
-100.073448   120.914421  48.301327
-101.574226   121.392464  49.101597
-102.857864   121.822754  49.704540
-104.160332   122.302162  50.282616
-105.525230   122.659325  50.885803
-106.983177   123.239357  51.506397
-108.399574   123.962585  52.088814
-109.544853   124.464989  52.501877
-110.661125   124.738220  52.964092
-111.596794   124.932053  53.393017
-112.749359   125.237030  53.971268
-113.712387   125.521973  54.389835
-114.583626   125.608269  54.716755
-115.208588   125.718102  54.974052
-115.746803   125.739952  55.180614
-116.282349   125.634689  55.365658
-116.663528   125.563469  55.497528
-116.935982   125.491707  55.600243
-117.046524   125.372070  55.664063
-117.180466   125.236359  55.716736
-117.189293   125.093567  55.709827
-117.169777   124.954849  55.693317
-117.053291   124.806290  55.451263
-116.747299   124.690430  55.061192
-116.309990   124.550652  54.506634
-115.740395   124.385796  54.024689
-115.056206   124.308266  53.569565
-114.049217   124.299736  52.865677
-113.087578   124.409004  52.253235
-112.195198   124.677559  51.583557
-111.151604   125.166840  50.856308
-109.918945   125.347450  50.349457
-108.752884   125.951645  49.391174
-107.954025   125.904625  48.758915
-107.298141   125.846855  48.422379
-106.529922   125.880211  48.037430
-105.624619   125.840302  47.657349
-104.711723   125.933319  47.279396
-103.767723   125.670609  46.815609
-103.009521   125.345856  46.497093
-102.262344   125.178238  46.241512
-101.667389   125.121292  46.017349
-101.013855   125.299210  45.969997
-100.361748   125.389877  45.913826
-99.454086   125.653671  45.889198
-98.656197   125.868042  45.889767
-97.912910   126.002121  45.864445
-97.244316   126.102280  45.846794
-96.737923   125.955971  45.639374
-96.244720   125.986557  45.490654
-95.786316   125.942825  45.368362
-95.411781   125.900864  45.322334
-95.185036   125.888359  45.308254
-95.031258   125.852562  45.310158
-94.872162   125.777924  45.315144
-94.738220   125.662292  45.323689
-94.688057   125.603279  45.360546
-94.689804   125.525658  45.393318
-94.743950   125.467346  45.437050
-94.833031   125.491600  45.522125
-94.956367   125.539429  45.619991
-95.146088   125.604042  45.763065
-95.355011   125.679161  45.924236
-95.760330   125.855560  46.181717
-96.169197   126.279434  46.559353
-96.782867   126.926819  47.125793
-97.444923   127.474335  47.701740
-97.917221   128.290527  48.253151
-98.290810   129.753647  49.208458
-98.582924   131.348145  50.270500
-98.633011   133.166855  51.358631
-98.576279   134.671021  52.155396
-98.435120   135.936752  52.810757
-98.277832   137.233276  53.408962
-97.919693   138.537735  53.938457
-97.580986   139.826569  54.404129
-97.087402   141.171844  54.945984
-96.444702   142.700607  55.777706
-95.737495   144.065216  56.341915
-94.914925   145.098465  56.740604
-93.046356   147.847015  57.810081
-92.345490   148.393890  58.066902
-91.481201   149.024368  58.267036
-90.490059   149.694458  58.421043
-89.690941   150.176117  58.476055
-88.629478   150.529343  58.283642
-87.851578   150.852188  58.117477
-86.910439   151.092377  57.863106
-86.037247   151.186386  57.568134
-85.269150   151.220230  57.255203
-84.223892   151.375259  56.895763
-83.154938   151.325531  56.596500
-82.073830   151.083160  56.224525
-80.966805   150.741531  55.875935
-79.980721   150.222412  55.590832
-79.335648   149.877274  55.407326
-78.765808   149.613129  55.248508
-77.736511   149.025421  54.976765
-76.766792   148.182648  54.594681
-75.947823   147.561768  54.310028
-75.278076   146.982910  54.081844
-74.135010   145.969513  53.682529
-73.250854   144.696808  53.511093
-72.722351   143.895950  53.412903
-71.833771   142.679276  53.272491
-70.573181   140.891251  53.120880
-69.727814   139.490585  53.085171
-69.197113   138.424164  52.242683
-68.880501   137.312134  51.563782
-68.499802   136.094376  50.970150
-68.016838   134.846619  50.901680
-67.653198   133.706589  50.969723
-67.318703   132.719543  50.934002
-66.953033   131.250107  50.428318
-66.531761   130.085770  50.346207
-66.294716   128.973328  50.489204
-66.160355   128.063400  50.606285
-66.038078   127.033211  50.787563
-65.960220   125.919952  50.934052
-65.835304   124.797066  51.043430
-65.855392   124.033081  51.048141
-65.834846   123.205032  51.075748
-65.816376   122.453033  51.104942
-65.796211   121.705490  51.150318
-65.790596   121.084076  51.197380
-65.818344   120.591789  51.237328
-65.842278   120.224922  51.262539
-65.869827   119.973488  51.273235
-65.904663   119.835464  51.260838
-65.942482   119.715149  51.245293
-65.988892   119.637344  51.230900
-66.069748   119.577629  51.190540
-66.177299   119.576744  51.156090
-66.305420   119.653366  51.102402
-66.476044   119.883850  51.017487
-66.619659   120.330688  50.950058
-66.755981   121.001663  50.830654
-66.982407   122.049294  50.731438
-67.280548   123.413315  50.542919
-67.267700   124.822975  50.414635
-67.286636   126.448257  50.425392
-67.229836   128.034760  50.411423
-67.108490   129.424698  50.365185
-66.911499   130.605789  50.237068
-66.639595   132.017960  50.195705
-66.418915   133.587051  50.202953
-66.128220   134.908051  50.194992
-65.776260   136.210510  50.082035
-65.407097   137.365479  50.027206
-64.957291   138.439438  49.927444
-64.447716   139.565399  49.837608
-63.852016   140.596268  49.686722
-63.263309   141.615341  49.593948
-62.610054   142.444519  49.480289
-61.903606   143.240128  49.360832
-61.165249   143.899811  49.257809
-60.605446   144.329987  49.143402
-60.038673   144.713852  48.995781
-59.499947   144.963928  48.873676
-58.974289   145.150085  48.772182
-58.428841   145.150955  48.679199
-57.911602   145.120346  48.620712
-57.230457   144.804810  48.569790
-56.568447   144.489792  48.544968
-55.953575   144.098160  48.562588
-55.248341   143.519638  48.518112
-54.615589   142.814651  48.422737
-54.189777   142.147446  48.270699
-53.708469   141.390930  48.134552
-53.300804   140.525955  48.015934
-52.904221   139.674286  47.946064
-52.357841   138.640823  47.890690
-51.665554   137.553482  47.760921
-51.086388   136.418198  47.666031
-50.517445   135.244690  47.606911
-50.066727   134.096924  47.682056
-49.757500   133.214325  47.630001
-49.534935   132.165466  47.322666
-49.225212   131.036591  46.977879
-49.168346   130.135757  46.801342
-48.799198   129.048706  46.486454
-48.619816   128.136154  46.328506
-48.719067   127.356270  46.295479
-48.694416   126.673180  46.254780
-48.735638   126.025032  46.259678
-48.773663   125.556374  46.285458
-48.816879   125.074066  46.323742
-48.935982   124.745773  46.364460
-49.034084   124.466652  46.404301
-49.116978   124.251343  46.433556
-49.179787   124.083977  46.451389
-49.257481   123.975632  46.464352
-49.330631   123.895187  46.472908
-49.461483   123.854614  46.467358
-49.661865   123.944923  46.441708
-50.008141   124.240372  46.464188
-50.322586   124.599632  46.499142
-50.918991   125.057175  46.491802
-51.345539   125.612007  46.486275
-51.616802   126.563591  46.546314
-51.911705   127.435402  46.616798
-52.080002   128.542404  46.722153
-52.174774   129.628647  46.825119
-52.143162   131.104935  47.053703
-52.069366   132.502228  47.239315
-51.436859   135.936356  47.562950
-51.158482   136.786240  47.651096
-50.703793   138.087448  47.755146
-50.189194   139.600357  47.887192
-49.599556   140.996262  47.983212
-49.091141   141.870178  48.103149
-48.560326   142.704239  48.192764
-48.020103   143.309113  48.236748
-47.435253   143.823715  48.275547
-46.771126   144.275787  48.301552
-46.053204   144.655426  48.309475
-45.269398   144.982407  48.505413
-44.313797   145.204712  48.613602
-43.335129   145.256302  48.616440
-42.475224   145.184479  48.585312
-41.387547   144.880936  48.474911
-40.405437   144.488358  48.232796
-39.163845   143.800583  47.884766
-38.231552   143.165451  47.510239
-37.054493   141.769440  47.113022
-36.487389   141.115173  46.935318
-35.839188   139.960999  46.772289
-35.219414   138.740967  46.643253
-34.195045   136.057892  45.996223
-33.572769   134.000519  45.811878
-33.245869   132.048218  45.589546
-33.086090   131.578552  45.591888
-32.485916   129.633148  45.469696
-32.323380   129.088898  45.408894
-32.173321   128.654449  45.319382
-32.053719   128.218124  45.232662
-31.960045   127.868904  45.161366
-31.870840   127.579620  45.085014
-31.805302   127.353722  44.928654
-31.807905   127.333527  44.881222
-31.873333   127.398857  44.832195
-31.899435   127.461258  44.811935
-31.927528   127.570297  44.782131
-31.976877   127.734863  44.742088
-32.061451   128.082855  44.719933
-32.173805   128.460938  44.757721
-32.302719   129.140152  44.800968
-32.361214   129.662476  44.835781
-32.234127   130.529373  44.916145
-32.176933   130.970444  45.002449
-32.031940   131.530701  45.108116
-31.426865   132.204834  45.475323
-31.107622   132.525558  45.685337
-30.560841   133.027496  46.011814
-29.832531   133.415497  46.256184
-29.267927   133.553665  46.339218
-28.527472   133.710724  46.403820
-27.308048   133.865936  46.861538
-25.996008   134.073639  47.253872
-23.190258   134.337326  47.727043
-21.733267   134.325806  47.971649
-18.231092   134.422348  48.240551
-16.532244   134.413528  48.430984
-14.723574   134.401917  48.560886
-11.192746   134.638626  48.558064
-9.469254   134.484985  48.500069
-7.679931   134.443481  48.135345
-4.431044   135.321487  47.608517
-3.039595   135.790497  47.329922
-1.680794   136.401184  47.051456
0.550729   137.656097  46.633251
1.449076   138.259613  46.456345
2.547935   139.155563  46.242966
3.304305   139.975433  46.093624
4.005958   141.066162  45.876263
4.639683   142.011871  45.787701
5.118918   143.096298  45.595348
5.572462   145.055832  45.267239
4.227553   146.714722  43.653786
3.593683   147.499405  43.162487
2.502263   148.889252  42.829941
1.952377   149.490433  42.843361
1.118995   150.358414  42.865788
-1.293324   151.532486  43.094078
-2.625285   152.124878  43.322506
-4.424204   152.855316  43.608162
-6.355933   153.366104  43.936165
-9.390868   153.875641  44.576748
-11.187071   153.711304  44.348351
-12.608994   153.470169  44.472042
-14.275574   153.383987  44.876701
-15.663014   153.267242  45.497501
-18.183725   152.444199  46.215263
-19.102953   152.038193  46.456646
-20.061960   151.444244  46.676411
-20.927290   150.716415  46.710163
-21.597900   149.901855  46.819901
-22.685028   147.480026  47.341583
-23.256805   145.976517  47.623791
-24.021841   142.633743  47.939941
-24.365129   140.947845  48.115013
-24.649561   136.765518  48.618404
-24.724466   135.083069  48.838398
-24.611803   132.703751  49.438705
-22.419590   127.212166  51.252869
-21.869488   126.410599  51.506023
-20.850889   125.358139  51.776989
-19.622370   124.442490  52.002029
-18.611338   123.869392  52.118984
-17.771275   123.573769  52.142506
-16.365248   123.264137  52.061558
-15.185993   122.971947  51.921848
-13.047398   123.193024  51.560261
-11.965337   123.397163  51.281250
-10.582586   123.805000  50.848534
-8.292866   124.915634  49.983356
-7.364713   125.360718  49.725292
-6.381308   125.949669  49.450886
-4.712048   127.701157  48.933243
-4.188958   128.355774  48.727154
-3.044379   130.232117  48.302837
-2.408568   131.954407  47.939621
-1.393569   134.192169  47.514050
-0.465843   136.452560  47.164524
0.456106   138.595856  47.079041
0.908169   139.700775  46.959858
1.348157   140.664200  46.875450
1.630879   141.432846  46.865685
1.879202   142.315796  46.854996
2.007690   143.467072  46.827209
2.029584   143.834427  46.826351
2.022643   144.227066  46.818390
1.879190   144.482956  46.842190
1.842568   144.555069  46.837822
1.789936   144.639084  46.830482
1.665945   144.558273  46.842724
1.559954   144.442917  46.859264
1.345189   143.843628  46.893726
1.217647   143.511047  46.881115
0.952556   142.216766  46.756908
0.739413   141.222137  46.641361
0.467949   138.533722  46.337563
0.143488   134.263123  46.113735
0.313581   131.267059  46.053532
1.070644   126.189293  46.375103
1.267770   124.059937  46.538109
2.867772   120.694405  46.717793
3.952426   119.447334  46.756908
5.461090   118.516190  46.897591
6.648601   118.055161  46.994610
8.609276   117.807777  46.978851
9.482266   117.802155  46.986778
10.643977   118.032227  47.012337
11.643682   118.281326  47.044891
13.244258   119.331017  47.069504
14.022316   120.072937  47.239563
14.875993   121.123756  47.432526
16.252371   124.000542  47.848225
16.962456   125.492783  48.053493
18.034317   129.745422  49.207508
18.271107   130.834045  49.479378
18.743324   134.266098  50.186237
18.759230   135.751419  50.454498
18.851681   137.590607  50.724743
18.782209   139.695297  50.975262
18.699581   140.968475  51.277409
18.454922   142.855484  51.487659
18.179928   143.738602  51.450008
18.032526   144.967087  51.407673
18.009319   145.485291  51.377460
17.987211   146.305801  51.270798
18.017368   146.618805  51.207813
18.069572   146.957031  51.126926
18.114874   147.231110  51.032188
18.206064   147.445267  50.937897
18.463690   147.666550  50.774586
18.677240   147.716080  50.676170
19.084896   147.629227  50.493736
19.505045   147.554520  50.306305
20.002062   147.463638  50.051033
21.731649   146.781937  49.629677
22.488953   146.480118  49.446663
24.869026   145.428635  49.155579
26.589418   144.588959  48.949871
29.340797   142.622681  48.729404
32.083118   140.320999  48.746132
33.257324   139.475296  48.768192
35.894154   137.431976  48.956383
37.124912   136.600525  49.032814
39.052647   135.063126  49.300068
40.000198   134.103165  49.513096
41.343487   131.585007  49.738132
41.992069   129.079361  50.068195
42.247326   127.452362  50.322876
42.198555   123.548065  50.855240
42.033443   121.890991  51.073128
41.315407   117.669449  50.778919
40.978329   116.893410  50.789478
40.194668   115.434792  50.910107
39.160179   114.193466  50.988903
37.875813   113.037170  51.114216
35.616760   111.603172  51.110622
34.356617   110.822418  51.106293
31.952570   110.174965  51.048000
30.838169   110.211296  51.057636
29.845551   110.437889  50.975605
28.243429   111.765656  51.106853
26.950003   113.538033  51.214409
26.564615   114.160904  51.220062
26.005596   116.549072  51.276760
25.898024   118.194534  51.114910
25.876427   119.478027  50.962692
26.382774   121.955978  50.986206
26.814331   123.799973  51.045536
27.821594   127.234459  51.101662
30.065222   132.400482  50.817902
31.145447   134.611053  50.686100
32.513569   137.212921  50.530369
34.289272   139.673065  49.975109
36.163570   141.471893  49.425171
37.482838   142.583328  48.964226
40.199661   144.791550  47.985706
41.636787   145.734085  47.301563
43.219975   146.784241  46.560173
45.607384   149.075729  45.647476
46.401657   149.936478  45.388649
47.493080   151.080826  45.099094
49.248993   152.682877  44.370361
50.075962   153.410675  43.840599
51.361320   154.235809  42.894299
52.028435   154.581223  42.270599
52.642689   154.782135  41.513359
53.667908   154.597336  40.101185
54.077152   154.395569  39.498375
54.468781   154.117126  38.833153
55.047874   153.607452  37.809010
55.330627   153.294983  37.239876
55.574982   152.950195  36.563618
55.754967   152.625290  35.989101
55.848225   152.278976  35.412376
55.943760   151.901016  34.878010
56.009396   151.574173  34.293694
55.994640   151.464722  33.991158
55.974968   151.401245  33.576897
55.966183   151.371628  33.200588
55.884438   151.338745  32.753674
55.822960   151.308884  32.545467
55.700073   151.213470  32.254803
55.596527   151.112518  32.008751
55.210541   150.591370  31.360561
55.010983   150.368301  31.086689
54.799652   150.132492  30.824583
54.466015   149.723450  30.450602
54.313927   149.566498  30.313496
54.099438   149.353333  30.123106
53.925602   149.105530  29.984148
53.798534   148.967407  29.848150
53.694756   148.805023  29.716909
53.619785   148.565018  29.619686
53.539204   148.424057  29.520950
53.614944   147.939362  29.378027
53.598133   147.667267  29.260719
53.597176   147.543671  29.197815
53.621078   147.403259  29.097923
53.692780   147.153885  28.999977
53.750576   147.008484  28.959698
53.821434   146.836273  28.883505
53.897278   146.572952  28.761059
54.042549   146.302750  28.690945
54.104111   146.205978  28.661278
54.221523   145.951126  28.603409
54.274689   145.794174  28.546362
54.364529   145.227188  28.378021
54.389469   145.064865  28.330648
54.422478   144.767654  28.267984
54.524521   144.181549  28.172960
54.560696   143.922684  28.139225
54.604755   143.624924  28.085669
54.648495   143.322281  28.010532
54.665672   143.043137  27.904793
54.678089   142.822723  27.823771
