-122.894478   137.449310  -55.497322
-122.930260   137.434204  -55.472797
-122.960846   137.419281  -55.451283
-122.999123   137.397385  -55.430511
-123.060638   137.384903  -55.406303
-123.111855   137.369797  -55.385986
-123.164658   137.332504  -55.361748
-123.196564   137.288864  -55.342091
-123.239372   137.232346  -55.317932
-123.269051   137.190460  -55.284744
-123.288757   137.137177  -55.251827
-123.302048   137.101822  -55.232979
-123.316315   137.069855  -55.221378
-123.348999   137.033707  -55.217209
-123.386078   136.993927  -55.205898
-123.426743   136.939865  -55.188419
-123.485840   136.887817  -55.166035
-123.525810   136.814819  -55.149601
-123.568184   136.724930  -55.124187
-123.605453   136.653763  -55.103394
-123.630821   136.590561  -55.082363
-123.651741   136.536148  -55.061123
-123.668167   136.483521  -55.039539
-123.716896   136.414825  -55.017349
-123.757156   136.360031  -54.989506
-123.771523   136.324066  -54.982777
-123.784325   136.300201  -54.982479
-123.744461   136.468445  -55.013176
-123.731316   136.502731  -55.015396
-123.692314   136.585175  -55.026588
-123.594727   136.703751  -55.024738
-123.544167   136.758514  -55.024765
-123.500252   136.805359  -55.020748
-123.476662   136.824310  -55.006397
-123.428932   136.880447  -55.018295
-123.353569   137.048248  -55.126572
-123.306625   137.204727  -55.213985
-123.270287   137.341446  -55.245888
-123.258659   137.581299  -55.343834
-123.246277   137.814346  -55.429367
-123.249435   138.011658  -55.507683
-123.258522   138.170746  -55.566666
-123.256638   138.295944  -55.616905
-123.251297   138.408630  -55.661205
-123.249344   138.478561  -55.683472
-123.260780   138.529053  -55.684933
-123.259521   138.569839  -55.696148
-123.274986   138.603043  -55.715858
-123.320251   138.598343  -55.731541
-123.369171   138.580948  -55.745621
-123.460365   138.532715  -55.705486
-123.558792   138.483582  -55.661160
-123.667801   138.370026  -55.580433
-123.747696   138.283920  -55.517460
-123.828491   138.200150  -55.502052
-123.923775   138.114563  -55.548393
-124.038940   138.026611  -55.561737
-124.156487   137.962936  -55.587650
-124.269371   137.980209  -55.686962
-124.494637   138.196884  -55.819416
-124.871788   138.607513  -56.036140
-125.352318   139.161255  -56.251419
-125.923119   139.675934  -56.518047
-126.226250   140.210190  -56.727333
-126.597160   141.199188  -56.796658
-126.093391   141.214523  -57.330845
-125.391495   141.286545  -58.026478
-124.503273   141.415039  -59.052883
-123.540016   142.261871  -60.060101
-121.695824   143.369812  -61.463451
-119.493958   144.945984  -63.177628
-116.987396   147.102905  -65.089317
-114.398445   150.093643  -67.157410
-111.886452   153.634003  -69.232712
-109.323090   158.406647  -71.395546
-107.052299   163.825531  -73.302238
-104.856728   169.195572  -75.129639
-102.877159   174.855362  -76.598000
-101.027328   181.061890  -78.099823
-98.955132   187.772858  -79.574318
-96.736816   193.974106  -80.770485
-94.366974   200.435410  -81.145409
-91.809456   207.189453  -82.823425
-89.605339   213.181442  -84.075409
-87.210831   220.255798  -84.943146
-84.639526   226.220566  -85.433899
-82.123741   231.530090  -86.056847
-79.564636   236.586716  -86.316032
-77.097969   242.757401  -86.330544
-74.563591   248.903946  -86.133110
-72.400902   254.449799  -85.797829
-70.149002   258.734009  -85.650970
-67.923706   263.193970  -85.236771
-65.920502   267.341156  -85.011391
-63.701698   270.854950  -84.800331
-61.604164   273.814972  -84.480606
-59.480686   276.300415  -84.110153
-57.450493   278.624207  -83.700867
-55.644066   280.994415  -83.355019
-53.696949   283.064026  -82.972527
-51.716812   284.661499  -82.563850
-50.144466   286.008667  -82.211235
-48.882874   286.599976  -81.918304
-48.019409   287.060120  -81.753479
-47.274963   286.907135  -81.797791
-46.731171   286.321747  -81.985489
-46.310181   284.479950  -82.527557
-46.598248   280.338135  -83.604401
-47.469231   274.805939  -85.086319
-48.831875   266.113525  -86.509880
-50.456371   257.642242  -87.306564
-51.825474   250.747482  -87.913376
-53.265366   243.827362  -88.267296
-55.116272   234.778702  -87.946030
-57.582336   225.298233  -87.363983
-60.349033   214.726868  -86.383331
-62.670902   204.081894  -83.954018
-64.720451   194.610107  -80.823296
-66.539413   186.165573  -77.890854
-67.637306   180.073593  -74.640587
-68.165977   175.176926  -71.633324
-68.311089   170.957260  -68.426361
-68.500870   166.837296  -65.876991
-68.770004   162.815506  -63.383865
-68.951584   159.606949  -61.106762
-69.192574   156.643951  -59.185207
-69.615959   153.864441  -57.722992
-70.012024   151.591507  -56.538696
-70.243034   149.956741  -55.584763
-70.414803   148.762573  -54.898094
-70.648468   148.052429  -54.494278
-71.004044   147.732346  -54.318279
-71.276787   147.661972  -54.264652
-71.659706   147.927505  -54.372421
-72.081612   148.357315  -54.600124
-72.586693   149.019928  -54.938408
-73.351196   150.190231  -55.402294
-74.443962   152.007584  -56.006516
-76.186386   154.480545  -56.680187
-78.462852   157.407654  -57.358105
-80.838371   160.335342  -57.835777
-83.192909   162.846115  -58.211731
-85.418610   165.159927  -58.401608
-87.060570   166.736328  -58.497013
-89.343872   169.102448  -58.864113
-90.787453   170.718292  -59.164288
-91.985832   172.133179  -59.375969
-92.765335   173.211121  -59.620083
-93.380486   174.350449  -59.733608
-93.690872   175.315460  -59.930248
-93.866196   176.757080  -60.323631
-93.629044   178.079926  -61.058258
-88.919968   183.242996  -64.461113
-87.092133   184.579483  -65.416840
-84.005180   186.677689  -66.743050
-80.302536   189.115204  -68.003250
-77.214432   190.840500  -69.067032
-72.872223   193.284500  -70.600822
-69.832664   194.984848  -71.660408
-67.126442   196.553635  -72.580482
-62.952675   198.966904  -73.937485
-60.720032   200.163483  -74.610901
-57.148212   201.977707  -75.761047
-54.991650   203.176514  -76.370361
-51.621174   204.964020  -77.215042
-49.776154   205.982300  -77.643402
-47.099449   207.590164  -77.937721
-45.564754   208.341156  -78.122719
-43.306038   209.421463  -78.252258
-42.319607   209.785156  -78.277504
-41.445419   209.782089  -78.189545
-40.557335   209.648804  -78.079475
-40.268337   209.224335  -77.890282
-39.973412   208.202759  -77.617813
-39.898312   205.421616  -76.661591
-39.992138   204.070496  -76.333511
-40.396515   200.924423  -75.641235
-40.775570   198.454025  -74.988564
-41.557205   194.960709  -74.196808
-42.731236   188.723938  -72.639778
-43.470901   185.371933  -71.782051
-44.592716   180.669312  -70.617416
-46.372887   173.128738  -68.419739
-47.330257   169.221802  -67.151611
-48.892532   163.594528  -65.107635
-50.409252   157.755951  -62.500317
-51.952583   152.048309  -59.312176
-53.281998   147.616486  -56.743198
-54.283756   144.084045  -54.605755
-55.151360   141.224960  -52.776577
-55.833221   139.019867  -51.153713
-56.341892   137.498795  -49.989796
-56.619408   136.439240  -49.191525
-56.774124   135.717606  -48.697170
-56.879513   135.321243  -48.468575
-56.895027   135.134445  -48.399822
-56.874123   135.144333  -48.470181
-56.798222   135.270706  -48.602238
-56.697086   135.574982  -48.863895
-56.431408   136.496796  -49.566589
-56.042507   138.313293  -50.688187
-55.507378   140.952728  -52.137302
-54.726955   144.120377  -53.953110
-53.867088   147.383789  -55.809151
-53.076363   151.155090  -57.679771
-52.303371   154.756531  -59.282928
-51.368858   158.912247  -61.104698
-49.736713   163.913162  -63.124680
-48.284286   168.305176  -64.570236
-47.349876   171.646347  -65.622658
-46.399857   175.024734  -66.716660
-45.226463   178.666275  -67.691200
-43.886238   182.890213  -68.998917
-42.520596   186.054550  -70.052681
-41.286606   189.584366  -71.154396
-39.802826   193.143082  -72.242805
-38.235607   196.254669  -72.940025
-36.802933   199.173126  -73.410713
-35.442455   201.590073  -73.976501
-33.949512   203.929428  -74.402184
-32.410896   206.025726  -74.680641
-30.745306   207.863632  -75.005821
-29.064419   209.733307  -74.898239
-27.304577   211.136948  -74.800873
-25.486797   212.367035  -74.736542
-23.681561   213.472702  -74.489731
-21.874361   214.050507  -74.377457
-20.047108   214.137222  -74.122360
-18.371922   213.834885  -73.895226
-16.783928   213.394257  -73.695808
-15.375896   212.190475  -73.378113
-14.076465   210.721802  -72.970055
-12.938511   208.670700  -72.571266
-11.940889   206.567856  -72.032684
-11.160793   204.859818  -71.713730
-10.427074   203.050171  -71.186722
-9.963457   201.059326  -70.700661
-10.098644   197.434494  -69.773605
-10.541794   193.585327  -68.767891
-11.199846   189.790131  -67.441666
-12.173114   186.267899  -66.320396
-13.371240   182.367355  -65.020073
-14.547969   179.045563  -64.184647
-15.773383   174.878708  -62.599369
-16.896761   170.624542  -60.778362
-17.701931   167.978180  -59.778358
-18.365511   164.694275  -58.397755
-19.009521   161.461456  -57.087097
-19.558065   157.617950  -55.697437
-19.895756   154.465576  -54.674374
-19.955366   152.947128  -54.145874
-19.791019   150.020401  -52.889217
-19.573738   147.793488  -51.957237
-18.916834   145.676910  -51.030891
-18.233627   144.553879  -50.248528
-17.470497   143.344955  -49.668327
-16.205107   141.742401  -49.531052
-14.992117   140.422043  -49.517960
-13.949232   139.646545  -49.798923
-12.866724   139.257599  -50.155121
-11.852161   139.138245  -50.481632
-10.594909   139.617722  -50.980804
-9.478180   140.187668  -51.600632
-8.521404   140.773117  -52.207699
-7.310874   142.014542  -53.141140
-5.993787   143.863907  -54.283051
-4.937033   145.771973  -55.108959
-4.045194   147.842056  -56.079666
-3.146759   150.504913  -57.283787
-1.957519   153.670563  -58.629166
-0.988057   156.538620  -59.898472
-0.135186   159.138763  -61.158466
0.990686   162.303101  -62.618603
2.331746   166.062485  -64.179512
3.515812   169.182327  -64.669640
4.459129   172.131287  -65.679909
5.296685   175.143417  -66.798218
7.373011   183.197571  -69.511261
7.963135   185.337967  -69.813477
8.483206   187.714966  -70.309395
8.853118   189.570923  -70.707703
9.115994   191.340485  -71.043282
9.382605   192.919891  -71.336395
9.562960   194.238510  -71.558044
9.718610   195.362930  -71.740387
9.864751   196.301056  -71.883423
9.991354   197.161072  -72.022346
10.136183   197.895462  -72.044228
10.260098   198.501602  -72.058411
10.317900   199.020294  -72.034149
10.335429   199.328476  -71.999413
10.328279   199.433899  -71.921638
10.227677   199.354156  -71.709061
10.090528   198.972809  -71.234558
9.789971   197.963501  -70.625237
9.519471   196.864304  -70.057404
9.169163   195.504242  -69.513771
8.871138   194.111847  -69.026703
8.451427   192.102219  -68.302628
8.125757   190.259872  -67.768059
7.725122   187.723526  -67.277588
7.219023   185.499420  -66.708641
6.502490   182.576843  -66.197418
5.535800   179.264679  -65.744873
4.381019   176.285980  -65.148552
3.161711   172.830353  -64.404251
2.105762   169.480865  -62.979660
1.035010   165.620605  -61.666885
0.016325   162.375793  -60.630550
-1.074490   158.752228  -59.417683
-2.156739   155.189240  -58.297688
-2.987740   151.828079  -57.167126
-3.646456   148.611145  -55.789417
-4.087080   146.356308  -54.731544
-4.300183   144.390594  -53.551598
-4.433908   140.472488  -51.499832
-4.298946   138.873291  -50.730125
-4.074706   137.644104  -50.169052
-3.333810   136.491837  -49.580681
-2.225815   135.793839  -49.211441
-0.921962   135.414520  -49.134975
0.739094   135.468674  -49.419975
2.599413   135.666321  -49.795174
4.518591   135.814011  -50.521664
6.870160   135.857941  -51.580177
9.138886   135.975479  -52.114166
11.257262   136.360519  -52.678902
13.433326   136.796005  -53.212322
15.726448   137.586288  -53.848362
18.566414   139.021576  -54.639179
21.396112   140.398468  -55.524696
24.808462   142.482880  -56.684284
28.035603   145.329300  -57.479717
30.033834   146.801697  -57.889454
32.037083   148.763077  -58.821705
33.649574   150.763138  -59.540100
35.149712   152.764160  -60.190605
36.764614   155.808319  -60.730709
38.100254   157.776443  -61.246334
39.386211   160.689301  -61.732967
40.826782   163.946106  -62.165588
41.722099   166.861435  -62.695480
42.487686   170.103287  -62.979027
42.503471   172.910629  -63.713314
42.419491   175.452698  -64.759811
42.023087   177.500366  -65.349136
41.450619   179.340927  -65.831230
40.808067   181.216034  -66.213455
39.999004   183.056122  -66.619957
38.722500   185.363174  -67.195473
37.038441   187.811401  -67.686424
35.449379   189.637894  -67.976974
33.735394   191.270538  -67.954300
31.915741   192.524170  -67.975739
30.109997   193.547775  -67.841713
28.584585   194.399323  -67.767563
27.491556   195.118149  -67.703674
26.488813   195.832321  -67.556801
25.629356   196.213409  -67.405525
25.058949   196.361084  -67.310226
24.603691   196.325684  -67.193275
24.198309   196.279114  -67.084137
23.434137   195.697342  -66.437317
22.862223   194.893494  -65.860977
22.515699   193.740585  -65.300453
22.604134   192.881134  -64.861641
22.990143   191.977417  -64.380035
23.684067   191.101379  -64.120316
24.679514   189.930115  -63.604553
26.160131   188.757355  -63.172779
27.966663   187.581879  -62.687363
29.961319   186.304230  -62.371624
32.169510   184.660370  -62.198032
34.406425   182.687241  -61.862453
36.503719   180.403061  -61.636955
38.710278   177.723953  -61.225040
40.471474   174.776382  -60.424480
41.698589   172.010483  -59.806866
42.577339   169.000320  -59.048748
43.007439   166.416229  -58.357857
43.146957   164.190765  -57.736008
42.868320   162.070389  -57.183033
42.087597   159.242722  -56.521202
40.998852   156.514893  -55.909008
40.014378   154.087631  -55.339222
38.504711   151.930618  -54.623562
37.094265   150.457504  -54.003597
35.532196   149.283325  -53.306244
34.218967   148.478516  -52.916546
32.739342   147.977325  -52.729973
31.019421   147.700180  -52.649258
28.449022   147.811096  -52.481613
26.827761   147.923294  -52.391788
24.862839   148.287079  -52.215523
23.021191   148.838287  -52.175503
21.714945   149.600418  -52.170349
20.783623   150.444794  -52.323952
20.230146   151.407166  -52.607342
19.806541   152.481369  -52.864410
19.530666   153.468552  -53.124260
19.336250   154.337921  -53.375008
19.688847   157.410461  -54.424320
19.830004   158.310608  -54.776039
20.078175   159.606644  -55.266609
20.441004   160.769913  -55.780972
20.835796   161.585037  -56.168167
21.437414   162.103958  -56.505211
22.122406   162.285385  -56.716282
22.928976   162.237289  -56.730263
23.960598   161.966827  -56.850117
24.989622   161.515976  -56.620892
26.143532   160.651642  -56.059677
27.342760   159.318802  -55.821274
28.868521   157.750458  -55.294605
30.320854   155.660187  -54.912178
31.530985   153.425812  -54.632008
32.922447   151.294067  -54.021755
34.543858   149.170670  -53.310749
36.136497   147.416840  -52.672523
38.052528   146.007965  -52.066124
39.949406   144.925461  -51.731930
41.818630   144.196793  -51.532585
43.447887   143.793015  -51.422874
44.996792   143.576233  -51.358612
46.589375   143.549744  -51.479080
48.183395   143.701553  -52.086872
49.724751   143.974396  -52.504280
51.097290   144.477188  -53.017372
52.674465   145.557693  -53.907280
54.320618   147.182297  -54.906368
56.097145   149.503815  -56.177853
58.116093   152.601440  -57.473583
60.166557   156.209686  -59.161995
61.819187   159.994629  -60.798447
63.577362   165.280045  -62.809925
65.049728   169.690338  -63.815048
66.968788   174.823563  -64.594528
68.487000   179.506287  -65.361771
70.131897   184.033554  -66.454430
71.916786   189.692734  -67.709473
73.395172   195.261459  -68.468658
74.951202   200.706665  -69.709419
75.847572   205.392883  -70.572556
76.952141   210.637802  -71.783127
78.168808   215.410767  -72.901566
79.683960   220.668488  -73.948769
80.833527   225.534988  -75.284843
82.220589   231.262070  -76.426376
83.578438   236.526337  -77.399132
84.844933   241.838211  -77.992149
86.296005   246.702927  -78.788185
87.845894   251.432755  -79.320198
89.197861   255.727432  -79.790863
89.865715   258.698456  -80.069344
92.033905   265.380463  -80.706062
92.924713   267.950470  -81.054970
93.665817   270.642303  -81.492096
94.368225   273.039001  -81.414932
95.047531   275.174347  -81.515762
95.564095   276.990448  -81.433304
96.018181   278.311951  -81.543129
96.266197   279.031250  -81.522583
96.468834   279.784119  -81.462875
96.721786   280.571869  -81.387650
96.800987   280.813690  -81.371841
96.745583   280.729980  -81.364265
96.549034   280.309998  -81.306595
96.068062   278.875336  -81.312248
95.506050   276.418793  -80.949425
94.497246   272.951447  -80.805542
93.352364   269.394806  -80.427307
92.102554   264.987488  -79.710739
90.831596   260.027954  -78.240379
89.550323   255.516602  -77.101616
88.255272   250.765839  -76.063522
86.736565   245.727295  -74.715012
85.321938   240.907562  -73.366837
83.876236   235.675323  -71.845757
82.440125   230.347366  -70.629097
81.557037   225.534027  -69.552567
80.953354   220.886658  -68.084633
79.871429   215.704987  -66.130844
78.561890   210.962036  -64.578751
77.702530   206.833588  -62.166389
76.686142   202.883057  -60.504280
75.666656   198.721359  -58.450001
74.346428   194.323746  -56.577930
73.064964   189.931778  -54.793980
71.625832   185.779739  -53.000118
70.515968   181.751343  -51.614544
69.301407   177.807587  -50.070545
68.266281   174.336029  -48.578049
67.149323   170.748184  -46.841091
65.981857   167.526657  -45.213768
65.122322   165.162735  -44.057873
64.383392   163.291992  -42.948097
63.608341   161.487137  -41.704693
62.916061   160.105865  -40.825157
62.422981   158.881546  -40.139984
62.078812   157.731537  -39.797005
61.760323   156.654861  -39.418026
61.476276   155.696533  -39.038647
61.297081   155.001831  -38.700878
61.145123   154.514420  -38.405319
61.040195   154.296860  -38.261662
60.988197   154.503021  -38.125984
61.023895   154.796722  -38.187332
61.196777   155.496796  -38.402870
61.360958   156.900864  -38.929401
61.453224   158.472733  -39.516178
61.555271   160.837952  -40.456009
61.469929   163.165939  -41.154938
61.456474   165.687347  -41.781147
61.407879   168.620895  -43.176872
61.271931   171.424423  -44.705399
61.431274   174.552460  -45.780994
61.592693   177.479645  -46.797359
61.768024   180.187775  -47.745152
61.994534   183.078186  -49.071342
62.221481   185.295395  -50.027161
62.710915   187.836960  -51.166176
63.324604   190.489349  -52.430145
63.986908   192.700821  -53.060070
65.176407   195.188431  -53.859127
66.500206   197.860367  -54.081417
70.054001   201.872513  -54.523182
71.453224   203.051559  -54.425842
73.074745   204.291428  -54.398514
74.398643   205.053192  -54.671143
75.979607   205.728226  -54.899807
77.645958   206.095154  -55.060719
78.737991   205.782532  -55.099854
79.780540   205.368286  -54.909466
80.790573   204.623413  -54.579094
81.969582   202.990128  -54.038292
83.180710   200.466354  -53.353214
83.991379   197.415787  -52.215199
84.891350   193.518799  -51.204857
85.715752   189.336258  -49.772171
86.416336   184.594574  -47.933109
87.108269   180.019119  -45.811153
87.586349   175.505051  -43.440296
88.271072   171.550476  -41.415173
88.697571   167.683060  -39.689831
88.723389   164.340530  -38.012051
88.840302   161.284714  -36.213230
88.919113   158.539612  -34.771645
88.982224   155.693237  -33.790836
89.452141   153.021744  -33.065552
89.960419   150.735764  -32.188568
90.356911   148.958511  -31.369141
90.603333   147.501770  -30.553732
90.902626   146.246552  -29.722914
91.094963   145.032272  -28.964996
91.326393   143.965012  -28.310408
91.378685   143.088501  -27.628784
91.712204   142.360275  -27.242287
91.900482   141.463547  -27.124968
92.207809   140.952179  -27.121454
92.617676   140.691635  -27.262480
92.969284   140.531631  -27.323240
93.233849   140.437225  -27.363155
93.473984   140.509232  -27.361219
93.983185   141.049927  -27.333632
94.603279   141.851898  -27.395180
95.249802   142.664429  -27.552433
95.968178   143.758087  -27.738766
96.708031   144.812912  -28.017536
97.098679   145.499191  -28.287998
97.367508   146.097687  -28.617840
97.861229   146.981400  -29.331390
98.210556   147.792130  -30.041222
98.697807   149.137436  -30.518948
98.828377   150.267563  -30.977333
98.824173   150.807175  -31.414780
98.826790   151.274582  -31.931705
98.856689   151.661255  -32.282982
98.730850   152.118286  -32.767738
98.583176   152.453735  -33.152161
98.457901   152.774734  -33.494205
98.421013   153.042328  -33.730110
98.339851   153.418701  -34.134567
98.199669   153.639648  -34.422752
98.065498   153.852829  -34.595837
97.854645   154.022308  -34.841740
97.684036   154.105118  -34.971893
97.426155   154.201340  -35.088795
97.114822   154.222992  -35.250351
96.645393   154.078400  -35.433575
96.306946   153.761581  -35.711063
96.022041   153.423981  -35.965729
95.926445   153.357132  -35.877121
95.852173   153.263306  -35.793987
95.773849   153.162018  -35.780319
95.643181   153.031311  -35.725815
95.473251   152.898270  -35.708408
