-113.475212   243.453842  -23.174112
-113.477707   243.450394  -23.179771
-113.476845   243.447601  -23.185736
-113.470016   243.505524  -23.202091
-113.449783   243.559189  -23.220272
-113.431717   243.625580  -23.243862
-113.367340   243.737976  -23.277866
-113.308777   243.859055  -23.304985
-113.212524   243.989426  -23.340006
-113.119202   244.124054  -23.362221
-112.979706   244.496765  -23.471437
-112.884743   244.645325  -23.540232
-112.753899   244.857758  -23.603327
-112.605850   244.960175  -23.688663
-112.465225   245.065552  -23.766914
-112.364349   245.246277  -23.873169
-112.281815   245.573837  -23.997087
-112.190155   245.871475  -24.076542
-112.099838   246.091766  -24.149565
-112.028847   246.391251  -24.224833
-111.973984   246.765564  -24.250429
-111.900406   247.071518  -24.277584
-111.842850   247.375061  -24.314281
-111.800461   247.649017  -24.326218
-111.744095   247.877457  -24.337946
-111.698723   248.114197  -24.338459
-111.637909   248.315994  -24.330034
-111.564789   248.491806  -24.328838
-111.507866   248.667999  -24.332047
-111.460915   248.913666  -24.335167
-111.414162   249.162781  -24.346510
-111.332581   249.458588  -24.387087
-111.260277   250.016418  -24.426395
-111.223244   250.494171  -24.469030
-111.143356   251.065720  -24.511417
-111.049614   251.829071  -24.622284
-110.959869   252.857697  -24.808107
-110.896339   253.852280  -24.955353
-110.741524   254.772934  -25.151030
-110.653641   255.907669  -25.372597
-110.850220   257.975098  -25.688391
-110.899139   259.863312  -26.002283
-111.147545   262.015137  -26.459761
-111.314545   263.830902  -26.627302
-111.536880   265.771973  -26.548576
-111.813431   267.949188  -26.557774
-112.086830   270.118622  -26.610432
-112.352852   271.945923  -26.656504
-112.603317   274.103363  -26.641975
-112.892921   275.938263  -26.730810
-113.150948   277.523315  -26.854551
-113.387093   278.830597  -26.933235
-113.688225   280.162628  -26.922163
-113.935638   281.247742  -26.918665
-114.146988   282.084747  -26.889503
-114.382530   282.930115  -26.816004
-114.910904   283.780121  -26.653618
-115.511017   284.474823  -26.422352
-116.302559   284.828156  -26.073793
-117.239952   284.733856  -25.678999
-118.331917   283.066315  -25.365269
-119.482285   279.143921  -25.138664
-120.754776   273.437408  -25.289160
-122.010048   266.083649  -25.733728
-123.087112   257.349152  -25.810268
-123.874306   247.229782  -25.174910
-124.456039   236.461899  -23.645868
-125.010132   224.081299  -21.862381
-125.242012   210.396255  -19.455900
-125.172691   195.552490  -16.124517
-125.278870   181.672577  -11.102239
-124.856544   167.586884  -5.830377
-122.912399   153.881699  -0.187522
-120.778328   142.104660  6.280985
-119.528503   132.419189  11.924806
-115.022041   116.693611  22.530834
-115.445068   114.154343  23.746738
-116.461731   113.358559  23.821318
-117.467056   113.982773  23.642788
-118.947090   115.439468  22.309990
-119.938599   117.260170  20.992794
-124.343384   125.732841  17.567541
-129.363327   136.808167  12.262295
-133.141998   147.019424  7.727181
-135.700348   156.700104  4.135430
-137.665176   166.357605  0.772625
-139.422424   177.322906  -1.828669
-141.194565   188.439194  -3.896776
-142.722733   199.850784  -5.633002
-143.998367   211.426895  -6.597115
-144.642380   223.176865  -7.366969
-145.714584   235.121841  -7.541101
-146.718567   247.391510  -7.798139
-147.272614   259.189636  -7.428145
-147.288849   271.740021  -6.607854
-146.680069   283.116089  -5.805109
-144.940506   293.215942  -5.417754
-142.534927   303.837219  -5.040522
-138.744186   315.318573  -4.550290
-134.096420   325.106110  -4.774988
-128.017029   334.350739  -5.034177
-120.711647   341.350830  -6.064742
-112.975571   348.058319  -7.312584
-105.183723   352.687347  -8.642830
-96.883217   354.460419  -11.505973
-89.090538   354.883362  -14.599630
-82.584885   353.370483  -18.278027
-77.568779   349.556763  -21.386799
-73.485916   344.420990  -24.193701
-70.901573   339.079041  -26.332182
-69.081657   331.926575  -28.251991
-68.920410   324.546722  -29.044237
-70.778854   316.259369  -28.662418
-74.789032   307.002808  -28.307932
-80.512268   298.119843  -26.644979
-87.788872   289.730682  -23.619894
-96.032982   282.906433  -19.680006
-104.446342   276.348999  -15.355855
-111.544769   269.504486  -11.315931
-118.303497   265.065277  -8.405045
-124.645119   259.661285  -6.248083
-128.607773   255.721832  -4.113889
-131.108643   254.090195  -2.706295
-132.475525   253.266937  -2.006845
-133.096573   252.899536  -1.705157
-133.261459   253.482910  -1.481032
-133.183380   254.407349  -1.345908
-132.447067   256.219086  -1.515163
-129.813385   261.214722  -1.583884
-124.677124   267.602570  -2.743474
-117.956802   274.001038  -4.386674
-110.361458   279.205780  -6.491735
-101.873207   283.840363  -9.120147
-92.944656   287.426025  -11.617661
-83.523346   289.526733  -14.123384
-74.594704   291.969513  -16.006296
-65.776047   292.676117  -17.693741
-57.377758   291.109863  -19.576529
-50.146423   289.557800  -20.779066
-43.060173   285.129791  -21.582376
-37.003479   280.588745  -21.750874
-31.976753   274.663239  -21.509438
-27.945360   266.549377  -20.902182
-25.004103   257.616943  -19.566912
-23.268244   248.452789  -17.717388
-23.134426   238.060226  -14.486670
-24.927258   227.906845  -11.141273
-28.936028   218.285568  -7.100286
-35.662823   209.063919  -2.353860
-43.924294   198.833511  1.947896
-54.479919   190.100937  7.333648
-64.898689   183.175919  13.044483
-73.894073   176.216690  18.479603
-80.046120   171.347473  21.714434
-84.020790   168.687607  23.321411
-86.311607   169.438644  22.524681
-88.156021   173.156036  20.451784
-90.101181   179.369980  17.122301
-91.992775   188.290237  13.520441
-94.139084   200.849396  7.825043
-94.942398   215.865051  1.029431
-94.330269   231.487061  -2.687179
-93.579079   248.031265  -4.340714
-93.347511   264.411224  -4.574680
-92.602806   279.956512  -3.885230
-91.632889   295.547577  -2.084628
-90.409943   309.077332  -1.189210
-88.953712   321.279572  -0.113026
-87.745026   331.895447  1.068009
-87.026009   340.266907  1.796588
-86.216148   348.222931  2.035280
-85.768814   353.727051  1.720663
-84.969810   355.360016  0.452863
-84.904709   355.147888  -1.018600
-84.775963   353.504883  -2.068714
-84.773201   352.204803  -2.676318
-84.645317   344.469818  -5.183706
-84.051994   332.505219  -7.581484
-82.905945   317.819946  -9.233267
-81.690102   303.584595  -8.762503
-80.422913   289.605347  -7.044409
-79.361893   275.983643  -4.333939
-78.819107   263.384644  -0.883047
-78.040825   251.797623  3.385885
-77.153236   239.817429  7.201780
-77.246025   229.410049  9.613909
-77.571358   219.995316  13.109162
-77.058342   210.054169  16.514004
-77.443871   205.462387  19.165327
-77.824120   202.052002  21.057255
-77.965157   200.500443  22.259819
-77.808357   200.228836  21.850573
-77.452110   201.814301  20.322069
-76.579636   207.574173  16.048065
-75.920441   216.577103  10.458505
-74.153229   227.643219  5.413518
-70.993614   238.633255  0.845712
-67.930710   249.015335  -3.715595
-64.414452   259.974579  -6.894616
-60.549431   271.348419  -9.421470
-47.145199   304.626526  -13.818391
-44.324448   309.188141  -14.459377
-41.377506   313.082672  -14.139585
-38.656025   314.536926  -14.000167
-36.170002   314.446320  -14.124200
-33.819092   312.172241  -14.084885
-31.117533   307.206848  -13.802999
-28.046518   299.467712  -13.470656
-24.576811   289.736542  -12.316742
-20.813208   279.240234  -10.041786
-16.746006   268.956085  -7.208151
-12.137507   259.187103  -3.991494
-7.335361   251.034744  -0.641502
-2.002484   244.440247  2.140765
3.338329   238.488068  3.750026
9.062162   234.509628  4.802468
14.546684   232.210129  5.186918
20.022493   231.621185  4.451631
25.025410   233.478378  2.857722
29.351398   237.529800  0.331360
32.559917   243.346146  -2.895179
34.390331   249.385422  -5.005267
34.918972   255.592331  -7.085758
33.865944   261.087341  -8.817749
31.475035   266.017792  -10.016384
27.646582   270.660767  -11.048847
23.353737   273.865479  -11.321960
18.849804   275.969147  -11.301295
14.560804   277.233154  -11.049755
10.740463   276.859863  -10.284184
7.594203   275.738770  -9.274628
4.986629   274.083832  -8.264589
3.318231   271.672852  -7.242301
2.082539   268.595428  -6.443198
1.368276   266.230377  -5.859302
0.933810   264.065247  -5.261676
0.819466   262.606049  -4.840954
1.324934   261.778046  -4.583338
3.039144   261.664703  -4.083817
5.489379   261.874084  -3.846004
8.928669   261.289642  -3.873920
13.173265   259.587677  -3.601481
17.672377   255.800186  -3.048298
21.983934   251.544357  -2.786608
26.110191   247.111023  -2.727347
29.988344   242.601166  -3.071301
33.833759   239.381790  -3.404434
37.490040   237.982376  -3.879738
40.615070   238.167038  -4.736831
43.448822   240.945572  -6.138713
45.611675   246.083969  -8.057756
46.617542   253.344528  -9.819799
46.448765   264.058716  -11.324542
45.744125   275.089905  -12.315170
45.284302   285.511444  -12.565616
44.959606   295.419525  -12.720945
43.311295   315.777710  -10.691557
41.199646   323.677795  -9.473703
38.462723   330.555878  -8.210320
35.929176   338.019226  -5.967483
34.163334   345.292877  -3.837812
33.155373   350.557648  -2.276734
32.594364   354.320679  -0.961132
32.714352   356.330017  -0.522162
33.998726   358.452209  -0.309091
36.306862   359.542328  -0.585594
39.594471   359.555847  -1.097693
43.822521   357.944885  -2.297549
49.847851   356.694336  -3.251120
57.064251   354.053894  -4.067435
64.559280   350.595154  -4.697572
71.992836   345.249817  -5.602812
78.475426   339.446136  -6.067216
83.505989   332.130280  -6.741287
87.126785   323.927856  -7.229390
89.224609   314.807037  -8.462298
90.753662   304.117889  -8.731075
91.601479   294.022888  -8.689984
92.332687   283.800415  -8.257320
93.402885   274.232025  -6.773034
95.029083   265.229248  -5.486935
97.016365   258.252563  -4.553922
99.268242   253.644272  -3.337822
101.886047   251.138184  -2.628811
104.722961   250.255035  -2.444588
108.002640   250.275970  -2.803478
111.409355   251.952576  -3.310137
115.144798   254.931305  -3.614116
118.670189   258.902222  -3.857206
122.030807   263.341675  -3.900591
125.313469   269.933075  -4.295588
127.308014   277.357605  -4.996747
127.774040   284.788483  -5.839943
126.378181   292.321838  -6.668964
123.000374   299.604736  -7.169698
117.909737   306.124512  -8.194751
111.983505   311.343506  -8.956134
106.321365   313.874146  -9.459596
101.662758   314.841827  -9.292537
98.704849   315.131683  -9.281336
96.975708   314.682831  -9.265411
96.060432   314.282654  -9.270459
95.651695   313.951996  -9.371397
95.556999   313.658722  -9.501348
95.762848   313.446136  -9.576997
96.789063   313.317566  -9.663381
99.455254   313.772858  -9.974550
103.702538   314.179138  -10.212957
109.287811   314.245117  -10.016915
115.372612   313.208954  -9.780182
121.266563   310.561249  -8.930546
125.893494   307.164246  -8.188566
129.199738   300.791931  -7.765539
132.702713   294.420441  -7.282785
135.826767   286.255585  -6.071509
138.388580   276.340942  -3.995311
140.279221   265.744232  -1.301842
141.392197   254.467484  2.339456
141.952103   242.162796  6.185982
141.405212   232.287308  12.300268
139.498886   223.001663  18.218063
137.305664   213.847519  24.463203
133.147705   206.869095  30.497374
129.614090   200.340149  35.869087
119.568008   189.256577  45.539875
117.676361   188.579666  47.436275
116.804649   188.230835  48.930939
115.686081   189.072983  49.322926
115.245583   190.139191  48.619080
114.467270   195.433823  44.867527
114.334290   203.019577  39.661964
115.120255   211.584702  34.046764
116.576302   221.681076  28.034105
118.830612   233.527786  22.977915
125.581963   257.632660  15.217933
130.584106   269.325745  12.554524
134.524155   280.324860  11.113618
138.115433   290.590057  9.744624
140.447845   300.167633  8.673648
142.155563   309.230896  7.838024
141.620285   316.666046  6.967930
139.724136   323.660095  6.582860
136.069260   327.697388  5.712598
131.555313   330.651337  4.976189
127.959999   332.220245  4.291269
124.877106   332.212860  3.879358
122.193008   331.013763  3.458921
120.297310   329.039093  3.337047
118.132103   325.199677  3.398802
116.008423   319.320557  3.413198
115.130302   315.197388  3.856477
115.190781   313.073029  4.260884
116.098816   311.003510  4.407928
118.016876   309.474731  4.633753
121.283127   307.016083  5.238542
126.609596   305.257751  6.101339
132.401047   302.768341  6.858220
137.633804   299.399719  7.632915
141.690384   294.259460  8.475101
144.436386   287.752594  8.892441
146.736465   280.924011  9.171791
148.760635   274.601166  10.397631
149.586197   268.257935  11.613164
150.326508   263.115448  12.127811
150.824280   260.575836  11.976117
150.846100   260.639648  11.305022
150.519989   262.637146  9.915766
150.258209   267.258362  7.861398
150.396118   272.884644  6.098598
150.939270   280.421692  4.457124
152.726883   290.315399  2.569181
153.998642   298.521942  2.181484
154.864899   304.844666  2.297856
156.736404   312.917358  3.371258
158.129379   318.937744  5.232388
158.744797   322.674103  5.835821
159.910690   325.578888  5.959351
161.007751   326.176147  5.980919
162.626785   325.008179  5.814578
164.637115   320.366272  5.688411
167.726456   312.476135  5.766849
171.345963   301.617554  6.466394
175.737350   289.458527  8.726383
180.312805   278.386078  11.545399
183.639420   269.132416  15.303380
187.868500   263.546783  18.617144
190.843094   260.022064  21.352789
194.568817   259.586548  22.277210
197.895798   260.430603  22.086647
201.344330   264.640594  20.171095
204.171539   269.762177  18.294029
207.198776   276.613312  16.157379
211.582764   287.462524  12.799547
216.850479   299.384216  10.803240
221.333496   310.508240  10.435261
225.305374   321.763977  11.492626
227.773941   331.214386  13.676278
228.486771   337.289886  15.200411
228.851517   342.515381  16.652456
229.978897   348.860138  18.612041
230.115799   353.546204  19.849072
229.752655   356.910248  21.063330
229.216110   358.599518  21.498663
228.210587   358.893036  20.978798
227.718170   360.023315  21.006025
227.202179   360.782501  20.922237
226.779633   360.808868  20.539629
227.011978   361.525391  20.118013
227.019928   361.840332  20.104864
226.195374   361.184906  19.454178
225.167282   360.460541  19.173231
224.151520   360.220245  19.348740
223.351654   359.812714  19.635942
221.978439   358.423187  19.970629
220.806564   357.413177  20.304342
218.731125   354.399963  19.966366
217.220367   352.030273  19.500164
216.393707   350.208588  19.052795
215.190720   347.953522  18.559381
213.978882   346.044769  17.766386
212.320084   343.584412  17.008326
210.377975   340.261749  15.974311
208.045013   336.370392  15.269591
205.648544   332.522339  14.246294
202.630219   328.577118  13.575508
200.043274   324.588013  12.380152
197.415054   320.176697  10.984772
194.785690   316.557526  10.198439
191.748657   313.301697  10.568104
188.906189   309.471100  9.691925
186.149857   305.912811  8.799497
183.597168   302.270721  8.021268
180.743774   298.814087  7.456035
178.249146   296.075897  6.884133
174.199768   291.872345  6.011824
170.924438   288.714905  5.162232
168.057480   286.146515  4.742176
165.191193   283.586212  4.528280
162.371765   281.149780  3.859063
159.903595   279.165161  3.445810
156.920135   276.711212  2.895022
153.587997   273.671936  2.353630
150.526535   271.407196  2.183461
147.287628   268.846588  1.966389
144.382065   267.030212  1.797570
141.034698   264.965607  1.812713
137.692581   263.131653  2.011126
134.024902   261.032745  2.377555
122.440552   255.906616  3.970671
119.641792   254.951126  4.653798
115.806702   252.871368  5.835680
112.813309   251.349396  6.805436
