-83.188629   120.304573  -19.342070
-83.256027   120.086151  -19.296642
-83.277931   119.974068  -19.230324
-83.274284   119.895569  -19.191380
-83.290108   119.762825  -19.175882
-83.296204   119.728737  -19.171099
-83.332909   119.612656  -19.149090
-83.378807   119.496323  -19.129410
-83.408577   119.421059  -19.099430
-83.455971   119.317413  -19.053711
-83.520111   119.154366  -18.948753
-83.551888   119.083580  -18.901588
-83.600067   118.975266  -18.832657
-83.632423   118.910652  -18.790485
-83.668320   118.857475  -18.753437
-83.715233   118.789253  -18.710405
-83.737923   118.756607  -18.689657
-83.776047   118.663277  -18.616615
-83.800209   118.612045  -18.576815
-83.835541   118.529037  -18.514320
-83.854080   118.482262  -18.478865
-83.875336   118.435364  -18.444626
-83.915726   118.357040  -18.388897
-83.943222   118.307556  -18.354801
-83.992760   118.228584  -18.299101
-84.039864   118.145737  -18.242044
-84.097214   118.050186  -18.178200
-84.163177   117.890587  -18.058844
-84.196251   117.796967  -17.987322
-84.262589   117.609062  -17.855614
-84.290146   117.455833  -17.748903
-84.316071   117.323524  -17.658258
-84.333366   117.095711  -17.509472
-84.340485   116.827507  -17.363541
-84.361526   116.418282  -17.162142
-84.305489   116.262245  -17.114578
-83.962914   116.099060  -17.128736
-83.117493   116.239105  -17.287889
-82.396797   116.616577  -17.565100
-80.530647   118.091606  -18.463394
-77.555252   122.061867  -20.080490
-76.052605   124.370132  -21.540752
-74.062332   128.611954  -24.389343
-72.091011   133.761658  -26.779320
-68.917145   143.106781  -30.853924
-67.957390   148.505753  -33.149555
-66.564453   155.364029  -35.189526
-64.300217   167.854630  -38.470013
-63.304836   174.376495  -39.880810
-62.916210   182.162277  -41.918476
-62.021042   190.388702  -42.681358
-61.137985   205.949356  -44.991203
-60.720692   212.074585  -44.882923
-60.666695   217.379974  -44.788639
-60.859882   226.907227  -44.704113
-60.813942   231.625351  -45.143463
-60.951683   236.461823  -45.423985
-60.795376   241.531830  -44.861317
-60.800117   246.045135  -44.738937
-61.114861   247.330261  -44.526680
-61.079567   248.869186  -43.919147
-60.829903   250.139008  -43.437321
-60.900192   250.345261  -43.364880
-60.893406   250.314148  -43.368046
-60.858776   249.756653  -43.393200
-61.123989   248.285294  -43.543682
-61.841202   243.456009  -43.991817
-62.516678   237.357941  -44.733246
-63.002792   227.136414  -45.846283
-63.629681   221.950806  -46.305435
-64.027321   214.365891  -47.105606
-63.807091   201.494186  -47.587559
-63.528172   195.081192  -47.310204
-63.204556   187.257065  -46.540855
-62.315880   178.522614  -46.189930
-60.539642   165.203171  -45.858429
-60.124844   161.043106  -45.735458
-59.738865   158.441711  -45.486553
-59.335003   153.895126  -45.184536
-58.546200   152.407211  -45.181515
-57.488098   151.471756  -45.260891
-56.496029   151.161652  -45.514488
-52.862083   151.817276  -45.819939
-51.466309   152.665634  -46.082043
-49.828712   156.140350  -46.937012
-46.819508   162.634460  -47.568184
-45.523636   167.631927  -47.745396
-43.770706   173.606445  -48.303085
-41.184929   185.636688  -50.579311
-35.114780   213.053879  -51.560318
-31.863663   222.856781  -51.311062
-30.788013   228.288544  -50.836773
-29.449286   233.563385  -50.617836
-27.762060   243.703293  -50.570869
-26.453522   250.178177  -50.988087
-25.071157   256.490784  -51.509106
-23.945127   262.254456  -53.012573
-22.844818   268.108887  -54.460815
-22.129475   269.857452  -54.734959
-20.809166   273.303436  -54.670906
-19.484873   276.754791  -54.875492
-18.998213   277.819519  -55.120422
-18.188004   278.578003  -55.418663
-17.613419   278.860443  -55.897518
-16.432550   277.799744  -56.950279
-15.946280   276.087830  -57.554344
-15.214111   271.312012  -58.891602
-14.751233   263.778046  -60.309689
-14.617685   258.455292  -60.700359
-14.437553   251.459793  -60.977886
-14.049786   237.613235  -60.807415
-13.582252   230.283981  -60.511200
-12.971053   222.021667  -59.904030
-12.175758   212.320923  -59.320362
-11.119364   194.059662  -57.933880
-10.005011   186.562775  -56.112186
-8.960068   178.068542  -54.534367
-7.582874   164.482193  -51.909973
-6.983909   159.189209  -49.480858
-6.253747   153.804962  -47.020981
-5.635303   148.376328  -44.363007
-5.355252   141.245422  -40.540371
-5.243794   139.483307  -39.442513
-5.349639   137.696381  -38.483292
-5.450733   135.552582  -37.365143
-5.343246   134.760376  -36.782528
-5.216549   134.296066  -36.272537
-5.158445   134.480072  -35.637325
-5.052759   135.366943  -35.235081
-4.957701   138.590851  -34.464581
-5.002921   143.928909  -33.561771
-5.932379   149.887009  -33.834171
-5.966572   151.891647  -34.000755
-7.061148   156.913452  -34.675262
-8.942637   164.821335  -35.481800
-10.355670   169.854248  -36.612690
-12.313301   175.349457  -37.531620
-14.521588   179.945892  -38.225372
-18.167938   187.257309  -38.604156
-20.354160   190.279251  -38.997822
-23.424612   193.907761  -39.263264
-27.287300   198.255157  -38.690819
-29.533039   199.839157  -38.512932
-32.615734   202.141632  -38.272453
-35.617062   203.657944  -37.513641
-38.867256   204.389923  -36.058361
-40.557861   204.524643  -35.728622
-43.114899   204.448090  -35.311714
-46.565948   202.948761  -33.850498
-47.695900   201.299149  -32.237602
-49.201054   198.369385  -30.325998
-50.835659   192.956909  -28.388550
-50.887596   189.819595  -28.085878
-50.637321   184.808075  -27.718210
-49.656166   179.215103  -27.871561
-48.127224   171.352951  -28.243179
-47.070263   168.443100  -28.405283
-44.438522   163.689743  -26.668215
-41.078159   157.791702  -24.692345
-39.248077   155.122589  -24.010260
-36.957600   152.630066  -23.672335
-34.235264   150.772217  -23.444939
-29.891499   148.840683  -23.362246
-27.989029   148.458282  -23.672272
-24.753326   148.766693  -24.480761
-19.833401   150.072205  -25.743109
-17.653143   151.302200  -26.549278
-14.492738   153.502335  -27.740618
-10.952909   156.904068  -28.595758
-6.490583   162.488373  -30.171556
-4.178010   165.288589  -30.728760
-1.852186   168.898682  -30.908590
1.285612   175.378860  -31.900608
2.730912   178.703888  -32.862774
4.290290   183.150238  -33.966476
6.441089   189.031540  -35.659172
7.338782   191.340332  -36.633564
8.968308   195.013824  -37.330746
10.426697   198.320114  -37.889694
12.299186   202.319885  -38.486385
12.874613   203.474747  -38.620541
13.637527   204.438004  -38.752399
14.535102   205.429504  -38.867550
14.852279   205.680939  -38.861523
15.168534   206.000183  -38.741745
15.586028   206.179321  -38.617428
16.036629   206.096970  -38.313728
16.208513   205.792465  -38.172474
16.731041   204.115173  -37.649460
18.066967   198.784439  -37.203018
18.592945   195.243851  -37.135544
19.503088   190.281311  -37.012749
20.665039   185.202576  -36.891853
24.325209   176.547531  -34.391140
24.952740   174.171738  -34.605930
26.499521   170.023254  -34.562290
28.775496   164.787064  -34.314762
29.927198   162.518524  -34.165642
32.631084   159.145126  -32.769245
35.500797   156.148605  -31.491179
36.587357   155.289658  -31.365549
38.320026   154.558304  -31.513285
40.270382   154.286896  -31.762684
43.358643   154.263550  -31.758860
44.444801   154.563553  -31.824636
46.934536   156.453766  -31.709618
50.222641   161.393616  -31.679728
51.833027   166.230240  -31.609272
53.730217   172.370117  -31.757015
54.904194   177.336319  -32.104355
57.459827   186.746140  -32.665047
58.474697   190.610504  -32.845371
59.596809   196.160385  -32.963581
61.601860   205.564529  -35.826874
63.758167   220.207520  -37.439911
64.560806   224.955658  -37.133110
65.071388   227.298462  -36.944717
65.890190   229.804596  -36.470356
66.916809   233.038712  -35.846485
67.690353   234.213348  -35.633987
68.477501   235.235519  -35.494865
69.380043   235.666000  -35.581116
69.976158   235.512741  -35.628757
71.354210   234.395294  -35.646217
73.430626   231.418854  -35.436050
77.715172   222.567535  -35.791756
79.539345   218.354050  -35.710636
81.893974   211.409760  -34.821712
84.263412   201.895981  -31.971090
85.375771   197.604309  -30.848482
86.618324   192.377151  -29.004049
88.319923   187.373352  -28.028242
89.312157   182.661835  -26.335442
89.530403   182.145386  -25.914093
90.054688   182.984619  -25.813839
91.709404   187.822693  -26.164066
92.760925   193.955719  -26.784420
93.779411   202.065552  -26.637527
93.862175   212.321564  -26.178974
92.359421   228.901123  -23.683596
90.977211   235.118286  -23.099129
89.061928   242.698746  -22.917809
86.435112   258.707306  -21.496649
84.522514   264.534088  -21.268707
82.863930   272.656158  -19.983644
78.793739   283.315582  -19.691130
76.898941   286.806305  -20.026825
75.489227   290.794647  -21.199270
74.275917   293.786560  -23.282284
73.581833   296.010559  -26.814762
73.001099   295.900513  -29.221521
71.828156   294.620178  -33.575165
71.242096   293.797607  -39.799107
70.842995   293.024292  -41.835949
70.106316   292.574646  -43.233788
69.305954   291.659607  -44.658020
68.009850   290.717743  -45.962135
67.264183   290.454468  -46.301899
65.117958   289.612640  -46.857567
62.154263   289.354218  -46.197655
60.498619   289.169464  -45.636971
57.158184   288.991333  -44.133244
51.190159   287.907104  -40.629299
48.161930   286.324066  -38.542728
44.583698   284.752258  -35.863060
41.566734   283.239197  -33.139420
37.033833   281.196503  -29.485811
34.262089   278.313904  -27.911093
29.728081   274.566833  -26.649843
22.071270   268.597290  -26.730364
17.459219   264.380127  -26.758057
11.647234   257.628937  -26.786282
7.080554   248.055435  -25.571377
-0.744365   226.852493  -20.683428
-4.361637   215.807236  -17.557621
-8.156392   203.463196  -12.551202
-12.891017   187.688553  -4.484668
-16.377159   182.158417  -1.505015
-19.276407   176.108109  1.243476
-21.124693   169.588196  3.798182
-23.754389   160.528122  6.876010
-21.815630   154.430710  4.229814
-19.116770   146.870361  3.400738
-13.985202   136.364853  1.962699
-10.292542   133.352524  2.078888
-5.418996   130.500519  1.402186
5.188053   125.732536  -2.208184
11.495928   123.898445  -3.302893
20.129745   124.136726  -5.284010
30.115223   125.004028  -6.613397
48.666462   126.155373  -10.136031
55.721603   126.088036  -11.968546
65.150764   127.074982  -14.088803
80.360664   128.112534  -18.737717
87.742905   128.333969  -19.645914
98.216881   127.540222  -19.722511
107.072762   126.248383  -20.095516
120.099083   124.106766  -21.866907
124.843414   124.385902  -22.362722
129.763245   124.896645  -22.928753
137.366776   126.104889  -23.816593
139.780548   126.622429  -24.358459
142.476685   127.814697  -24.943850
144.457245   129.102478  -25.339025
146.049088   130.930511  -25.839025
146.291016   131.563507  -26.037106
146.190781   132.281387  -26.261658
145.205032   133.334869  -26.347149
144.532806   133.508728  -26.408360
143.016922   133.759827  -26.275711
139.342346   133.970764  -25.115028
137.611877   133.902802  -24.965990
135.549103   133.747330  -24.586037
133.367950   133.008957  -24.175762
130.891541   132.347931  -23.331228
129.784424   132.043015  -22.966438
127.549133   131.355240  -22.337276
124.049713   130.382996  -21.495235
122.533249   130.030701  -21.049023
119.870270   129.564499  -20.274578
117.484695   129.331665  -19.472652
