-20.091448   217.918182  5.372386
-19.466875   220.523056  4.981577
-18.789507   222.711029  4.907155
-17.521090   230.583679  5.007246
-16.619102   239.176758  5.179877
-15.930438   245.895462  5.751635
-15.874322   252.993713  5.792346
-16.857685   260.294922  5.895081
-17.863270   267.859802  6.935971
-19.283678   274.544189  8.600101
-20.713919   280.084045  10.184387
-22.644327   285.547943  11.972087
-24.545830   290.289673  13.370831
-26.519857   293.843994  14.615330
-28.405512   297.156494  15.316743
-30.595568   299.703766  15.785474
-32.866318   301.524567  17.257559
-35.593349   301.337067  17.114044
-38.033218   300.337952  16.853237
-40.706329   298.097229  15.437204
-42.186741   295.301117  14.032043
-44.849979   289.725769  11.539012
-47.166256   281.912750  7.837090
-49.411594   274.715057  5.421327
-51.891403   266.440308  2.990610
-55.446793   257.169678  1.026484
-58.605015   247.662003  1.211156
-61.738026   238.081528  2.532846
-65.017853   228.440506  4.682322
-68.840721   219.398422  6.900597
-73.379562   210.350677  9.033466
-78.788895   201.333069  10.717441
-84.560768   192.443771  12.055346
-91.056648   184.722610  13.469755
-96.468918   177.472351  14.954479
-99.910126   173.388580  20.181641
-105.010262   168.207474  21.399900
-109.660370   164.170502  21.964884
-112.642288   161.437119  22.054928
-115.646545   159.365692  22.047529
-118.916855   159.371063  21.217710
-121.679489   160.395050  20.041235
-123.951447   162.606400  19.544563
-125.878502   165.760101  18.623024
-127.679199   170.144104  17.486233
-128.898956   177.915390  14.350486
-129.210510   185.355957  11.646143
-128.545547   193.054138  9.536706
-128.363937   201.256271  9.802408
-127.569588   209.589249  11.516520
-126.827118   218.558411  13.247424
-125.290367   226.602127  14.900938
-123.584877   233.612549  16.082346
-121.308197   239.984863  16.788445
-118.479256   245.552460  17.187674
-115.555267   250.488007  17.713623
-112.743568   254.592239  17.904369
-109.949921   257.556030  18.031364
-107.454666   259.424561  18.182774
-105.059372   260.883636  18.084320
-102.755165   261.830048  17.959148
-99.978386   261.223816  17.705442
-97.515388   259.969604  17.468363
-95.067207   257.822906  17.375160
-93.626999   255.482605  17.335918
-92.243378   252.044373  16.878912
-89.789337   247.349060  16.158649
-86.245911   241.865402  15.521804
-81.616249   235.053940  15.788062
-77.867661   229.524597  16.258175
-74.525482   223.890121  16.369734
-71.376343   218.169540  16.006540
-67.624374   212.661957  15.788365
-63.766621   207.221436  15.930420
-59.960148   202.670853  16.304417
-55.748524   198.267563  16.546875
-51.523048   194.736008  16.780594
-47.429512   192.179749  16.769552
-43.258099   189.635788  16.624975
-39.149006   187.793655  16.216749
-35.226921   187.120148  16.004932
-24.779137   191.566513  15.160727
-22.568657   192.863144  14.562311
-20.501133   194.393677  14.177279
-19.002342   196.554230  14.109856
-17.740799   200.083511  14.015288
-16.511587   205.455093  14.053339
-15.887762   210.936401  13.819175
-15.464577   216.450241  13.945789
-15.736588   221.772156  14.645820
-17.105976   228.275742  14.876571
-18.971806   234.093704  14.947454
-20.563372   239.249741  15.320508
-22.787132   243.154984  15.319438
-24.671946   246.174957  15.753527
-27.130173   248.790176  16.399439
-29.978506   250.893982  17.151787
-33.267265   252.440155  17.917603
-35.493687   253.366287  18.255022
-37.599537   253.639709  18.444185
-40.025288   253.447067  18.621832
-42.222614   252.983643  18.811123
-44.126923   251.611938  18.681158
-45.758194   249.170349  18.775084
-47.178028   246.807159  18.716461
-48.072906   244.570328  18.967533
-48.936604   240.731003  19.596182
-49.422325   237.194839  20.141750
-49.657261   234.153259  20.279341
-49.584175   231.304123  20.673109
-49.302532   228.225021  21.006134
-48.984303   226.024261  21.375692
-48.986820   224.574829  21.525442
-47.584568   220.719406  21.558363
-45.955505   217.772873  21.928375
-44.616669   215.690186  22.289463
-43.229195   214.154175  22.445129
-41.523525   212.795166  22.781151
-39.824627   212.138290  22.842024
-38.293247   211.995102  22.788706
-36.736706   212.066727  22.764807
-34.984756   212.639862  22.520248
-33.429028   213.231110  22.375135
-32.062790   214.691132  22.141203
-30.856617   216.337219  21.885897
-30.007128   218.389542  21.797184
-29.361845   220.487930  21.806608
-29.078541   224.451218  21.004879
-28.693748   226.907425  20.871548
-28.407862   229.413330  21.091827
-28.091324   232.433441  21.433172
-27.936781   235.033890  21.825130
-27.937002   237.124710  22.360825
-27.657970   239.917862  23.569979
-27.511274   242.022064  24.563990
-27.512737   243.237305  25.108397
-27.691467   244.497269  25.879305
-27.802715   245.894745  26.924049
-27.642927   247.325333  27.667240
-27.529612   248.309937  28.257627
-27.262108   249.197311  28.986076
-26.636089   249.877274  29.441034
-26.147774   250.278030  29.781273
-24.779417   251.525650  31.115911
-23.596905   251.448532  31.628857
-22.483732   250.720642  31.951401
-21.285032   249.646500  32.090988
-20.150167   248.298416  32.241867
-18.886286   245.974426  31.578550
-17.745726   243.152496  30.958311
-16.717495   240.739944  30.141409
-15.690574   238.316360  29.234640
-14.721869   235.451492  27.832018
-13.870543   232.870972  26.801542
-13.122591   230.433884  25.478731
-12.721411   228.613281  24.632442
-12.558502   226.980789  23.981833
-12.510477   225.711212  23.548136
-12.502478   224.974304  23.344296
-12.581714   224.389847  23.157904
-12.686764   223.916550  22.990177
-12.749834   223.632492  22.873127
-12.821824   223.533768  22.791445
-12.904558   223.606247  22.732210
-13.017872   224.322372  22.534128
-12.649146   227.232422  20.367403
-12.652817   230.345413  18.864935
-12.558193   233.629837  18.470938
-12.564985   236.247879  18.787502
-12.808663   239.144287  19.007130
-12.979787   241.967499  19.413208
-12.706263   245.969818  19.125610
-12.553967   250.285324  19.901258
-12.433533   253.070465  20.564898
-12.321639   254.960938  20.557152
-11.798029   257.747528  19.763048
-11.386395   259.154816  19.216148
-11.049464   259.504608  18.769781
-10.712377   259.406067  18.535870
-10.360168   259.263672  18.432781
-9.865183   258.695618  17.892195
-9.323675   258.129669  17.532484
-8.678519   257.257355  17.018637
-7.933928   255.813080  16.206400
-7.063015   253.975906  15.296265
-5.953505   251.329041  14.264797
-5.133953   248.906067  13.371792
-4.531512   246.853729  12.553830
-3.891992   244.979584  11.779781
-3.353984   242.993790  10.976719
-2.626382   239.255554  9.751876
-2.440044   235.894623  9.177989
-2.434499   233.858383  8.744217
-2.343337   232.408203  8.349956
-2.276491   230.563889  8.024671
-2.182602   228.144302  7.042517
-2.086414   226.794128  6.430238
-2.001457   226.095383  6.103055
-1.736639   225.809158  5.940796
-1.427934   225.673996  5.858712
-1.122101   225.845459  5.822148
-0.853251   226.204742  5.805370
-0.570321   226.711792  5.841206
-0.631408   227.644424  5.890440
-0.790675   228.946793  5.981744
-1.059267   231.292297  6.528282
-2.024415   239.276291  9.236538
-2.120445   240.922089  9.895746
-2.052224   243.684830  10.985331
-1.939648   245.862167  11.960143
-1.893289   247.832123  12.933624
-1.865591   249.412430  13.675624
-1.839010   250.706802  14.278683
-1.788587   251.694641  14.731683
-1.777087   252.591446  15.082912
-1.763017   253.252533  15.318163
-1.771874   253.476212  15.399119
-1.758611   253.468063  15.416070
-1.726637   253.221848  15.380016
-1.641171   252.612228  15.258273
-1.355867   251.524704  15.052393
-0.820454   249.816910  14.525105
0.229243   246.894196  13.994558
1.532381   243.808655  13.617788
3.019567   240.487823  13.035913
4.140028   237.615250  12.048807
6.074869   234.465836  10.390394
8.109814   231.685654  9.050256
10.627300   229.471588  8.573957
12.603917   228.123474  8.206833
15.009015   227.003464  7.783425
17.522558   225.817764  7.374063
19.864752   224.984695  7.148155
22.851616   224.249878  8.642969
25.345810   223.718628  9.883925
27.639603   223.759613  11.230855
29.501295   224.583374  13.474950
31.187860   226.228714  15.219443
32.442833   227.847931  16.467285
33.409908   229.343384  17.108355
34.123985   230.872543  17.431814
35.024006   233.365677  17.555704
35.371140   236.006561  17.788177
35.849369   240.162872  17.991959
36.031353   244.148834  19.035946
35.579739   248.643646  20.341249
34.777596   252.459702  21.653353
33.817440   255.999817  23.049290
32.604519   259.065613  23.947851
31.243265   261.628601  24.585724
29.733883   263.738953  24.956221
28.232721   265.504974  25.268612
26.658901   267.053802  25.929731
25.064081   267.789276  26.440596
23.731220   268.257874  26.816727
22.534031   268.472198  27.181967
21.460550   268.384735  27.216913
20.595255   268.180939  27.223854
19.882254   267.659973  27.196272
19.188559   266.907410  27.184607
18.488865   265.671967  27.277214
17.970320   263.569458  27.113266
17.682133   261.134674  26.381985
17.631615   257.977051  25.478924
17.850868   254.182587  24.608116
18.541843   250.834442  23.849947
19.351362   246.909210  23.127659
20.819851   242.768295  22.701395
22.397932   238.999130  22.233589
23.697311   236.046677  21.984482
25.105640   233.577576  22.109583
26.415770   231.751877  22.237831
28.169233   230.154160  22.445343
30.893177   228.222031  22.445892
33.118530   226.711441  22.693756
35.420078   226.352707  23.237165
37.837303   226.300568  23.574926
39.967937   226.562851  23.719856
41.583549   227.207413  24.029156
43.115406   228.223831  24.293545
44.631828   229.628067  24.510330
46.153019   231.707062  24.864971
47.410282   234.563263  25.215071
48.228527   238.230774  25.728035
48.110390   241.473816  26.320951
47.636337   244.598495  26.770298
46.724094   248.221130  27.156277
45.661583   252.202576  27.483040
44.190788   255.829575  27.881828
42.764610   259.274353  28.306953
41.381542   261.536163  28.349417
40.015686   263.712250  28.419607
38.665272   265.887360  28.419868
37.203152   267.959473  28.515987
35.812370   269.692413  28.765062
34.453201   271.154816  29.066757
33.056976   272.708771  29.644222
31.955914   273.663757  29.988455
31.193182   274.162659  30.302202
30.619684   274.489960  30.490101
30.190231   274.692383  30.587873
29.923231   274.485962  30.588743
29.651358   273.913544  30.501451
29.562595   272.925446  30.455330
29.672123   270.918488  30.343830
30.016796   267.997101  30.264759
30.853920   264.851288  29.789288
31.702221   261.503265  29.211905
32.797108   258.281372  28.445885
33.949425   254.903091  28.054562
35.142605   251.491608  27.460854
36.014999   248.005951  26.917900
36.995422   244.286606  26.383362
38.209652   240.745712  26.284267
39.063705   237.127457  26.043869
39.720123   233.377090  26.044851
40.227127   230.458054  25.939497
40.339928   228.282455  25.802217
40.442799   226.847244  25.710188
40.526798   225.630768  25.613012
40.541870   224.777222  25.540407
40.521839   224.168594  25.489977
40.519402   223.699081  25.444246
40.591263   223.323883  25.424688
40.606949   223.206726  25.399990
40.570148   223.257584  25.373755
40.489841   223.526367  25.317509
40.526031   224.749344  25.142460
40.399899   226.545609  25.079037
40.358784   229.093201  25.028776
40.602707   232.869003  25.065212
40.791832   243.422806  26.268179
40.676437   245.426346  26.572090
40.721535   247.303848  26.900274
40.649803   248.693054  27.164768
40.777943   249.966293  27.271593
40.876003   250.848343  27.320454
40.978893   251.429764  27.402012
41.094139   251.798019  27.459465
41.433498   252.019409  27.361593
41.802654   251.860855  27.268236
42.289051   251.405212  27.144041
42.960846   250.700562  27.004007
44.018196   249.710419  26.673964
45.353344   248.385178  26.316046
46.803684   246.630768  26.009764
48.499218   244.930130  25.798859
50.380444   243.068787  25.734266
52.332180   241.491989  25.553471
54.284172   240.129501  25.709181
56.664379   239.112045  25.754580
58.857182   238.393372  25.920656
61.079666   237.860077  26.272591
63.255199   237.723236  26.623550
65.451675   238.143921  27.077690
67.270348   238.596542  27.361254
68.845100   239.276794  27.661077
70.328247   240.160736  27.799335
71.276672   240.838806  27.866762
72.224823   242.032898  27.961393
72.792259   243.586578  28.142487
73.002251   244.965652  28.361511
73.015175   246.685135  28.618401
72.871605   248.592667  28.824360
72.532753   250.087524  28.971794
72.017632   251.191055  29.075150
71.513100   252.147675  29.148508
70.984909   253.096527  29.233881
70.673317   253.776688  29.341921
70.447372   254.247177  29.420923
70.345909   254.453857  29.529150
70.391205   254.496460  29.671259
70.600555   254.451584  29.809389
71.336678   253.926025  30.079330
72.704842   253.015640  30.475176
74.689621   251.558136  30.945690
77.168015   249.179718  31.251165
79.528831   246.639343  31.609690
81.562546   244.018890  31.813185
83.584526   240.957275  31.907736
85.024734   237.790405  31.658886
85.820808   234.233414  31.217697
86.103615   231.407455  30.828705
85.463799   228.371704  30.341118
84.073830   225.434814  29.662689
82.162636   223.259979  28.703138
79.413849   221.347412  27.711992
75.693748   220.345444  26.479692
71.440636   220.326324  25.231880
67.222321   221.627594  24.410036
62.965553   224.273697  23.806465
58.959270   227.333527  23.141098
55.426601   231.933411  22.278524
51.719189   236.456802  21.802208
47.826313   241.150421  21.810444
43.975552   246.628189  22.561609
40.574444   252.585831  22.941738
37.557598   258.554230  23.305204
34.929344   264.871002  24.273315
32.128323   270.324188  25.345976
30.379704   275.554291  26.151031
28.790388   280.499237  27.281834
27.645189   285.591858  28.168627
26.707439   289.551819  29.149717
26.132586   291.942261  29.680588
25.880932   293.932373  30.184059
25.636343   295.628906  30.685606
25.665224   296.876221  31.001787
25.920919   297.758667  31.200615
26.513885   297.983185  31.099943
27.476152   297.970215  30.951086
29.101704   297.052277  30.551813
31.121710   294.953491  29.880188
33.590141   291.771698  29.171749
36.667130   287.780975  28.351557
39.858322   283.214355  27.439228
43.177876   278.013031  26.572824
46.363377   273.145874  26.218464
50.071724   267.578491  25.714386
53.635521   261.979645  25.265392
57.184410   256.702240  25.169710
60.532684   251.326767  24.952511
63.769867   246.364777  24.611956
66.744690   241.990875  24.188620
69.476364   238.331650  23.918678
71.876427   235.415665  23.670895
73.815887   233.157715  23.329605
75.452545   231.756378  22.760157
76.267754   230.754532  22.397038
76.654572   230.089615  22.150517
76.905365   229.951569  21.950424
77.066620   230.317215  21.976227
77.046440   231.386124  22.028151
77.040627   234.196915  22.039879
76.674759   237.658890  22.158857
76.060654   242.035385  23.171865
75.010262   246.176315  24.332294
74.106430   250.826538  25.856909
73.604530   255.155151  27.336838
72.895905   258.350037  28.342855
72.729767   261.233521  29.139826
72.958023   264.025238  29.914146
73.385567   266.490753  31.043814
73.798325   267.972412  31.738634
74.842361   269.316803  32.188095
76.302185   270.139221  32.619270
78.030235   270.143494  32.867813
80.316391   269.690613  32.968338
83.627045   268.597656  32.700817
87.470657   266.784973  32.762913
91.497482   264.329346  32.834728
95.578529   261.412354  32.840328
99.497665   258.196442  32.840244
103.102882   255.077820  32.855202
106.682625   251.302109  32.985710
109.775269   247.837845  32.583855
115.621513   240.344391  32.587971
116.717926   239.114883  32.682251
117.234657   238.173981  32.710873
116.963615   237.018265  33.048374
115.853172   236.019989  32.988358
113.420837   234.894272  32.541248
108.881378   234.221481  32.635078
103.339081   233.770126  31.897087
97.105469   233.272812  31.346958
90.788994   233.007050  30.539394
84.220284   232.527145  29.777424
76.409317   231.600174  29.314041
68.371758   230.480499  28.811646
60.400692   229.674896  28.818829
52.319736   228.884491  28.593853
43.771935   227.514511  28.347996
35.132462   226.211838  28.682190
26.235950   224.351837  28.834820
17.575291   222.615723  29.099876
9.296631   220.959198  29.208525
1.265668   219.380463  29.199726
-6.264278   217.580353  28.929361
-13.613735   215.256393  29.126413
-20.300444   213.088684  29.351719
-26.726110   210.952148  29.567755
-32.679253   208.951950  29.522755
-38.093842   206.569748  29.735418
-42.882061   204.300339  29.752937
-47.260822   202.144867  29.456060
-50.835819   199.819031  29.030361
-53.505161   198.191574  28.185740
-55.560085   196.304169  27.137157
-57.091084   194.048309  26.099567
-57.972088   192.208267  24.978540
-58.350803   190.784653  24.258816
-58.125103   189.742432  23.298264
-57.180355   188.257553  21.991816
-55.503414   187.026611  20.845356
-52.956871   186.229065  19.872028
-49.259296   185.670502  18.633732
-44.687969   185.090439  17.209290
-39.615871   185.380234  16.371656
-33.948303   186.292770  15.527708
-27.524481   187.567490  15.164679
-20.786173   189.006195  15.041794
-13.750720   190.820114  15.172601
-6.165579   193.199448  14.717617
1.160031   194.744736  14.861269
9.345306   197.181305  14.819513
17.438282   199.206924  15.387939
25.160213   201.298843  16.295364
33.045815   203.377884  16.878969
40.501148   205.380951  17.737232
47.329296   207.167358  19.106592
54.107346   209.480103  20.437346
59.651646   210.919174  21.407854
64.243042   212.133087  22.844332
68.282951   213.558044  23.955606
71.101723   214.619034  25.099241
73.054558   215.544266  25.972935
74.057091   216.292542  26.855957
74.603271   216.507813  27.356094
74.653320   216.599167  27.667040
74.256050   216.548050  27.837257
73.542183   216.307907  28.082663
72.085281   216.156677  28.709816
69.891129   216.294388  29.707876
67.689697   216.465271  30.593706
65.549072   216.497223  31.250080
63.293121   216.693604  32.146191
61.238300   217.023941  33.083920
59.067497   217.483780  34.022049
56.939568   218.316437  35.530502
55.357811   219.247849  36.584114
53.620392   220.626694  38.298786
52.246758   221.814774  39.512051
50.755920   223.204987  40.889587
49.629745   225.211502  42.269833
48.473076   226.927475  43.855762
47.466320   228.287277  45.073288
46.565304   229.780701  46.399792
46.026127   231.128296  47.717602
45.756611   232.022125  48.635216
45.504734   232.819687  49.197075
45.653282   233.372055  49.700283
46.103233   234.023941  50.106140
46.865269   234.500473  50.318344
48.169037   234.581497  49.966904
50.567074   234.338120  49.045979
53.259789   233.046616  47.654911
56.189182   230.912781  45.560528
59.005917   228.520889  43.512165
62.155563   226.102814  41.081821
64.856003   223.494156  38.806061
67.166267   220.982620  36.456573
69.769363   219.234528  34.172085
71.739952   217.793411  32.445946
73.216881   217.028473  31.493931
74.125862   216.684280  31.006956
74.939941   216.584137  30.696598
75.572334   216.779938  30.561413
76.095901   217.168060  30.412704
76.618622   217.684021  30.358753
77.129845   218.890015  30.540146
77.490059   220.209991  30.768919
77.982025   221.688080  31.204149
78.086754   223.116470  31.638369
78.230598   224.629593  32.322029
78.407402   225.942230  32.964554
78.603462   227.283447  33.535534
78.836800   228.063690  33.814083
79.363838   228.946747  34.140793
79.980667   229.416000  34.359276
80.850586   229.694672  34.404694
81.785675   229.503510  34.201286
83.312141   228.814316  33.536793
84.925896   227.612793  32.569870
86.765015   226.154236  31.255167
88.643265   223.748810  28.781073
90.393341   221.250076  26.483305
92.296150   218.986191  23.871670
93.948494   217.118530  21.686319
95.401665   215.504639  19.718845
96.278915   214.437332  18.781197
97.077721   213.328308  17.420292
97.757713   211.390579  15.570901
97.867439   211.128189  15.170662
97.912674   210.735779  14.841770
97.928154   210.512054  14.583542
97.851509   210.286270  14.315292
97.747620   210.067078  14.108482
97.661194   209.991760  13.960773
97.601646   209.982681  13.850108
97.485512   209.985184  13.739448
97.346695   209.977554  13.671096
97.187447   209.973877  13.584157
97.058273   209.978149  13.526600
96.945007   209.944839  13.464871
96.807388   209.876785  13.402025
96.709068   209.856705  13.394456
96.598335   209.784882  13.397747
96.377876   209.716141  13.347001
96.127792   209.656937  13.264791
95.879166   209.546570  13.186632
95.599670   209.410767  13.099219
95.354347   209.297134  13.017801
95.101601   209.226334  12.919298
94.912231   209.191040  12.827521
94.742950   209.177780  12.744265
94.602646   209.163788  12.674397
94.455788   209.153198  12.603660
94.268471   209.138229  12.528894
94.093208   209.135284  12.466384
93.940453   209.135315  12.417364
93.751129   209.124115  12.381942
93.601418   209.162430  12.359608
93.473053   209.213531  12.335794
93.331322   209.245956  12.314571
93.152527   209.282944  12.257737
