-33.153889  132.410934  11.227018
-33.280945  131.455170  11.515515
-33.346676  130.787201  11.897820
-33.435047  130.096664  12.296115
-33.468178  129.223755  13.319592
-33.475857  128.500366  14.029380
-33.507404  127.880356  14.286725
-30.805819  131.813736  12.815775
-30.302195  132.355911  11.211021
-30.301786  131.902283  10.823826
-30.671867  130.873840  11.100080
-31.118309  129.861954  11.479361
-31.289740  129.470764  11.665574
-31.452509  129.113220  11.898028
-31.592787  128.703751  12.090166
-31.696632  128.318527  12.249039
-31.700037  128.012283  12.451357
-31.613913  128.778488  12.910234
-31.419090  128.962128  12.910163
-31.316174  129.038193  12.961472
-31.130299  129.276917  12.962690
-30.787292  129.817108  12.828298
-30.449514  130.789215  12.555879
-29.987600  132.114792  12.126867
-29.544771  133.732162  11.660120
-28.957024  136.022842  10.886506
-28.353397  138.203659  10.285405
-27.792494  140.262177  9.666313
-27.266314  142.650040  9.204150
-26.842926  144.865234  8.917553
-26.354586  147.208008  8.586851
-25.886665  149.601059  8.066824
-25.208063  152.485107  7.599303
-24.676435  155.015793  7.456596
-23.997206  157.348053  7.335725
-23.176645  160.081863  7.131334
-22.244570  162.824341  6.993094
-21.360069  165.546265  7.054307
-20.461582  168.680420  7.020882
-19.482424  171.882706  6.921975
-18.486103  174.640686  6.916631
-17.728893  176.916168  6.997705
-16.767866  179.735184  7.285754
-15.909805  182.005188  7.427619
-15.059709  184.377731  7.707513
-13.916813  187.265213  7.718362
-12.951612  189.444733  7.733503
-12.256710  191.269287  7.820644
-11.686168  193.208679  8.058132
-11.213503  194.883011  8.378069
-9.968986  197.416687  8.768167
-8.734758  200.013504  9.667731
-7.891317  201.785446  10.290518
-7.321796  203.373093  10.803794
-6.698683  204.845673  11.269047
-6.115363  206.354706  11.553853
-5.556907  207.972946  11.899922
-4.433914  210.543915  11.617294
-3.605657  212.657532  11.427159
-3.120933  214.135559  11.465941
-2.623938  215.396072  11.595946
-2.271207  216.252136  11.699199
-1.731509  217.168549  11.577627
-1.338312  217.881912  11.550891
-0.703709  218.454544  11.512259
-0.490014  218.676697  11.532522
-0.046003  218.787140  11.531069
0.396909  218.850098  11.453762
0.841863  218.809448  11.324827
1.254677  218.969406  11.297447
1.713237  219.088837  11.343500
2.065408  219.048279  11.305310
2.468872  219.040070  11.195583
2.851346  218.772430  10.929118
3.737521  218.192368  10.409565
4.408863  217.432236  9.646766
4.899079  216.182297  9.302626
5.109801  215.337082  8.760491
5.276911  214.941025  8.516325
5.826084  213.888687  8.076476
6.061303  213.375153  7.659095
6.314335  212.802719  7.251488
6.528708  212.104462  6.850502
6.791728  210.983093  6.271949
7.188650  209.410828  5.587770
7.627037  207.791016  4.575416
8.088404  205.981888  3.500426
8.708767  203.332458  2.412779
9.796258  199.253036  1.394681
10.447938  196.559921  0.392952
10.992663  193.914169  -0.205221
10.996118  191.240097  -0.999674
11.049330  187.538834  -1.565035
11.112908  184.474808  -2.177298
11.224796  181.530380  -2.842164
11.307252  178.493805  -3.426893
11.272458  175.774582  -3.934510
11.117813  173.603699  -4.314829
11.040258  171.311249  -4.623155
11.097087  169.020432  -4.977525
10.989508  166.879471  -5.212533
10.699460  164.617905  -5.338479
10.393393  162.100616  -5.492018
10.311167  158.844620  -5.823808
10.397960  155.009323  -6.140508
10.489831  152.095993  -6.249680
10.922211  147.726898  -6.880848
11.661482  143.456604  -7.047422
12.054768  140.270370  -6.740489
12.156560  137.636520  -6.221426
12.251721  135.076019  -5.658407
12.324999  132.657150  -5.010517
12.401679  130.292404  -4.357994
12.404061  128.241714  -3.742842
12.359157  126.663254  -3.202787
12.298388  125.478760  -2.836799
12.298018  124.442192  -2.483996
12.350678  123.491661  -2.097286
12.479242  122.599754  -1.684908
12.618079  121.698021  -1.243653
12.750831  120.974548  -0.752978
12.803218  120.352509  -0.467581
12.834063  119.781242  -0.204956
12.952922  119.477699  0.299156
13.070810  119.385902  0.675384
13.228492  119.508865  1.094560
13.276255  119.649391  1.487026
13.216367  119.912781  1.848367
13.174496  120.105423  2.106996
13.150533  120.258453  2.266492
13.095094  120.406868  2.377237
12.964553  120.862625  2.615324
13.082030  121.608406  2.869137
13.050966  122.285919  2.938041
13.005775  122.800209  2.952946
12.932448  122.958557  2.992642
12.725720  123.227448  2.969284
12.567044  123.519760  2.903042
12.363936  124.016518  2.725982
12.151309  124.591499  2.496409
11.861652  125.296806  2.207794
11.464780  126.163414  1.871450
10.766225  127.165932  1.964240
10.257226  127.912247  1.960569
9.398717  128.770813  1.996222
8.459826  129.706818  2.039626
7.743931  130.674179  2.139204
6.562650  132.322281  2.318209
5.227879  133.937317  2.377204
3.655021  135.301590  2.318594
1.751075  136.429337  2.449359
-0.271606  137.647766  2.598880
-3.151140  139.392807  2.772486
-5.728760  140.698334  3.163754
-8.036319  142.395554  3.538716
-10.184921  143.876480  3.849426
-12.276345  144.804291  4.085657
-13.934025  145.432739  4.410171
-15.998974  146.092728  4.818962
-18.086418  146.398041  5.297539
-20.238722  146.711533  5.878764
-22.759199  147.245575  7.515306
-25.225977  147.860840  8.818561
-27.072933  148.293121  9.596268
-28.587038  148.466812  10.053343
-30.150318  148.411514  10.534616
-31.484062  148.305969  11.353339
-32.842346  148.280823  11.978920
-34.259369  148.071686  12.495884
-35.275768  147.954300  12.845363
-36.222229  147.410507  13.370581
-36.926235  147.158951  13.668700
-37.390266  146.959869  13.861665
-37.789104  146.768829  14.021052
-38.066853  146.696030  14.140457
-38.231724  146.674637  14.196214
-38.236721  146.729248  14.217318
-38.075497  146.839539  14.111122
-37.560074  146.957794  13.830817
-36.728527  147.117538  13.243209
-35.631954  147.328186  12.495494
-33.632526  147.539948  10.768665
-31.194334  147.817780  9.064826
-28.204035  148.129227  7.437591
-25.119570  148.577545  6.185446
-21.822905  149.136871  5.247058
-18.167084  149.348190  4.256187
-14.740983  149.560333  2.870631
-11.621461  150.272552  1.740169
-2.483417  148.996613  -1.758503
-0.217671  148.558365  -2.693879
2.444199  148.247101  -3.686502
5.240217  147.690552  -4.724782
7.364718  147.326462  -5.414290
10.176008  146.680695  -6.747484
13.066257  145.794510  -7.736681
15.619143  145.190918  -8.434873
18.217691  144.563080  -8.605381
20.590836  144.105316  -8.714608
22.572294  143.761978  -9.026236
24.147158  143.567627  -8.967195
25.536276  143.676117  -9.280685
26.389040  143.712402  -9.468672
27.200006  143.675461  -9.653134
27.758358  143.642029  -9.776644
28.205185  143.564209  -9.824042
28.529373  143.492691  -9.855009
28.756430  143.454437  -9.879301
28.922525  143.423370  -9.896465
28.899412  143.443359  -9.888903
28.822937  143.444382  -9.856033
28.704588  143.391068  -9.801486
28.059546  143.391586  -9.775374
27.118692  143.311768  -9.683523
26.263086  143.093613  -9.424658
25.291903  143.009277  -9.226199
24.341532  142.976913  -9.035531
23.421951  143.134232  -8.542021
22.516619  143.204208  -8.068398
21.674732  143.151215  -7.624412
21.056095  143.093369  -7.329614
20.508635  143.030930  -7.117334
19.965389  142.976074  -6.942768
19.369797  143.729904  -6.599572
18.912558  144.374069  -6.317472
18.519621  144.953293  -6.148947
18.210588  145.562515  -6.113914
17.589693  146.613037  -5.593964
17.287140  147.764603  -5.637536
17.206810  148.133148  -5.640512
16.826275  149.295731  -5.673938
16.229315  151.900604  -5.808918
15.715945  155.129623  -5.818241
15.315046  157.940048  -5.767878
15.125211  159.962418  -5.721033
15.048137  161.532318  -5.461434
15.018754  163.039688  -5.164527
14.808228  164.998398  -4.980157
14.594835  167.478607  -4.598906
14.532510  169.492966  -4.342498
14.546029  170.897858  -4.188411
14.592369  172.075180  -4.084158
14.804261  174.546600  -3.789667
14.737381  175.937241  -3.378188
14.833524  177.038696  -3.183692
14.974643  178.048874  -3.035426
15.285982  179.251251  -4.044280
15.590004  180.330994  -4.302073
15.829199  181.213409  -4.422744
16.133312  181.817657  -4.592676
16.461868  182.090164  -4.799106
16.761934  182.177795  -5.006264
17.367807  181.796814  -4.979392
17.956802  181.468002  -5.119143
18.615128  180.079285  -5.354996
19.460678  178.814590  -5.592093
20.069550  177.816406  -5.908969
20.759552  176.557159  -6.377738
21.557135  173.964890  -7.094921
22.414366  171.576813  -7.694511
23.652006  167.549820  -8.406117
24.683372  162.966721  -9.543133
25.608652  157.888214  -10.346364
26.415424  152.472137  -10.470445
27.254837  146.925705  -10.227303
28.044477  140.107803  -10.756445
28.318048  133.951981  -10.462818
28.653044  128.537048  -9.652927
28.650141  123.486092  -8.368262
28.785887  119.223679  -6.989990
28.753645  115.555199  -5.540184
28.656925  112.366249  -4.033573
28.455008  109.452339  -2.570479
28.334253  107.417030  -1.526612
28.300655  106.064667  -0.822929
28.301794  105.010391  -0.263296
28.347288  104.063553  0.488508
28.360043  103.311348  0.962161
28.312319  102.633812  1.411913
28.334045  102.610428  1.806480
28.438089  102.855621  2.145971
28.383018  103.286133  2.314028
28.211119  103.629784  2.348751
27.943027  103.851746  2.338779
27.548477  104.301254  2.299026
26.804523  105.817940  2.307810
25.590250  109.015198  2.750416
24.864954  111.229240  2.833255
24.099331  112.852562  2.756496
23.600040  114.408691  2.566248
23.226347  116.030350  2.207923
22.631861  117.732605  1.666285
22.027813  119.405922  1.128504
21.250587  120.926697  0.457609
20.378832  122.571846  -0.186738
19.522570  123.950424  -0.645188
18.534618  125.811531  -1.234644
17.493469  127.790649  -1.806488
16.518862  130.068863  -2.326261
15.574034  132.083527  -2.750467
14.598660  133.854095  -3.232483
13.653589  135.701187  -3.651415
12.378887  137.821503  -3.934864
11.321289  139.934021  -4.275280
9.780556  142.129211  -3.841088
8.293722  143.899963  -3.561918
6.924809  145.603897  -3.366168
5.141509  147.959366  -3.318676
3.143119  150.616104  -3.190703
1.521402  152.520004  -3.031804
0.022930  154.239334  -2.845039
-1.189578  155.656143  -2.702933
-2.713505  156.910400  -2.478830
-3.976450  158.244781  -1.901149
-7.164034  160.380615  -1.029068
-8.071907  161.096130  -0.812169
-9.305966  162.895615  -0.581175
-10.182947  164.455429  -0.313001
-10.815796  165.756256  -0.142218
-11.275043  166.896622  -0.054243
-11.614960  167.675385  -0.062966
-11.675057  168.392059  -0.119710
-11.609285  169.028290  -0.184472
-11.220030  170.047028  -0.395179
-10.694215  171.187286  -0.622309
-9.732968  172.757339  -1.282727
-8.450883  174.137909  -1.867012
-7.038322  175.033020  -1.930907
-4.921909  176.429428  -2.291450
-2.584128  178.103134  -2.849226
-0.164162  179.574265  -3.864704
2.652966  181.044220  -5.056471
5.357063  181.940750  -6.021382
7.811869  182.489929  -6.807401
10.590850  182.899246  -7.811175
13.776648  183.140930  -8.848490
17.420490  183.139450  -9.847884
21.346109  182.963226  -10.792858
24.891802  182.259567  -11.395397
27.996187  181.204086  -11.974226
31.088606  180.163116  -12.509401
34.038715  178.829773  -12.877805
37.504532  176.943085  -13.128973
40.332710  173.903244  -13.301137
43.019737  172.021332  -13.355150
45.083134  170.339462  -13.401837
46.773796  168.622818  -13.450146
48.260380  166.252563  -13.612465
49.844315  162.836380  -13.625024
50.850979  159.515839  -13.622644
51.672352  156.440216  -13.529187
51.839520  153.157089  -13.614421
51.624393  149.445999  -13.672585
51.016254  145.803436  -13.369053
49.748821  141.491913  -12.801507
48.422321  137.488144  -12.367359
47.037189  133.845764  -11.905494
45.388615  129.974915  -11.175669
43.056202  125.627296  -10.115357
40.189476  121.563354  -8.967808
37.675865  118.010277  -7.541554
35.140793  115.394974  -5.839982
31.473520  113.482460  -4.156155
28.172899  111.519119  -2.449978
24.656641  109.652260  -0.812236
21.259466  107.766808  0.661492
17.470839  105.939728  2.081151
13.479134  104.321793  3.337356
10.057218  102.754852  4.687534
5.857444  103.177017  7.302259
2.084136  103.697014  9.581451
-1.274008  104.581268  10.975050
-4.167990  105.483795  12.304042
-7.129986  105.974457  13.974379
-9.706256  107.190826  15.667912
-11.638591  108.535728  16.290791
-12.943636  109.807304  16.072634
-13.919859  110.912727  15.912548
-14.857283  112.208656  15.735272
-15.937240  114.485130  15.900126
-16.644533  116.585831  15.932174
-17.065928  118.314140  15.825531
-17.173445  120.616684  15.852689
-16.949162  122.774803  15.777730
-16.328974  125.244354  15.921796
-15.503009  127.198441  15.742909
-14.686580  129.203125  15.644028
-13.935507  130.777725  15.478483
-13.130056  132.463257  15.283339
-12.311393  134.269730  15.227276
-11.116848  135.738403  14.714387
-9.911474  136.515411  13.953136
-8.909495  137.162003  13.346660
-7.913480  137.620956  12.912935
-6.624998  138.262177  12.558561
-5.602552  138.709671  12.492982
-4.734128  139.074051  12.240497
-3.815577  139.496185  11.878957
-2.803037  139.767120  11.464973
-1.648500  139.903198  10.974001
-0.897320  140.227661  10.732798
0.086533  140.692017  10.881845
1.040032  140.781113  9.868283
1.922723  140.477280  9.042667
2.446933  140.293320  8.685420
2.780925  140.152985  8.442842
3.686038  140.540512  7.825673
4.283656  140.740341  7.413148
4.672394  140.764160  7.149312
5.010443  140.910538  6.963154
5.406205  141.218399  6.816631
5.718202  141.448471  6.710797
5.956069  141.603821  6.640709
6.133378  141.688278  6.603424
6.272358  141.726456  6.587873
6.395671  141.734360  6.583579
6.503491  141.714981  6.589959
6.605088  141.664276  6.607237
6.825045  141.552917  6.391981
7.011737  141.389893  6.233252
7.396819  140.997330  5.637411
7.552061  140.500412  5.412286
7.781807  139.778229  5.204055
7.949466  139.246582  5.062230
7.858802  138.978500  5.285443
7.859285  138.588715  5.352006
7.829848  138.483185  5.494705
7.763129  138.152893  5.696879
7.699228  137.769424  6.108810
7.679683  137.522415  6.400434
7.678636  137.465347  6.693266
7.691385  137.441620  6.846108
7.699184  137.396378  6.975236
7.705602  137.380966  7.061752
7.722168  137.358734  7.139970
7.801891  137.539185  7.326119
7.871324  137.595581  7.487611
7.942409  137.679321  7.581787
7.995840  137.724823  7.668325
8.059094  137.806168  7.754412
8.076397  137.828568  7.776815
8.097278  137.825790  7.806662
8.128966  137.824768  7.802777
8.153394  137.833267  7.798281
8.175338  137.842285  7.793682
8.168525  137.639252  7.772250
8.162669  137.425491  7.775268
8.156214  137.224152  7.761827
8.171289  137.131989  7.718233
8.175424  137.042801  7.672009
8.214651  137.108154  7.576898
8.256510  137.222092  7.470465
8.289804  137.347000  7.361645
8.284490  137.360855  7.313936
8.264094  137.328201  7.297460
8.233913  137.268005  7.307629
8.225677  137.231674  7.303181
8.231444  137.263321  7.266733
8.222126  137.267960  7.247850
8.147867  137.217850  7.336691
8.083967  137.188965  7.437962
8.054666  137.211533  7.527032
8.034534  137.255371  7.609396
7.989163  137.341049  7.726654
7.950615  137.403732  7.827445
7.921055  137.452377  7.908832
7.897797  137.492966  7.976054
7.870708  137.702820  7.999312
7.876200  137.873795  8.048457
7.885340  138.039413  8.092922
7.893070  138.183029  8.140119
7.897264  138.299255  8.179192
7.900084  138.402893  8.206793
7.883809  138.435806  8.252308
7.874111  138.458008  8.301825
7.865150  138.615494  8.417611
7.858032  138.758926  8.516290
7.855220  138.870667  8.595243
7.861563  138.978027  8.651970
7.872878  139.062698  8.694970
7.884761  139.134842  8.730333
7.906692  139.199738  8.744821
7.914281  139.205933  8.760442
7.922500  139.200424  8.774855
7.938175  139.204514  8.783545
7.957804  139.204239  8.792731
7.975299  139.211395  8.798038
7.983595  139.201523  8.812834
7.990929  139.211945  8.823717
7.992519  139.196716  8.826598
7.996962  139.193634  8.807383
7.999637  139.197189  8.776958
8.004997  139.189255  8.739796
8.014668  139.173828  8.700310
8.007184  139.098526  8.652737
7.985230  138.976379  8.603584
7.960590  138.852249  8.555540
7.938988  138.739929  8.502212
7.943529  138.706818  8.428602
7.964770  138.720291  8.343933
8.003532  138.808563  8.261512
8.062476  138.977737  8.148368
8.117722  139.164429  8.030896
8.160732  139.323135  7.923472
8.213019  139.502304  7.804513
8.253856  139.692596  7.680509
8.291985  139.839005  7.579136
8.319493  139.969727  7.489294
8.338498  140.073471  7.414120
8.351581  140.117126  7.347302
8.357684  140.121582  7.279659
8.340528  139.931274  7.344034
8.316163  139.825455  7.360750
8.319921  139.766449  7.326674
8.307463  139.735580  7.284693
8.288007  139.668793  7.249771
8.262863  139.634613  7.226466
8.240301  139.603012  7.218506
8.220774  139.585007  7.211894
8.201913  139.577240  7.210112
8.182617  139.577332  7.210796
8.150969  139.716980  7.274147
8.122937  139.762512  7.327395
8.105382  139.870834  7.343493
8.077098  139.964737  7.352688
8.044754  140.062714  7.370216
8.021846  140.139572  7.384998
7.999491  140.173126  7.402617
7.981276  140.205078  7.415535
7.963280  140.227325  7.430089
7.955187  140.261307  7.438412
7.949290  140.296478  7.443058
7.949553  140.307648  7.441059
7.931540  140.261810  7.468920
7.926466  140.304123  7.569807
7.879207  140.493729  7.680150
7.835202  140.581497  7.811849
7.792838  140.513153  7.910503
7.751483  140.406662  8.017413
7.738129  140.408142  8.095797
7.702974  140.340469  8.207539
7.652266  140.242889  8.302098
7.581297  140.164230  8.381584
7.530462  140.262833  8.436921
7.485000  140.326050  8.491296
7.411975  140.344421  8.536082
7.337375  140.340408  8.572089
7.259703  140.245956  8.601175
7.203644  140.193451  8.629658
7.134851  140.141296  8.652670
7.056455  140.034927  8.782595
6.994575  139.953598  8.894726
6.900133  139.920578  8.918101
6.821293  139.888031  9.025656
6.729846  139.823853  9.129248
6.640360  139.783615  9.228417
6.534508  139.909180  9.382449
6.445813  140.032776  9.550481
6.265205  140.456711  9.545549
6.110276  140.867142  9.549939
5.966898  140.923416  9.664433
5.831492  140.839874  9.802812
5.699082  140.762054  9.938570
5.582314  140.668793  10.059425
5.461303  140.386978  10.192127
5.428145  140.313721  10.226637
5.392227  140.219696  10.232233
5.359229  140.117172  10.211551
5.339900  140.096375  10.165345
5.317610  140.049713  10.144712
5.294146  139.994873  10.137202
5.261290  139.918732  10.132989
5.236020  139.861206  10.115094
5.213332  139.781342  10.106136
5.194105  139.701950  10.105955
5.186589  139.673859  10.088113
5.181238  139.650528  10.072229
5.180531  139.629349  10.057836
5.183803  139.563217  10.049380
5.159643  139.440262  10.069312
5.142488  139.312042  10.095000
5.128005  139.198471  10.116982
5.123284  139.096420  10.137192
5.118487  139.009094  10.154510
5.122468  138.965820  10.151739
5.138868  138.974960  10.150739
5.146699  138.968201  10.158619
5.147695  138.936630  10.186227
5.144018  138.892303  10.224958
5.180861  139.016510  10.338674
5.247200  139.227539  10.447431
5.300020  139.394638  10.534958
5.342174  139.526932  10.604951
5.361021  139.562531  10.637820
5.376546  139.593826  10.665457
5.389112  139.622131  10.688691
5.399268  139.657776  10.704073
5.406674  139.698700  10.713183
5.414150  139.713928  10.730628
5.412116  139.718246  10.749454
5.411516  139.735519  10.761963
5.410540  139.757538  10.774472
5.408225  139.781403  10.784292
5.405493  139.802765  10.793571
5.401968  139.819916  10.804018
5.402646  139.832428  10.810584
5.424405  140.022202  10.551816
5.438820  139.994049  10.443662
5.433934  140.052979  10.295574
5.418920  140.078690  10.179099
5.432473  140.149979  10.068316
5.441912  140.184814  9.991910
5.447593  140.193130  9.939876
5.479324  140.121323  9.936841
5.513571  140.070618  9.925660
5.509770  139.803787  9.949821
5.499927  139.640472  9.944659
5.515219  139.658325  9.933231
5.539079  139.575867  9.935470
5.561068  139.509552  9.933507
5.553907  139.375061  9.939349
5.521375  139.144180  9.961467
5.494535  138.978622  9.971877
5.470686  138.850693  9.977770
5.442413  138.712891  9.993443
5.418025  138.606033  10.003291
5.400781  138.534317  10.005831
5.364235  138.498657  10.051668
5.289131  138.409912  10.157331
5.218605  138.313339  10.276424
5.159187  138.247330  10.385443
5.100026  138.182251  10.494597
5.118277  138.240326  10.540943
5.107139  138.285416  10.621097
5.102319  138.333252  10.681943
5.143229  138.682938  10.659940
5.194659  138.966583  10.743676
5.221549  139.080734  10.813736
5.252103  139.097015  10.874211
5.267429  139.132660  10.890877
5.276091  139.148193  10.880579
5.283790  139.164124  10.870304
5.261722  139.909180  10.378053
5.238199  140.416611  10.064840
5.224658  140.703186  9.899713
5.182878  140.702316  9.845325
5.124242  140.571594  9.851792
5.103616  140.576080  9.839452
5.089378  140.588135  9.825119
5.075175  140.599869  9.813290
5.061795  140.605362  9.805338
