-68.437485  127.019600  -6.744271
-68.454453  127.074608  -6.750631
-68.475700  127.125633  -6.753961
-68.500694  127.170830  -6.753547
-68.522118  127.216614  -6.752256
-68.545387  127.258644  -6.749364
-68.563385  127.291992  -6.744946
-68.575806  127.322388  -6.740984
-68.583778  127.350166  -6.737496
-68.592087  127.375343  -6.733999
-68.601242  127.404587  -6.730610
-68.616608  127.431328  -6.724740
-68.629204  127.466026  -6.720639
-68.644318  127.498451  -6.715707
-68.661301  127.527969  -6.710306
-68.674820  127.555367  -6.706413
-68.686226  127.582268  -6.703321
-68.696594  127.610435  -6.700592
-68.707405  127.638062  -6.697930
-68.718300  127.661057  -6.694982
-68.728638  127.681549  -6.692047
-68.738762  127.699005  -6.690842
-68.747971  127.723106  -6.692468
-68.748810  127.730881  -6.693480
-68.752167  127.746490  -6.693790
-68.758980  127.761772  -6.694279
-68.764961  127.776772  -6.695573
-68.770760  127.794174  -6.697082
-68.775589  127.809685  -6.698752
-68.781860  127.821884  -6.698795
-68.784714  127.837982  -6.699179
-68.782982  127.854103  -6.700541
-68.782509  127.867966  -6.700806
-68.784737  127.880043  -6.699436
-68.785606  127.893341  -6.698902
-68.783791  127.903511  -6.699428
-68.783684  127.910690  -6.699115
-68.782127  127.918327  -6.699108
-68.779510  127.927727  -6.699417
-68.777061  127.932404  -6.699408
-68.772141  127.938797  -6.700093
-68.770638  127.942581  -6.698637
-68.770042  127.949974  -6.694194
-68.770241  127.955635  -6.687860
-68.770714  127.963737  -6.682353
-68.769653  127.972328  -6.677803
-68.768646  127.979912  -6.671426
-68.766342  127.986145  -6.662910
-68.762405  127.994133  -6.656963
-68.758385  127.998787  -6.652351
-68.752174  128.007599  -6.649022
-68.743050  128.018021  -6.649067
-68.735092  128.025848  -6.648692
-68.726585  128.033936  -6.649238
-68.717117  128.045593  -6.650337
-68.704178  128.057251  -6.650882
-68.691818  128.063171  -6.649667
-68.674850  128.070053  -6.648661
-68.661636  128.076523  -6.648190
-68.644676  128.085175  -6.649965
-68.627029  128.095596  -6.652442
-68.604576  128.106400  -6.656227
-68.583565  128.119751  -6.659625
-68.554909  128.140411  -6.663364
-68.526962  128.158722  -6.667902
-68.488159  128.178955  -6.675863
-68.437080  128.204956  -6.685442
-68.383194  128.238251  -6.697051
-68.325897  128.271729  -6.707605
-68.272049  128.303070  -6.718368
-68.209076  128.346283  -6.732302
-68.140717  128.399414  -6.750647
-68.064835  128.463043  -6.772244
-67.975876  128.539322  -6.805330
-67.874924  128.627975  -6.841766
-67.785217  128.710754  -6.873282
-67.661873  128.819183  -6.913647
-67.548782  128.918152  -6.951807
-67.432953  129.017151  -6.996872
-67.306549  129.117142  -7.047042
-67.192223  129.204849  -7.088988
-67.081772  129.277496  -7.128009
-66.953201  129.336945  -7.173940
-66.798279  129.368073  -7.234515
-66.599060  129.351501  -7.316585
-66.276886  129.222488  -7.433301
-65.862343  128.918503  -7.588662
-65.403625  128.514084  -7.770345
-64.958405  128.045044  -7.931728
-64.568306  127.523659  -8.075471
-64.166061  126.844788  -8.230196
-63.680141  125.809875  -8.403724
-63.222889  124.573433  -8.559895
-62.788425  123.280510  -8.690779
-62.333824  121.817284  -8.772383
-61.949120  120.479553  -8.790684
-61.583706  119.215996  -8.776778
-61.144394  118.092598  -8.809302
-60.715034  117.035385  -8.805465
-60.296890  116.081017  -8.803332
-59.906227  115.259995  -8.786598
-59.522991  114.543327  -8.765679
-59.176643  113.918396  -8.762714
-58.837639  113.376976  -8.753338
-58.498943  112.942558  -8.750386
-58.176407  112.631432  -8.759687
-57.860809  112.424400  -8.800083
-57.564041  112.374908  -8.807800
-57.195740  112.421310  -8.853889
-56.845097  112.614883  -8.916596
-56.499668  113.038795  -8.972960
-56.112400  113.516319  -9.055244
-55.799484  114.016823  -9.135827
-55.558403  114.552628  -9.213465
-55.372677  115.220230  -9.298483
-55.240673  116.043480  -9.375773
-55.133389  116.995628  -9.453181
-55.063049  118.124573  -9.526812
-55.055828  119.329811  -9.569479
-55.072704  120.651917  -9.609923
-55.099903  121.806252  -9.628446
-55.137238  123.073792  -9.640787
-55.150990  124.187103  -9.652902
-55.177998  125.287720  -9.663914
-55.176888  126.313423  -9.674534
-55.171471  127.329185  -9.679185
-55.165985  128.345947  -9.674812
-55.153343  129.385208  -9.665042
-55.132229  130.351334  -9.646833
-55.101707  131.263123  -9.620531
-55.115608  132.318283  -9.573902
-55.133984  133.413788  -9.510687
-55.136860  134.450378  -9.446225
-55.157112  135.452194  -9.381064
-55.169189  136.418320  -9.315392
-55.167267  137.327133  -9.250175
-55.148499  138.185944  -9.183434
-55.149746  139.022705  -9.106999
-55.146317  139.833038  -9.021502
-55.128502  140.366867  -8.963931
-55.110920  141.101837  -8.881112
-55.109444  141.720932  -8.811429
-55.106094  142.277222  -8.751048
-55.096100  142.797974  -8.696612
-55.109589  143.236481  -8.640705
-55.118885  143.615387  -8.592340
-55.112255  143.984177  -8.546448
-55.109333  144.479660  -8.487129
-55.116806  144.615387  -8.472022
-55.138512  144.805023  -8.451652
-55.155529  144.963943  -8.434420
-55.165855  145.110535  -8.418580
-55.168285  145.223068  -8.403643
-55.164860  145.315170  -8.390728
-55.153614  145.401901  -8.379275
-55.146320  145.455627  -8.372577
-55.141647  145.495926  -8.367351
-55.138565  145.523087  -8.364393
-55.142288  145.529434  -8.363174
-55.148289  145.529022  -8.363280
-55.164768  145.499695  -8.366475
-55.180573  145.440506  -8.378015
-55.201183  145.328217  -8.400748
-55.218700  145.186142  -8.431028
-55.236942  144.990280  -8.474559
-55.259083  144.653610  -8.550648
-55.282482  144.288193  -8.625215
-55.322208  143.656403  -8.713232
-55.361954  143.008804  -8.815498
-55.352489  142.272842  -8.930455
-55.314091  141.472366  -9.055115
-55.238808  140.589691  -9.202475
-55.134563  139.650620  -9.352684
-55.023731  138.656616  -9.520311
-54.907719  137.551636  -9.666006
-54.766579  136.285355  -9.799384
-54.601292  134.743546  -9.933150
-54.527348  133.193619  -10.002020
-54.494236  131.530624  -9.985646
-54.393394  129.558807  -9.948318
-54.221451  127.372765  -9.889720
-54.018299  125.144554  -9.832350
-53.785351  123.134438  -9.766099
-53.580227  121.415634  -9.666759
-53.307217  119.874687  -9.597641
-53.010582  118.492264  -9.547212
-52.703568  117.133118  -9.489410
-52.390884  115.929909  -9.431028
-52.077690  114.829926  -9.382368
-51.714497  113.790932  -9.321835
-51.331627  112.810822  -9.264645
-50.841263  111.953224  -9.198348
-50.261818  111.203636  -9.135530
-49.699776  110.546867  -9.077433
-49.151661  109.994156  -9.039001
-48.612583  109.554771  -9.028663
-48.150726  109.218674  -9.053382
-47.584454  108.909393  -9.100987
-46.926262  108.684097  -9.172660
-46.277245  108.497978  -9.251476
-45.646729  108.432045  -9.378983
-44.980129  108.443794  -9.507674
-44.257378  108.556274  -9.647337
-43.422230  108.766724  -9.805846
-42.874508  108.959969  -9.926381
-42.033207  109.341164  -10.113855
-41.319103  109.815727  -10.298314
-40.643276  110.400917  -10.481980
-40.045639  111.177460  -10.654433
-39.439808  112.082466  -10.834012
-38.895424  113.078514  -10.954299
-38.385365  114.256332  -11.077097
-37.943134  115.522583  -11.181774
-37.531288  116.905777  -11.259022
-37.154034  118.373756  -11.294284
-36.785755  119.886856  -11.282407
-36.434441  121.432083  -11.246096
-36.122246  122.960327  -11.192138
-35.826893  124.454788  -11.121732
-35.555618  125.765953  -11.031460
-35.318451  127.077995  -10.934476
-35.120399  128.300995  -10.830460
-34.953918  129.359482  -10.729295
-34.766727  130.438873  -10.576086
-34.588005  131.566696  -10.329195
-34.428120  132.640701  -10.068447
-34.318031  133.697739  -9.782739
-34.240700  134.684845  -9.456550
-34.228481  135.661438  -9.142523
-34.261673  136.460449  -8.802888
-34.286160  137.205734  -8.393897
-34.280315  137.819000  -7.977409
-34.267056  138.404510  -7.559702
-34.254524  138.928085  -7.151065
-34.222706  139.283447  -6.758537
-34.182205  139.514069  -6.231110
-34.177513  139.742569  -5.750582
-34.173656  140.011917  -5.190907
-34.184837  140.184937  -4.576311
-34.202557  140.272507  -4.092754
-34.191509  140.165680  -3.638125
-34.175297  139.948837  -3.176798
-34.121166  139.597015  -2.681318
-34.099434  139.140518  -2.156852
-34.074551  138.611450  -1.702397
-34.067204  137.982635  -1.349070
-33.967705  136.956848  -0.816013
-33.951351  135.744339  -0.357829
-33.941261  134.524658  0.098725
-33.872032  133.041138  0.583646
-33.822536  131.507614  1.049347
-33.663635  129.980377  1.622920
-33.464901  128.555832  2.147669
-33.216969  127.200134  2.816928
-32.756340  125.791496  3.470549
-32.332775  124.539337  3.997158
-32.053928  123.450111  4.395839
-31.555666  122.110756  4.818225
-30.958542  120.982346  5.315283
-30.279385  119.907120  5.767036
-29.689840  118.929482  6.140147
-29.020340  118.042900  6.484814
-28.450077  117.290154  6.762725
-27.936947  116.619949  6.998743
-27.359148  116.012939  7.208466
-26.756470  115.509315  7.390148
-26.219837  115.081810  7.508685
-25.701311  114.785339  7.587921
-25.202257  114.575798  7.614950
-24.590872  114.487915  7.592298
-23.941742  114.500755  7.532017
-23.239389  114.612259  7.436547
-21.051775  116.399391  7.104190
-20.574896  116.818108  6.997947
-20.003630  117.345146  6.809115
-19.381445  117.931030  6.579791
-18.850481  118.501221  6.396167
-18.337282  119.207756  6.202350
-17.928244  119.944450  6.023758
-17.379528  121.169128  5.864981
-16.925831  122.246918  5.724592
-16.674561  123.035049  5.615674
-16.527502  123.768929  5.518409
-16.436499  124.488274  5.408746
-16.384743  125.102913  5.321513
-16.367847  125.684807  5.258761
-16.376049  126.239738  5.204466
-16.402985  126.851906  5.132194
-16.441956  127.631126  5.033856
-16.515150  128.424011  4.955043
-16.606552  129.302063  4.861744
-16.696777  130.148193  4.764117
-16.792019  130.965118  4.677291
-16.909296  131.777130  4.583348
-17.010912  132.519867  4.508841
-17.111517  133.207840  4.448116
-17.246742  133.962021  4.379437
-17.376390  134.657471  4.327850
-17.496914  135.272827  4.295325
-17.610012  135.809998  4.274212
-17.733038  136.345322  4.261353
-17.856895  136.789597  4.259564
-17.977400  137.167938  4.264078
-18.097654  137.476501  4.274030
-18.211889  137.709457  4.289600
-18.316605  137.878983  4.307838
-18.416388  138.004868  4.327614
-18.497290  138.086304  4.339732
-18.584702  138.150299  4.352314
-18.706486  138.175827  4.374548
-18.805641  138.134399  4.389302
-18.978058  137.986176  4.415473
-19.117109  137.768463  4.441035
-19.293049  137.433868  4.477170
-19.519581  136.932648  4.509933
-19.725309  136.163315  4.606729
-19.861340  135.124008  4.772168
-19.921686  133.997513  4.919773
-19.873478  132.702118  5.105077
-19.774189  131.259644  5.262987
-19.632181  130.140869  5.358711
-19.392548  128.745911  5.447222
-19.193163  127.572182  5.540857
-18.884911  126.350052  5.663936
-18.450235  125.102463  5.819547
-18.029839  123.945129  5.944993
-17.468460  122.735725  6.103432
-16.831642  121.673027  6.221742
-16.169083  120.682747  6.338733
-15.504551  119.894371  6.411265
-14.622083  119.188499  6.442298
-13.497953  118.537811  6.411893
-12.373534  118.001907  6.334588
-11.068367  117.560127  6.238140
-9.706738  117.140411  6.143898
-8.472749  116.829475  6.015724
-7.353659  116.610245  5.891219
-6.307733  116.510078  5.736648
-5.440826  116.480904  5.580837
-4.470373  116.564095  5.368868
-3.668932  116.702675  5.180047
-2.972859  116.840172  5.004605
-2.282530  117.142868  4.782939
-1.667952  117.586189  4.549746
-1.020618  118.249901  4.296641
-0.414243  119.012428  4.052712
0.163051  119.981453  3.819885
0.614291  121.077766  3.623007
1.011296  122.388832  3.427895
1.371942  124.363441  3.260187
1.585114  126.189461  3.144403
1.676844  128.021484  3.037714
1.691808  129.939926  2.955863
1.594874  131.673264  2.901248
1.396901  133.436890  2.851636
1.105643  134.922760  2.858218
0.800957  136.201218  2.894851
0.407475  137.326309  2.953360
-0.047490  138.364426  3.000375
-0.590158  139.242157  3.042145
-1.228177  140.022980  3.094851
-1.914960  140.584763  3.148825
-2.579946  140.858871  3.214994
-3.268624  140.926010  3.303860
-3.897146  140.832153  3.397527
-4.517388  140.543503  3.482299
-5.225886  139.917389  3.577341
-6.027223  138.839447  3.712106
-6.841028  137.348831  3.872122
-7.359817  136.123352  3.995304
-7.791686  134.788651  4.174745
-8.206728  133.299454  4.397551
-8.576756  131.593307  4.685298
-8.874350  129.670807  5.046117
-8.936190  127.799637  5.460724
-8.796094  125.997841  5.882062
-8.463049  124.402603  6.220825
-8.124070  123.067619  6.494428
-7.775770  121.977623  6.702971
-7.321501  121.004311  6.853323
-6.850903  120.127075  6.954834
-6.406063  119.412407  7.000547
-5.904084  118.805428  7.017268
-5.391320  118.279739  7.022417
-4.878783  117.806541  7.012366
-4.361809  117.419403  6.986137
-3.820501  117.129883  6.930055
-3.208414  116.902313  6.846278
-2.629116  116.823570  6.742175
-2.028569  116.890175  6.616288
-1.418063  117.022446  6.489101
-0.784365  117.256180  6.336756
-0.215657  117.572884  6.184696
0.336588  118.093498  6.007245
0.841840  118.746284  5.816135
1.338689  119.625069  5.595350
1.764212  120.566673  5.375977
2.403766  123.154526  5.010262
2.568652  124.038048  4.901824
2.764545  125.660553  4.775477
2.943158  127.246635  4.650501
3.080143  128.658936  4.527068
3.187996  129.853180  4.420397
3.268948  130.954132  4.323538
3.327306  131.984268  4.237687
3.365543  132.964752  4.155662
3.392596  133.876022  4.086352
3.389461  134.608795  4.037636
3.363765  135.180450  4.009118
3.315248  135.651489  3.983362
3.262683  136.039230  3.961897
3.192004  136.349228  3.941830
3.118935  136.530136  3.926594
3.051145  136.632553  3.914263
3.003466  136.657425  3.908044
2.958739  136.645905  3.902952
2.908529  136.610413  3.896635
2.815010  136.444687  3.893494
2.677847  136.102875  3.898342
2.515611  135.600021  3.906968
2.393695  135.122635  3.926087
2.201304  134.290390  4.008303
1.993124  133.299500  4.121801
1.758851  132.044403  4.279227
1.548048  130.570511  4.481659
1.391364  129.046463  4.705960
1.344910  127.399048  4.955204
1.351079  126.033798  5.174514
1.475514  124.660782  5.419494
1.765288  123.298302  5.657315
2.249490  122.002533  5.866560
2.712655  120.903404  6.052027
3.325023  119.919434  6.162632
4.067369  119.005089  6.268007
4.753378  118.236671  6.330145
5.407199  117.630051  6.350650
6.148105  117.075226  6.323066
6.816946  116.708939  6.271024
7.475408  116.450783  6.191581
8.179963  116.314072  6.076880
8.820005  116.259583  5.984478
9.448076  116.321045  5.866454
10.099303  116.478325  5.741171
10.661922  116.715317  5.621593
11.327764  117.153915  5.450160
12.025976  117.758728  5.252255
12.780059  118.584206  5.012651
13.593089  119.614349  4.720819
14.317669  120.708130  4.450843
14.971789  122.000992  4.198569
15.541718  123.514725  3.958838
15.959670  125.112671  3.769856
16.163666  126.728027  3.633874
16.209379  128.315155  3.505720
16.044880  129.985687  3.416102
15.779499  131.576645  3.335283
15.413788  133.061966  3.269119
14.877845  134.453537  3.215604
14.213859  135.653824  3.180310
13.549872  136.586578  3.163483
13.028512  137.169937  3.180851
12.499899  137.572220  3.214117
12.001055  137.812408  3.248374
11.504511  137.899979  3.285724
11.041501  137.876740  3.314146
10.546704  137.724670  3.338929
10.008609  137.397827  3.347413
9.429382  136.842957  3.397680
8.836111  136.065704  3.457493
8.273861  135.091141  3.545717
7.745031  133.932022  3.674652
7.329792  132.734375  3.789336
7.053182  131.639481  3.898503
6.930281  130.577621  3.992573
6.969646  129.515686  4.082424
7.103044  128.539673  4.143481
7.308375  127.658447  4.205053
7.586613  126.859436  4.265262
7.916491  126.167793  4.314454
8.343698  125.531548  4.358082
8.796005  125.005424  4.370261
9.320086  124.552002  4.388288
9.925241  124.206032  4.359591
10.575512  123.999687  4.338185
11.279159  123.846436  4.328904
12.076414  123.878563  4.240006
12.858932  123.987221  4.176310
13.661583  124.179863  4.077490
14.541408  124.452843  3.956251
15.399740  124.802635  3.827411
16.217375  125.187439  3.692579
17.008724  125.569077  3.563534
17.835930  126.087456  3.442316
18.629816  126.617027  3.313894
19.456589  127.115929  3.202076
20.217411  127.552330  3.093525
21.019793  127.965279  3.005484
21.818867  128.320663  2.939809
22.617878  128.605194  2.888668
23.424370  128.752502  2.869336
24.122204  128.773804  2.879280
24.858040  128.649063  2.910001
25.513409  128.464935  2.945015
26.149817  128.238571  2.990948
26.693027  127.948006  3.046280
27.102621  127.479355  3.054820
27.398724  127.003395  3.102643
27.587017  126.437439  3.168186
27.666676  125.746353  3.262123
27.600924  124.966736  3.408334
27.421806  124.176743  3.566348
27.190145  123.463913  3.719360
26.875786  122.842308  3.868819
26.514019  122.361298  3.998460
26.069944  121.958458  4.116007
25.537172  121.655640  4.229833
25.014751  121.448540  4.322193
24.339417  121.314400  4.420746
23.589933  121.259140  4.519264
22.875031  121.245132  4.612633
22.112568  121.254288  4.734723
21.287888  121.261551  4.878547
19.977383  121.285767  5.111004
19.650164  121.270111  5.175153
19.164288  121.201164  5.281983
18.771721  121.064255  5.391385
18.496832  120.885834  5.478264
18.297367  120.665916  5.561644
18.186220  120.442711  5.629156
18.089844  120.199699  5.704121
18.025843  119.943504  5.783733
18.049803  119.634186  5.861460
18.204556  119.276161  5.925982
18.515181  118.863953  5.975357
18.991102  118.422104  6.019652
19.629349  117.952965  6.045650
20.336632  117.532341  6.045448
21.045286  117.184692  6.026051
21.852831  116.883636  5.987681
22.556192  116.661087  5.941171
23.320786  116.480484  5.877193
24.094557  116.311127  5.797681
24.854095  116.191635  5.709987
25.647882  116.231377  5.601104
26.315411  116.375374  5.489040
26.944801  116.684464  5.348394
27.628029  117.189247  5.140592
28.243614  117.779228  4.948157
28.836405  118.472366  4.745248
29.322615  119.181473  4.593983
29.845678  120.093750  4.409341
30.338434  121.207352  4.206242
30.819374  122.544128  4.045510
31.268486  124.052177  3.892704
31.587431  125.584633  3.752047
31.819414  127.331978  3.625484
31.982260  129.059509  3.547369
32.116955  130.514847  3.474442
32.236645  131.900696  3.355754
32.301224  132.995758  3.261226
32.356461  133.790588  3.195252
32.381496  134.349655  3.143715
32.380505  134.703171  3.106624
32.369179  134.895905  3.077699
32.352112  134.965103  3.042610
32.342709  134.980072  3.006785
32.349491  134.887024  2.972696
32.350319  134.684280  2.930515
32.345089  134.329819  2.892935
32.370983  133.650681  2.862438
32.392342  132.807770  2.858657
32.447151  131.707306  2.884348
32.512161  130.519135  2.927160
32.698235  129.232498  3.025665
32.972225  128.004196  3.135647
33.392849  126.769562  3.275566
33.858364  125.696693  3.408438
34.323257  124.769356  3.527505
34.820740  123.921738  3.644006
35.301689  123.170792  3.762490
35.834133  122.457474  3.889197
36.354176  121.781433  4.026139
36.824631  121.271439  4.124521
37.228474  120.920616  4.178279
37.647137  120.666756  4.215536
38.016037  120.480492  4.241203
38.345299  120.339424  4.261563
38.702782  120.294830  4.264953
39.050976  120.310669  4.258501
39.407589  120.407120  4.241668
39.810566  120.642029  4.199140
40.205116  120.948219  4.149304
40.634151  121.353745  4.093046
41.078960  121.876747  4.021158
41.572632  122.627289  3.946467
41.992344  123.468079  3.860740
42.384438  124.511292  3.778331
42.676296  125.746239  3.674887
42.845222  127.134796  3.578792
42.932152  128.594955  3.493728
42.885868  130.025864  3.407967
42.716965  131.414978  3.337518
42.495991  132.498718  3.303288
42.293598  133.409119  3.287994
42.136536  134.176056  3.287269
41.996231  134.736755  3.286004
41.871140  135.171204  3.287105
41.784584  135.440445  3.284780
41.725922  135.584869  3.291445
41.713207  135.658859  3.295642
41.738613  135.654419  3.296426
41.753113  135.570328  3.296894
41.779251  135.399002  3.297119
41.842319  135.058395  3.300089
42.002556  134.533066  3.309460
42.254341  133.805496  3.354960
42.555664  132.865692  3.422257
42.863827  131.849976  3.508164
43.279240  130.745193  3.641662
43.892784  129.650146  3.822566
44.424381  128.767868  3.968941
44.981186  128.035049  4.106431
45.569050  127.428307  4.226360
46.083344  126.983017  4.316668
46.490063  126.678337  4.387932
46.793633  126.477287  4.429662
47.095894  126.327019  4.465199
47.340908  126.310371  4.468547
47.528770  126.405830  4.456725
47.739346  126.654526  4.429497
47.985744  127.146370  4.386943
48.235371  127.956902  4.315385
48.406208  128.916321  4.254645
48.578056  130.215927  4.214862
48.718292  131.539108  4.188260
48.887875  132.970169  4.132578
49.067173  134.238770  4.100519
49.260258  135.288422  4.084076
49.457638  136.102646  4.075249
49.646622  136.672028  4.070676
49.858952  137.059860  4.065067
50.036228  137.214996  4.070915
50.226166  137.280685  4.078577
50.486122  137.254883  4.059277
50.798588  137.162292  4.049462
51.141842  136.951813  4.040170
51.558582  136.559952  4.011603
52.406109  134.301727  3.877000
52.597469  133.417877  3.854984
52.764545  131.789795  3.879563
52.819511  130.038193  3.969627
52.806789  128.493317  4.088685
52.778252  127.189644  4.208225
52.702564  126.121178  4.311727
52.655952  125.388924  4.369732
52.558651  124.826561  4.396965
52.448147  124.468307  4.393504
52.311665  124.271873  4.363307
52.117928  124.155853  4.308648
51.907730  124.129631  4.247582
51.694054  124.134811  4.189407
51.503437  124.157761  4.130092
51.326115  124.195358  4.072042
51.161873  124.316322  3.993126
51.058880  124.506210  3.916422
50.978630  124.749588  3.834640
50.916691  125.016487  3.755423
50.874416  125.244789  3.694105
50.855988  125.417633  3.645767
50.844490  125.510048  3.606295
50.883232  125.538742  3.580891
50.983463  125.497963  3.593010
51.163254  125.441742  3.608551
51.401882  125.327187  3.653118
51.739853  125.093651  3.737897
52.117115  124.725670  3.866438
52.463379  124.228508  4.004716
52.807655  123.591179  4.157208
53.076294  122.914932  4.297759
53.292290  122.325394  4.427896
53.473228  121.837448  4.531635
53.635509  121.434425  4.614334
53.748001  121.167030  4.651277
53.770103  120.964348  4.607290
53.741222  120.857178  4.517412
53.637287  120.826019  4.426661
53.493504  120.905907  4.304834
53.320137  121.047050  4.149261
53.134216  121.250900  4.021594
52.959209  121.604172  3.878280
52.774715  122.155846  3.703321
52.557297  122.922630  3.505064
52.370289  123.880768  3.293633
52.094795  125.065422  3.043132
51.794872  126.476906  2.800216
51.532703  127.874252  2.591527
51.393597  129.270981  2.452358
51.436596  130.466171  2.380487
51.444626  131.879990  2.307895
51.537937  133.206696  2.272605
51.679070  134.462952  2.257059
51.810932  135.710129  2.250821
51.964779  136.866272  2.268402
52.145241  138.012619  2.296037
52.376442  139.216568  2.337528
52.631523  140.373306  2.389997
52.930801  141.422195  2.465767
53.292706  142.470245  2.550179
53.789474  143.599838  2.694126
54.371281  144.690292  2.786389
54.956978  145.582809  2.895084
55.581524  146.327377  3.013734
56.272926  146.974869  3.142056
57.283337  147.805573  3.216300
58.302635  148.373260  3.265908
59.284111  148.781891  3.347848
60.407059  149.120544  3.354079
61.466236  149.263657  3.376059
62.489723  149.278061  3.405808
63.549419  149.167557  3.414856
64.695625  148.841095  3.313655
65.915718  148.331772  3.174608
67.028458  147.724640  3.073735
68.041557  146.899750  2.926427
68.907104  145.941650  2.761612
69.617416  144.908951  2.618481
70.213257  143.774139  2.500973
70.699966  142.496201  2.377176
71.183067  141.140747  2.292765
71.587654  139.646729  2.203566
71.991722  138.087509  2.207150
72.283539  136.500961  2.227104
72.454178  134.867416  2.184521
72.607567  133.221039  2.208841
72.670006  131.533691  2.235644
72.735313  129.922668  2.308577
72.771469  128.417435  2.380215
72.838432  126.935104  2.500777
72.834991  125.549057  2.570194
72.857964  124.190308  2.701011
72.885818  122.845863  2.875410
72.959114  121.575233  3.060757
73.041794  120.336403  3.184797
73.121239  119.077538  3.323711
73.220879  117.878036  3.468442
73.358681  116.745880  3.555691
73.593735  115.704819  3.663430
73.867630  114.791008  3.782255
74.190437  113.989563  3.897455
74.559090  113.240875  4.022399
74.875465  112.623131  4.133566
75.239204  112.018784  4.227569
75.651237  111.433189  4.342451
76.037544  110.929390  4.456957
76.410431  110.523788  4.553657
76.898170  110.273285  4.617125
77.349640  110.066605  4.681234
77.807365  109.954941  4.727442
78.239151  109.895531  4.762955
78.595528  109.884995  4.770790
79.046188  109.926659  4.770500
79.476814  110.087524  4.782045
79.890945  110.347984  4.795867
80.303253  110.697098  4.804970
80.932953  111.440926  4.835425
81.490074  112.268570  4.835198
81.980698  113.361488  4.715381
82.361443  114.490929  4.597131
82.584419  115.807396  4.392607
82.649864  117.336487  4.152692
82.552147  118.931740  3.930160
82.196259  120.548790  3.673948
80.170120  124.849876  3.095431
79.505028  125.982246  2.960764
78.637840  127.441429  2.815107
77.778862  128.756943  2.653463
76.859940  129.903152  2.483171
75.967415  130.753693  2.365021
75.110527  131.416702  2.302682
74.407295  131.905396  2.259551
73.480080  132.302963  2.203263
72.562149  132.576935  2.165952
71.632324  132.781982  2.140219
70.988731  132.729858  2.098840
70.435463  132.512299  2.041726
69.823967  132.077057  1.991446
69.058922  131.276489  1.935850
68.260735  130.159836  1.892728
67.513535  128.729736  1.927409
66.949692  127.237587  1.980283
66.526466  125.602760  2.095119
66.297462  123.997971  2.261602
66.268227  122.367119  2.477998
66.399078  120.805397  2.722181
66.737602  119.251495  3.022127
67.174973  117.873611  3.295808
67.697266  116.601135  3.494768
68.341171  115.351585  3.723075
69.063622  114.144997  3.949500
69.722336  112.995598  4.160872
70.521996  111.902687  4.395639
71.306038  110.924400  4.567929
72.074944  110.053665  4.725678
72.816895  109.338951  4.854000
73.582001  108.707764  4.987487
74.336067  108.149147  5.126706
75.029320  107.736176  5.229694
75.735100  107.435646  5.293660
76.387100  107.192589  5.355752
77.076469  107.055298  5.376684
77.822479  106.994049  5.391824
78.452713  106.990814  5.402966
79.183464  107.104973  5.367618
79.891991  107.357597  5.316150
80.577759  107.871201  5.236740
81.285179  108.592293  5.210902
82.094460  109.613983  5.125863
82.849129  110.815094  5.008937
83.652832  112.475105  4.823712
84.301331  114.332527  4.587721
84.922989  116.877350  4.238292
85.304504  119.464325  3.903650
85.474228  121.944542  3.681763
85.613487  124.537689  3.453393
85.594765  128.529053  3.565789
85.264999  131.198441  3.462795
85.084877  133.070786  3.422745
84.911255  134.822830  3.372921
84.769577  136.409683  3.366723
84.518265  138.273911  3.344532
84.296021  140.103043  3.347262
84.037308  142.327881  3.390259
83.780922  144.027237  3.482469
83.655678  145.206314  3.625700
83.619026  146.225449  3.748700
83.603729  147.061752  3.878374
83.538414  147.871552  3.999540
83.507767  148.548004  4.103901
83.446587  149.170517  4.199851
83.361130  149.657852  4.266526
83.258041  150.055237  4.319105
83.176941  150.362625  4.351649
83.090553  150.586975  4.365636
82.984917  150.740402  4.338196
82.857613  150.792969  4.264004
82.741440  150.697815  4.148762
82.672035  150.416962  4.028827
82.635452  149.687225  3.823648
82.755203  148.513184  3.491752
82.933960  146.969498  3.072824
83.223465  144.805588  2.220123
83.645798  142.188416  1.472459
83.970131  139.290634  0.810562
84.289909  136.471680  0.381981
84.628807  133.534698  0.064373
84.960556  130.592926  -0.248487
85.312599  127.784981  -0.355846
85.726120  125.299454  -0.243481
86.247643  123.044121  0.042928
86.771484  121.166344  0.322503
87.332321  119.510284  0.626690
87.875038  118.013245  0.934231
88.433853  116.786163  1.244138
88.946396  115.658913  1.542636
89.580826  114.672188  1.794721
90.089783  113.820671  2.012980
90.665062  113.168175  2.199058
91.284988  112.697670  2.338714
91.853760  112.315048  2.468379
92.327644  112.093193  2.557096
92.747437  112.011894  2.619144
93.281921  112.140198  2.662696
93.914688  112.491608  2.599239
94.476402  112.963165  2.508088
95.014374  113.830360  2.432343
95.579659  115.588440  2.182111
95.815147  117.666260  1.885638
95.969421  119.627090  1.654176
95.951546  121.606125  1.342000
95.886627  123.841705  0.988538
95.722374  126.021584  0.683775
95.521690  128.226135  0.457524
95.290077  130.334381  0.312685
95.082138  132.367233  0.217180
94.943954  134.262619  0.171789
94.768646  136.194077  0.157827
94.535210  137.989410  0.141370
94.319992  139.809860  0.095279
94.122391  141.416031  0.082852
93.991646  142.748016  0.101303
93.837692  143.916992  0.084759
93.689461  144.775787  0.086980
93.529396  145.540421  0.075560
93.399101  146.116974  0.073721
93.305023  146.584000  0.069053
93.178902  146.921692  0.015663
93.094772  147.020432  -0.033976
93.111176  146.303757  -0.326021
93.170982  145.670242  -0.502718
93.322105  144.156525  -0.868432
93.615211  142.128571  -1.315675
94.002304  139.752670  -1.668492
94.528816  137.281708  -2.057475
95.102829  134.790451  -2.440579
95.713112  132.252808  -2.718074
96.315742  129.948517  -2.888565
96.762283  127.750351  -2.918692
97.259438  125.424095  -2.969988
97.638901  123.355690  -2.923231
97.739296  121.614273  -2.776009
97.807129  119.981255  -2.774511
97.872253  118.344971  -2.709486
97.905701  116.944351  -2.625459
97.862724  115.840683  -2.539188
97.816078  114.974152  -2.474320
97.729057  114.286789  -2.424843
97.632217  113.760216  -2.372478
97.516663  113.382957  -2.329978
97.377068  113.117348  -2.298833
97.243546  113.003387  -2.281834
97.098373  112.984848  -2.279829
96.967911  113.065613  -2.276484
96.837791  113.261330  -2.273209
96.677582  113.563637  -2.295516
96.525871  113.906311  -2.326073
96.354385  115.212914  -2.246305
96.275604  116.921204  -2.175633
96.255501  118.295479  -2.135010
96.304817  119.444359  -2.124897
96.482658  120.627808  -2.148048
96.723770  121.829514  -2.184592
97.179207  123.322800  -2.257400
97.590782  124.539742  -2.297068
97.923157  125.536415  -2.334723
98.328812  126.650078  -2.277575
98.995529  128.017365  -2.124243
99.750893  129.296249  -1.997173
100.545692  130.242355  -1.858297
101.361961  131.023788  -1.689061
102.052650  131.616501  -1.537182
102.886948  132.189362  -1.360776
103.694817  132.589401  -1.226718
104.370049  132.850906  -1.096520
104.992348  132.984146  -0.970233
105.616539  133.042084  -0.840295
106.208084  133.010666  -0.669123
106.734673  133.014175  -0.587339
107.331787  132.941208  -0.489212
107.932198  132.785965  -0.372127
108.539444  132.451553  -0.241049
109.147957  131.964615  -0.116564
109.681412  131.415726  -0.006034
110.267593  130.687302  0.109638
110.774323  129.881271  0.247308
111.284851  128.903915  0.419271
111.704857  127.838379  0.579491
112.074669  126.600975  0.687013
112.363388  125.276894  0.846415
112.541672  123.895851  0.993600
112.668503  122.661484  1.156606
112.723450  121.445091  1.339919
112.764992  120.138222  1.536039
112.766914  118.877869  1.777484
112.744041  117.601799  2.036251
112.639008  116.455856  2.259891
112.552940  115.472382  2.518182
112.472740  114.515587  2.790910
112.396652  113.658096  3.049721
112.366341  112.770447  3.335607
112.403244  112.002174  3.654285
112.492340  111.262527  3.942321
112.663834  110.598328  4.266581
112.962471  110.032043  4.418431
113.379379  109.676849  4.577391
113.645851  109.320480  4.789027
113.992012  109.006584  4.954590
114.462433  108.798843  5.117726
115.120605  108.615021  5.261504
115.688354  108.477867  5.386220
116.216492  108.417694  5.516991
116.698532  108.379578  5.632935
117.292862  108.416374  5.696292
117.883301  108.586037  5.710203
118.495682  108.866188  5.699582
119.058670  109.210152  5.714947
119.740326  109.735245  5.702998
120.733231  110.723068  5.545965
121.655975  111.807770  5.384809
122.487656  112.987274  5.130272
123.134514  114.221870  4.946504
123.568008  115.417969  4.689465
123.866013  116.669113  4.455117
124.071930  117.979309  4.246532
124.043701  119.266167  4.009827
123.930237  120.736969  3.663585
123.734840  122.126732  3.358267
123.554558  123.423080  3.113201
123.383087  124.805794  2.874673
123.220863  126.412674  2.582020
123.017433  127.953796  2.286394
122.890915  129.073120  2.124189
122.642380  130.243057  1.909452
122.337196  131.131836  1.774002
121.954643  131.916245  1.687701
121.431839  132.521469  1.618385
120.836388  133.105606  1.515778
120.280693  133.441147  1.386235
119.743828  133.646820  1.315395
119.153709  133.587387  1.224483
118.683708  133.396744  1.156571
118.263306  133.106461  1.121977
117.766571  132.565811  1.047378
117.250496  131.802704  0.957808
116.726044  130.784714  0.887531
116.216881  129.529495  0.815062
115.679367  127.785889  0.828973
115.323441  126.190987  0.873278
115.057106  124.514084  0.860476
114.845802  122.874290  0.961307
114.689453  121.424438  1.114077
114.610527  119.947098  1.321914
114.598915  118.609955  1.549734
115.290939  115.950043  2.236716
115.490196  115.203468  2.425114
115.905602  114.062134  2.739040
116.488754  113.068016  3.058135
117.077263  112.233559  3.330663
117.691353  111.616486  3.675125
118.350052  111.160973  3.841621
118.957253  110.855659  3.993545
119.574928  110.672661  4.116352
120.107391  110.565269  4.207635
120.537727  110.485435  4.275962
120.869804  110.483910  4.304989
121.213120  110.546227  4.323455
121.602722  110.662994  4.337265
122.013985  110.830925  4.345206
122.527794  111.109306  4.352306
123.220619  111.567917  4.339849
124.374489  112.740433  4.304708
125.258751  113.761314  4.273648
125.829033  114.666847  4.150789
126.147240  115.501938  4.064885
126.345406  116.260277  3.988572
126.506142  117.315247  3.829829
126.687874  118.466415  3.650217
126.780602  119.685226  3.412873
126.887871  120.817039  3.266748
126.962151  121.983742  3.086290
126.985001  123.042633  2.912723
127.022232  124.336647  2.551403
126.969208  125.363708  2.259857
126.906578  125.962418  2.139270
126.835266  126.434433  2.009602
126.724174  126.881279  1.873349
126.659492  127.145653  1.811370
126.534813  127.394821  1.712946
126.422340  127.595566  1.626922
126.355812  127.707741  1.579050
126.250252  127.731812  1.523467
126.028458  127.654816  1.451121
125.709373  127.403221  1.371867
125.542442  127.240692  1.310772
125.260933  126.825012  1.199929
124.963531  126.215393  1.074692
124.565849  125.267464  0.984700
124.210579  123.964211  0.885206
123.913010  122.464928  0.814547
123.850739  121.172882  0.826871
123.841599  119.906235  0.912340
123.982391  118.550491  1.064504
124.092529  117.259369  1.364756
124.317894  115.976501  1.713097
124.712769  114.923103  1.983902
125.183060  113.869545  2.312593
125.813957  112.683136  2.615179
126.529556  111.867455  2.992989
127.273361  111.109909  3.273729
128.071701  110.475685  3.563288
128.800598  110.019089  3.833522
129.477264  109.913094  4.140115
130.384048  109.862473  4.364453
131.123352  109.804825  4.490392
132.054474  109.872925  4.572095
132.852768  110.150513  4.711592
133.967773  110.547844  4.811182
134.879318  111.055725  4.862957
135.528351  111.620697  4.857105
136.300491  112.426903  4.622614
136.829422  113.267563  4.450870
137.203796  114.229958  4.185149
137.385330  115.090248  3.960312
137.557281  116.297073  3.666434
137.827225  117.366890  3.584790
137.953506  118.577469  3.434492
138.002487  119.909157  3.263322
137.989090  121.357391  3.076485
137.764191  123.232857  2.682615
137.374084  124.895699  2.262342
137.024994  126.412773  1.907534
136.662552  127.893333  1.584097
136.175629  129.016632  1.339626
135.585114  129.949051  1.051320
134.929291  130.777267  0.775742
134.325607  131.480591  0.534605
133.820816  132.088715  0.336059
133.286011  132.643768  0.128616
132.925812  133.149994  -0.001159
132.629883  133.531219  -0.107315
132.308640  133.726105  -0.153265
131.989426  133.877884  -0.185274
131.642410  133.868073  -0.221656
131.261658  133.708511  -0.271549
130.915573  133.480194  -0.309399
130.612305  133.178375  -0.371623
130.314728  132.752075  -0.437346
129.942673  131.990082  -0.524770
129.659103  131.132233  -0.566730
129.447495  130.338547  -0.627473
129.326111  129.347366  -0.606925
129.269272  128.175354  -0.573779
129.354980  126.946602  -0.437760
129.592926  125.842484  -0.301385
130.017181  124.925674  -0.156585
130.438324  124.062355  -0.099691
130.903381  123.111580  0.081802
131.399841  122.186096  0.305493
131.860443  121.331070  0.535899
132.291275  120.552040  0.785477
132.649521  119.824211  1.008189
133.043457  119.308365  1.221485
133.485855  118.843330  1.394192
133.976517  118.532181  1.563787
134.605682  118.377762  1.747290
135.179840  118.197121  1.919122
135.700714  118.037048  2.061348
136.267609  117.919701  2.244103
136.849762  117.885262  2.386501
137.694473  117.818291  2.668580
138.444427  117.843857  2.870347
138.861328  117.839531  2.949568
139.396744  117.842468  3.017630
139.851135  117.904312  3.082489
140.386566  118.107445  3.042035
140.729630  118.233978  3.117320
140.988510  118.372711  3.173484
141.864777  119.209930  3.287789
142.090881  119.462227  3.320955
142.447571  119.901154  3.348982
142.723663  120.372475  3.378766
142.897308  120.844215  3.363621
142.938828  121.246643  3.351043
142.978683  121.662560  3.336078
142.858124  122.196243  3.160367
142.677124  122.522804  3.032831
142.480957  122.848839  2.880235
142.326279  122.988289  2.805952
142.127243  123.058311  2.712811
141.847717  123.120949  2.602338
141.392761  123.117920  2.444844
140.873398  123.064339  2.275618
140.189423  122.866501  1.995471
139.555954  122.580055  1.808909
138.979065  122.228294  1.674663
138.270859  121.698189  1.582982
137.486725  121.044685  1.458371
136.677460  120.238716  1.374614
135.600311  119.090416  1.455643
134.450150  117.513016  1.605136
133.576813  116.244492  1.764066
133.155182  115.351189  1.903596
132.687546  114.286362  2.095039
132.300171  113.304703  2.337969
132.055725  112.443810  2.622880
131.867249  111.344322  3.009873
131.813965  110.302872  3.391917
131.840164  109.185066  3.906495
132.121216  108.194679  4.114164
132.468658  107.290939  4.301645
132.950455  106.341980  4.558513
133.590408  105.459648  4.793853
134.262573  104.928093  5.097905
135.027206  104.409561  5.339840
135.832703  103.825890  5.465260
136.916565  103.478813  5.693645
137.694611  103.171494  5.935036
138.697220  103.134384  6.170573
139.677963  102.969536  6.324136
140.626144  102.978844  6.584227
142.183838  102.914345  6.758187
143.445557  103.014130  7.013570
144.440536  103.292671  7.195157
145.307434  103.522926  7.277831
146.194748  103.927734  7.394575
147.589478  104.700134  7.467233
148.904312  105.644203  7.542496
149.678360  106.233582  7.621138
150.826813  107.073555  7.749434
152.676254  108.640640  7.938303
153.710892  109.879219  7.894600
154.513580  110.918968  7.814736
155.473145  112.348289  7.668495
155.947235  113.666397  7.513117
156.567642  115.149628  7.390697
156.903717  116.519608  7.244853
157.234909  118.263245  7.041205
157.146927  120.111885  6.601624
156.786392  122.041687  6.049376
156.373032  123.790657  5.524160
155.645599  125.428947  4.999892
154.931168  126.978073  4.510459
154.161697  128.467712  4.013688
153.540024  129.820404  3.594673
152.894272  130.744385  3.243502
152.233521  131.339661  2.950400
151.557114  131.546936  2.698583
150.953400  131.691132  2.479580
150.429199  131.847626  2.282236
149.962433  131.870392  2.066599
149.561646  131.671661  1.890106
149.239487  131.451416  1.736044
148.887482  131.052994  1.548615
148.405777  130.349930  1.383503
147.973831  129.586288  1.244819
147.434814  128.485046  1.094016
146.792847  126.992264  1.007510
146.207764  125.272797  1.029696
145.850113  123.891151  1.091006
145.477066  121.899849  1.243021
145.294525  120.037254  1.327369
145.301193  118.414238  1.510141
145.357574  117.191399  1.743522
145.583054  115.933197  1.992345
146.056396  114.671066  2.326946
146.688049  113.474655  2.763937
147.146667  112.815239  2.983159
147.693283  112.393814  3.196031
148.438492  112.114532  3.579839
149.412277  112.127930  3.925434
150.181580  112.196220  4.118563
150.825974  112.137299  4.315783
151.468140  112.188805  4.528382
152.056061  112.261528  4.697150
152.524521  112.413979  4.738067
153.181061  112.743172  4.774550
153.763580  113.180336  4.838773
154.341339  113.863525  4.844232
155.127304  114.944427  4.718814
155.746994  115.956352  4.585229
156.231735  116.854607  4.507125
156.649887  117.706543  4.449086
157.021759  118.589394  4.352335
157.292938  119.390648  4.254894
157.544540  120.198776  4.160503
157.697861  121.166206  4.111015
157.674088  121.866196  4.134057
157.752731  122.537468  4.143111
157.870438  123.145233  4.152869
157.982376  123.598473  4.163095
158.058975  123.895370  4.159699
158.085800  124.043297  4.187419
158.055725  124.044678  4.175244
158.072708  123.960960  4.177035
157.994446  123.627396  4.157382
157.965561  123.412949  4.130324
157.915237  122.847267  4.041917
157.859085  121.985207  3.975443
157.733856  120.807640  3.959051
157.690475  119.535248  4.003992
157.700241  118.377380  4.062264
157.820892  117.523865  4.229592
157.751266  115.281425  4.516584
157.740921  114.652184  4.590333
157.730194  114.008888  4.779814
157.693604  113.457588  5.070614
157.522644  112.911446  5.345437
157.287598  112.487610  5.629143
156.929565  111.999451  5.810274
156.706482  111.649879  5.947937
156.612747  111.469742  6.062796
156.542206  111.311623  6.176108
156.641602  111.377754  6.354964
156.767761  111.466301  6.553519
156.904938  111.577309  6.732750
157.119873  111.741066  6.936058
157.474213  112.190491  7.284988
157.692123  112.522850  7.558516
157.983078  112.908127  7.827363
158.302551  113.355118  8.145886
158.522797  113.699059  8.453276
158.579269  113.876030  8.563852
158.854706  114.298615  8.781773
158.996948  114.772224  9.110181
159.124405  115.232361  9.375494
159.209488  115.585152  9.616776
159.408142  116.044945  9.903101
159.480804  116.366730  10.071177
159.480362  116.603630  10.238403
159.408005  116.718536  10.333464
159.358246  116.789642  10.410818
159.372681  116.896606  10.449874
159.320572  116.953262  10.432917
159.260727  116.979332  10.399415
159.207153  117.039497  10.339541
159.111893  117.017647  10.188869
159.066498  117.049423  10.019322
159.112793  117.122017  9.493546
159.303131  117.152023  8.842926
159.809753  117.129166  8.025028
160.080124  116.831047  7.307628
160.273331  116.707901  6.784998
160.252121  116.261566  6.224900
160.490891  115.975655  5.617816
160.487289  115.476357  5.005723
160.453064  115.067337  4.550016
160.622742  114.930504  4.159510
160.801743  114.835808  3.886951
160.949478  114.768127  3.700327
161.133713  114.792435  3.566868
161.137970  114.760567  3.418649
161.097809  114.670197  3.299851
160.848190  114.452934  3.148090
160.742584  114.364021  3.093823
160.661255  114.318771  3.045053
160.580231  114.293480  2.991215
160.524246  114.289169  2.948716
160.454575  114.263313  2.912675
160.400681  114.239006  2.887631
160.331802  114.220108  2.851367
160.289429  114.208946  2.829279
160.224869  114.193962  2.799291
160.145462  114.169792  2.765275
160.096497  114.154518  2.743657
160.056061  114.142693  2.726582
159.944305  114.140648  2.701026
159.855988  114.129509  2.684705
159.818817  114.125664  2.675592
159.793030  114.122841  2.668024
159.744766  114.121140  2.657294
159.702133  114.116440  2.646513
159.682831  114.111961  2.640668
159.627686  114.102417  2.623705
159.566574  114.087997  2.609808
159.519928  114.100616  2.603148
159.469727  114.107201  2.590823
159.449753  114.117233  2.584206
159.430771  114.180382  2.585362
159.351685  114.172218  2.585406
159.296494  114.139885  2.584599
159.256973  114.124428  2.582677
159.226624  114.117119  2.579877
159.204315  114.121796  2.586341
159.185577  114.130119  2.592273
