-51.841652  176.909760  34.070667
-51.724384  176.876099  34.067604
-51.673790  176.861816  34.066227
-51.621410  176.855759  34.044495
-51.576843  176.853226  34.017414
-51.525719  176.847733  33.975132
-51.453056  176.823853  33.917881
-51.385803  176.808777  33.864681
-51.326485  176.798645  33.822319
-51.195160  176.856720  33.750492
-51.155762  176.881088  33.727943
-51.069309  176.954468  33.680416
-50.986912  177.026093  33.635288
-50.900074  177.071411  33.591560
-50.823608  177.123810  33.555092
-50.767052  177.165710  33.531361
-50.699894  177.211258  33.504452
-50.631721  177.277008  33.472576
-50.552593  177.363953  33.444931
-50.476204  177.456650  33.427902
-50.403675  177.549301  33.422382
-50.339764  177.627228  33.417004
-50.285179  177.684479  33.414139
-50.236195  177.747177  33.408375
-50.190350  177.814056  33.399174
-50.141338  177.867737  33.396278
-50.079937  177.932785  33.398006
-50.012257  177.990967  33.399963
-49.949806  178.044708  33.400566
-49.896198  178.094360  33.399887
-49.847839  178.132660  33.399872
-49.772747  178.185532  33.402485
-49.699966  178.240295  33.400883
-49.629982  178.295807  33.395985
-49.558647  178.352921  33.386879
-49.490822  178.415451  33.374477
-49.422626  178.471909  33.361404
-49.361446  178.524048  33.349014
-49.308479  178.560211  33.340023
-49.262581  178.594818  33.332054
-49.217175  178.635178  33.321632
-49.173878  178.672318  33.311047
-49.121326  178.719971  33.295612
-49.073761  178.765610  33.281303
-49.013290  178.830017  33.263042
-48.949532  178.915070  33.239361
-48.876057  179.009827  33.220371
-48.789425  179.126999  33.207737
-48.705456  179.244934  33.195461
-48.625408  179.375137  33.191353
-48.543453  179.483994  33.175716
-48.468796  179.621002  33.171875
-48.403507  179.721878  33.155476
-48.359516  179.802292  33.142857
-48.303310  179.901413  33.139347
-48.252617  179.987457  33.133183
-48.207890  180.067139  33.127136
-48.163155  180.152481  33.125908
-48.119141  180.225296  33.124660
-48.080265  180.288681  33.124126
-48.048950  180.353668  33.123344
-48.022549  180.424606  33.117588
-47.996986  180.488770  33.101437
-47.966156  180.559738  33.083088
-47.938473  180.619370  33.067024
-47.916668  180.675385  33.053074
-47.890377  180.752014  33.034920
-47.868214  180.817841  33.019733
-47.846027  180.889084  33.003498
-47.818249  180.946167  32.991768
-47.793118  180.989731  32.981354
-47.770527  181.032303  32.969971
-47.749493  181.068604  32.956654
-47.639633  180.907501  32.608459
-47.506340  180.657776  32.140900
-47.416740  180.488312  31.810169
-47.363762  180.386063  31.575699
-47.362835  180.369949  31.433989
-47.361214  180.347748  31.295458
-47.368549  180.332352  31.181053
-47.339211  180.282440  31.000017
-47.270077  180.195801  30.687757
-47.290203  180.061813  30.465412
-47.155327  179.746841  30.171865
-46.927906  179.196350  29.911392
-46.344700  177.358612  29.273041
-45.398182  175.193619  29.164009
-44.476273  172.402313  29.054613
-43.417809  168.806824  29.598661
-41.749577  162.824524  30.554758
-40.777405  158.518723  31.816586
-39.287170  153.676422  33.475933
-37.728722  147.875916  35.319496
-36.141315  142.775528  37.127110
-34.370319  138.475098  39.167038
-32.447472  134.366714  41.096489
-30.878723  130.435806  43.346897
-29.655674  126.551903  45.386234
-28.736364  123.434723  47.375393
-26.896425  119.743347  50.144989
-25.288874  115.661209  52.962368
-23.477430  112.628960  54.872520
-22.541666  110.377853  56.523914
-21.946573  108.664116  58.030128
-21.407467  107.635857  58.802288
-20.955450  106.901749  59.354023
-20.566658  106.362389  59.783241
-20.698725  106.685310  59.770000
-21.195461  108.212975  58.475159
-22.073425  110.203278  56.791885
-22.524286  112.495796  55.066406
-23.207771  115.188393  52.664536
-24.997026  118.504631  50.535328
-26.185530  120.737206  49.079643
-28.106064  123.745918  46.681091
-30.194468  127.582779  44.681293
-31.662716  131.231491  43.239899
-33.203350  135.100159  41.545437
-34.217411  138.823761  39.750355
-35.061100  142.071182  38.186546
-35.957378  145.274277  36.828312
-37.365387  149.286636  35.109398
-38.962765  152.431122  33.887707
-40.302689  154.856171  33.064137
-41.680958  157.389252  32.608459
-43.034737  159.264420  32.463558
-44.364418  160.606125  32.345116
-45.983521  161.779526  32.343174
-47.488876  162.608139  32.341537
-48.900333  163.359451  32.384388
-50.398945  163.717178  32.342747
-51.652981  164.078003  32.236973
-52.701153  164.391449  32.074665
-53.553886  164.402313  31.719826
-52.893608  164.972275  29.772230
-52.144268  165.289154  29.099560
-50.063328  166.122772  28.085957
-47.359493  167.496613  26.942015
-44.328793  168.601913  25.261278
-41.114761  169.592560  23.264912
-37.474026  170.775192  21.072599
-33.705601  172.231064  18.387436
-30.466192  173.845657  15.961480
-27.109243  174.851501  14.098694
-23.721025  175.509903  12.716800
-20.213461  174.680313  12.820520
-17.025108  174.397049  12.888290
-14.804605  173.955795  12.890841
-12.562651  172.480362  13.592050
-11.041089  170.471283  14.121070
-10.021759  168.771423  14.622264
-9.655232  166.670013  14.761601
-9.499625  165.330551  14.764276
-9.522921  162.453369  14.504134
-9.944949  159.152054  14.642926
-11.385422  156.056732  16.297247
-13.216852  153.404434  18.359768
-15.388765  151.517807  20.022646
-17.031961  151.896439  22.016474
-19.475750  151.497192  24.506472
-21.832720  149.927139  26.139328
-23.948278  148.543304  27.387531
-25.436554  147.186630  28.311022
-26.692966  146.039734  28.867552
-27.854097  145.811600  29.802319
-28.530155  145.622498  30.404358
-28.900976  145.486267  30.734274
-29.063482  145.393738  30.983488
-29.116709  145.442673  31.036230
-29.134640  145.654068  30.942659
-28.888147  146.668976  30.324303
-28.272177  148.282043  29.266302
-27.757025  150.139328  27.641582
-26.691725  151.733612  24.777981
-26.226757  154.333191  23.645094
-26.031519  156.150925  22.273413
-25.668228  157.753189  20.331404
-25.001122  159.452988  18.509148
-24.285734  160.895370  16.619446
-23.679842  163.296158  15.765289
-23.420927  164.488434  15.426282
-22.923887  166.046646  14.359208
-22.473497  167.587585  13.549778
-22.491226  167.756119  13.542467
-22.274725  169.059128  13.128624
-22.200787  170.113205  12.953296
-22.134474  170.869736  12.834283
-22.010904  172.455231  12.178448
-21.874538  173.047424  12.328587
-21.743914  173.502151  12.329754
-21.666025  174.373550  11.459996
-21.741608  175.008530  10.689706
-21.478081  175.686691  9.904315
-21.204670  175.624512  8.084352
-20.987722  175.319702  6.972372
-20.627581  174.633331  6.331008
-20.398232  173.838562  5.992058
-20.042843  172.909546  5.836879
-19.546459  171.716187  5.798441
-18.841236  169.461868  5.397469
-17.986235  166.844727  4.951174
-16.907572  164.328506  5.026458
-15.748455  162.069809  6.153002
-15.008990  158.597916  6.454261
-14.188336  155.118744  7.250170
-13.313116  151.482330  8.175868
-12.708523  147.735428  9.517010
-11.898747  144.257050  10.176014
-11.265800  141.162994  11.667801
-10.169640  138.659409  11.820295
-9.637074  136.623611  12.275945
-9.308307  135.020340  12.811272
-9.062373  133.371475  13.335670
-9.049049  131.942078  13.713618
-9.007697  130.871429  13.831170
-9.022403  130.144272  13.977680
-8.988582  129.391602  14.160565
-8.860941  129.233902  14.098914
-8.729887  129.122650  13.916349
-8.650320  129.455536  13.562262
-8.455304  130.037720  12.655223
-8.338825  131.107468  12.144218
-8.157788  132.202850  11.776031
-7.883207  133.421921  11.363162
-6.995900  136.888428  10.768088
-6.073513  141.070267  10.138016
-4.813465  147.086975  9.189363
-3.577992  150.703964  8.378889
-2.741884  154.287170  6.937901
-1.913191  156.217804  6.418299
-1.485749  157.421570  6.185018
-1.006376  158.943512  5.986583
-0.661899  160.192810  5.778003
-0.460697  161.422302  5.616467
-0.863843  163.486542  5.164770
-1.369183  163.556839  3.978142
-2.036730  163.566208  3.412842
-2.837822  162.703674  3.293063
-3.543764  162.703979  3.456880
-5.075949  161.998138  5.221646
-6.772496  161.093872  6.839634
-8.128997  159.539383  8.055941
-9.536140  158.699768  9.496706
-10.033461  157.817886  9.895639
-10.956871  156.375900  10.923799
-10.835807  154.814896  10.648369
-10.621905  153.300018  10.510154
-10.290377  150.114075  10.756537
-9.209649  146.375977  11.162854
-8.156137  143.704285  12.036821
-6.583866  142.057968  12.147392
-5.022940  141.088196  12.050498
-3.360792  140.824280  11.604722
-1.780068  140.892639  11.079929
0.026855  142.154175  10.590630
1.240592  142.857117  10.264894
3.085635  145.495026  9.426661
4.749307  147.759811  7.878736
5.598614  148.950211  5.990184
7.192210  156.372543  2.735321
7.106867  158.140915  2.099631
6.942144  160.591599  1.107109
6.627960  162.946716  0.293981
6.080088  164.946609  -0.701661
5.941317  166.856766  -1.579005
5.656310  168.600281  -2.242769
5.366469  170.042953  -2.800669
5.064560  170.862030  -3.057177
4.826392  171.253769  -3.223567
4.755855  171.071579  -3.448503
4.749882  170.035583  -3.795310
4.645123  167.572693  -4.124947
4.819921  164.620148  -4.113374
5.525271  160.781998  -3.971405
6.194629  156.305054  -3.786970
7.356448  151.992065  -3.641060
8.494321  146.101944  -3.235989
9.551863  140.455688  -2.537461
10.723330  135.408081  -1.743123
11.636603  129.303391  -0.113836
12.789122  123.448128  1.541913
14.042687  119.495644  2.469410
14.529127  114.772163  3.889349
15.138065  111.590767  4.983303
15.461620  109.833031  6.277382
15.819156  108.386185  6.861230
15.991149  107.531090  7.214360
15.963743  107.146713  7.298075
15.888725  107.018715  7.124661
15.873061  107.081429  6.785774
15.792009  107.457390  6.083039
15.561666  108.623009  4.377846
15.052807  110.119278  2.603442
14.382702  112.048615  0.803040
13.028221  115.195251  -0.903075
11.421046  118.723648  -2.621585
9.377198  123.163078  -4.471837
7.384626  128.401428  -6.245790
5.863234  134.744492  -7.686766
4.344807  140.922485  -8.934652
2.902703  147.409149  -9.609339
1.434458  152.924683  -9.785032
0.518855  158.438416  -10.537981
-0.036063  163.093903  -12.479596
-0.596493  167.173294  -14.554228
-0.782130  170.552261  -16.313293
-0.453554  174.600800  -18.067860
0.506710  178.045792  -19.647360
1.367936  181.595123  -20.966162
2.848274  184.662323  -22.156273
4.592366  186.774857  -23.233292
6.557578  189.655731  -24.484552
9.053861  192.390121  -25.700321
11.767958  194.628464  -26.537012
15.111066  197.050720  -28.005266
18.236189  197.889938  -29.138174
21.123171  197.741013  -29.721951
23.842295  197.784073  -30.151775
26.479742  196.873642  -30.551481
29.120464  196.088669  -30.825092
31.579699  194.520676  -30.980101
33.899757  193.075546  -30.189983
35.924213  191.316620  -29.454710
37.381134  189.327530  -28.943926
38.368027  187.528595  -28.004478
39.024113  185.312408  -27.168232
39.432114  183.333298  -26.368805
39.195759  180.926392  -25.346090
39.079868  178.148010  -24.397747
38.560459  175.445511  -23.616491
37.347664  172.519836  -22.882332
35.742050  169.038803  -21.964510
33.945499  166.198135  -21.202501
31.751652  163.006607  -20.051331
29.580885  160.134384  -18.973497
27.476801  158.114777  -17.933435
25.850824  156.550354  -17.043087
23.761925  155.277573  -16.038107
21.885111  153.872482  -15.206107
20.477480  152.441177  -14.772390
19.050800  150.867950  -14.228028
18.221001  149.589172  -13.780633
17.357243  147.596756  -13.321314
16.693602  146.196518  -12.809392
16.292702  145.187378  -12.402227
16.024620  144.353867  -12.034878
15.853954  143.616196  -11.660012
15.745301  142.952408  -11.255942
15.644809  142.449905  -10.927242
15.579739  142.186523  -10.399915
15.530875  142.060043  -10.067507
15.574078  141.863754  -9.988855
15.805593  141.608231  -10.135222
16.221981  141.478577  -10.279268
16.520308  141.377441  -10.358652
16.723551  141.276337  -10.386753
16.859852  141.163773  -10.374280
16.965622  141.079041  -10.365129
17.047695  140.977203  -10.328146
17.123285  140.886505  -10.292391
17.207392  140.797791  -10.261208
17.265118  140.717621  -10.239277
17.323174  140.625671  -10.214373
17.374317  140.534271  -10.179316
17.425983  140.334885  -10.161144
17.480841  140.131729  -10.122600
17.535013  139.892090  -9.902607
17.587967  139.661148  -9.846525
17.650309  139.409576  -9.861496
17.702993  139.225952  -9.869670
17.746540  139.075027  -9.872351
17.857374  138.947525  -9.854333
17.937031  138.866028  -9.842081
18.106401  138.895309  -9.798368
18.315712  139.060501  -9.874819
18.506983  139.243179  -9.980120
18.669125  139.401520  -10.071616
18.794111  139.536896  -10.148995
18.913879  139.648727  -10.212417
19.008268  139.700058  -10.241675
19.085516  139.731293  -10.254631
19.148516  139.752426  -10.259974
19.225906  139.743683  -10.259213
19.283873  139.725342  -10.256310
19.401455  139.654739  -10.227031
19.470438  139.590607  -10.167885
19.538105  139.513947  -10.079661
