-120.956940   168.740921  78.834908
-120.632591   168.634262  78.777199
-120.545280   168.577911  78.753029
-120.433258   168.508560  78.722610
-120.343704   168.457260  78.696152
-120.295609   168.429733  78.685631
-120.231133   168.392548  78.672356
-120.144516   168.344925  78.645096
-120.067123   168.292450  78.625160
-119.990852   168.237106  78.608574
-119.948875   168.214615  78.624962
-119.904793   168.208923  78.638985
-119.863312   168.196915  78.648674
-119.826675   168.169128  78.654732
-119.792038   168.150040  78.659836
-119.766823   168.148468  78.667137
-119.737114   168.156525  78.671127
-119.710312   168.160980  78.672256
-119.671257   168.184143  78.673637
-119.651840   168.203629  78.673874
-119.639267   168.223633  78.674103
-119.630310   168.238525  78.673355
-119.622177   168.254486  78.672768
-119.614883   168.270447  78.672493
-119.606964   168.285263  78.671646
-119.601257   168.294708  78.670364
-119.597977   168.305054  78.670326
-119.592979   168.316040  78.669449
-119.590248   168.319565  78.666397
-119.591827   168.317322  78.662796
-119.590889   168.317032  78.657532
-119.591805   168.311508  78.650398
-119.590431   168.307159  78.642700
-119.583900   168.303726  78.634293
-119.576080   168.299545  78.625603
-119.571373   168.296616  78.619102
-119.565384   168.294601  78.614090
-119.560387   168.291763  78.609337
-119.557922   168.292038  78.607994
-119.556915   168.291122  78.607185
-119.554192   168.289307  78.603249
-119.551758   168.285629  78.599915
-119.552666   168.282883  78.599861
-119.551582   168.279907  78.598633
-119.548759   168.277115  78.596695
-119.548752   168.273636  78.597366
-119.550568   168.266022  78.597801
-119.553108   168.269318  78.604340
-119.559326   168.266174  78.609871
-119.566780   168.257584  78.614822
-119.570892   168.249878  78.623520
-119.592224   168.226273  78.636879
-119.602692   168.220169  78.642494
-119.616341   168.208878  78.647705
-119.633369   168.180298  78.649208
-119.654953   168.151245  78.657089
-119.677505   168.120560  78.664917
-119.693100   168.094666  78.684143
-119.715622   168.057388  78.701019
-119.746147   168.019470  78.719620
-119.776009   167.982300  78.733658
-119.800697   167.948563  78.743073
-119.825363   167.924835  78.748398
-119.843323   167.900696  78.751366
-119.871178   167.877670  78.759491
-119.896919   167.856888  78.767624
-119.921532   167.829605  78.774658
-119.942543   167.808640  78.781120
-119.963051   167.784805  78.786919
-119.979919   167.763138  78.791656
-119.994980   167.742996  78.795929
-120.005898   167.720825  78.797935
-120.016495   167.700836  78.799370
-120.029861   167.683426  78.802414
-120.042290   167.666290  78.805237
-120.059036   167.648590  78.810043
-120.074959   167.633148  78.814835
-120.093491   167.620026  78.820190
-120.106049   167.586823  78.816368
-120.112198   167.551544  78.810631
-120.121895   167.527863  78.815933
-120.131462   167.509933  78.820740
-120.136101   167.481323  78.818527
-120.140495   167.452866  78.816010
-120.141624   167.429703  78.823112
-120.143440   167.405609  78.829185
-120.146355   167.382233  78.834763
-120.136314   167.369537  78.842766
-120.127289   167.342667  78.848091
-120.116165   167.288528  78.842407
-120.111504   167.240555  78.834999
-120.096474   167.156494  78.805115
-120.086548   167.058197  78.760750
-120.074501   166.955795  78.716591
-120.071907   166.871674  78.682755
-120.078194   166.784882  78.645927
-120.084618   166.676376  78.578415
-120.118652   166.592941  78.542030
-120.200920   166.518951  78.542603
-120.264397   166.434799  78.498283
-120.334076   166.384689  78.485947
-120.389610   166.366211  78.491081
-120.433998   166.382919  78.504616
-120.533676   166.467453  78.578903
-120.992500   166.935623  78.968803
-121.880745   167.945175  79.301170
-122.469757   169.157211  79.699295
-123.029495   170.634766  80.231766
-123.509773   172.281586  80.731186
-124.016792   174.559326  81.448662
-124.425468   176.854523  82.160667
-125.710358   184.924362  84.889687
-126.225639   187.152481  85.761375
-126.482773   189.709030  86.693169
-126.936371   192.307159  87.643959
-127.709373   194.888763  88.150955
-128.194931   197.306381  88.821037
-128.610306   199.195099  89.166832
-128.885651   200.898895  89.496300
-129.308868   202.403641  89.561531
-129.662094   203.676651  89.703865
-130.117661   204.735458  89.653618
-130.327057   205.437393  89.572014
-130.523575   205.921310  89.436470
-130.584381   206.188278  89.238914
-130.624863   206.276535  88.965004
-130.637024   206.139801  88.601357
-130.623627   205.915558  88.240677
-130.624084   205.062149  87.268112
-130.499725   203.402130  85.686432
-130.106949   200.624985  83.390472
-129.533203   196.717163  81.136116
-129.048111   192.835541  78.803276
-128.566788   188.710571  76.406174
-127.980934   184.406921  74.131073
-126.971809   179.551315  71.822853
-125.900024   174.237747  69.579117
-124.937134   168.863464  67.083191
-123.845070   163.715363  65.248604
-122.483017   158.660217  63.534386
-121.154770   153.223495  61.921143
-120.040726   147.662842  60.366985
-118.697060   142.449036  59.548435
-117.355255   136.809860  58.434597
-116.138145   131.583527  57.347836
-115.258362   126.660568  56.356880
-114.286484   122.041435  55.402245
-113.198364   117.390244  54.561760
-112.038200   112.931488  54.088310
-110.913239   109.066696  53.864758
-110.183098   106.142860  53.707733
-109.272018   103.379318  53.384201
-108.755417   101.224930  53.085510
-108.085030   99.238754  52.773060
-107.532623   97.723907  52.583431
-107.237663   96.805550  52.123135
-106.952171   96.155380  51.859558
-106.775589   95.730064  51.690189
-106.546898   95.413330  51.533916
-106.353661   95.285393  51.384174
-106.237144   95.326004  51.316914
-106.088692   95.492828  51.220242
-106.147484   96.523621  51.115967
-106.320747   98.202789  51.035507
-106.672829   100.172905  51.164680
-107.481216   102.836823  51.493038
-108.419212   105.642433  51.823257
-109.519577   108.455078  52.333748
-110.470596   110.808990  52.906372
-111.640594   113.666473  53.584343
-113.281082   117.719658  54.579151
-115.305664   123.014244  55.977867
-117.313423   128.374939  57.558910
-118.986404   133.412918  58.773285
-120.653275   138.462799  60.394222
-122.301926   143.461746  62.001934
-123.867958   148.263794  63.687603
-125.454910   152.945526  65.082359
-127.113869   157.849197  66.699181
-128.596954   162.775238  68.304955
-129.779175   167.675064  70.195892
-130.679062   172.492294  72.164787
-131.770309   177.157700  73.536064
-132.238403   182.041550  75.197876
-132.784805   186.900833  76.751228
-132.992783   191.464767  78.374954
-132.978226   195.865250  79.859100
-132.465317   200.205551  81.324059
-132.189484   204.257172  82.544693
-131.649353   208.334473  83.724060
-130.871460   211.997665  84.432228
-129.717438   215.427170  85.030212
-128.249023   218.217422  85.252090
-126.843773   221.012695  85.648682
-125.027489   223.127151  85.590492
-123.027634   225.377945  85.570663
-120.945938   227.242538  85.283295
-118.837776   228.837097  84.991783
-116.496567   230.177368  84.719910
-114.023521   230.773605  84.207565
-111.426804   231.020950  83.313454
-108.827652   231.300797  82.530975
-106.303162   231.321838  81.752151
-103.849625   230.915436  80.898499
-101.855034   229.989487  79.914360
-99.865227   228.798737  78.862816
-98.168419   227.418503  78.063087
-96.754631   226.123505  77.538345
-95.211868   223.619995  76.725891
-94.382759   221.241333  75.966103
-94.010841   218.953476  75.428894
-94.084656   216.460098  74.743477
-94.444618   213.863876  74.492317
-94.961548   211.303314  74.455940
-95.964188   208.335541  74.312035
-97.204735   205.351456  74.278755
-98.626038   202.606339  74.254860
-100.406319   200.164871  74.646492
-102.271446   197.605713  74.851509
-104.108459   195.677475  75.524750
-106.147476   193.722748  76.442032
-108.093140   191.882874  76.899239
-110.165352   190.199097  77.480484
-112.219383   189.095062  78.209755
-114.108986   187.984909  78.934891
-115.926552   187.154602  79.919640
-117.855507   186.464462  80.638062
-119.605522   185.903229  81.718163
-121.153336   185.449783  82.447189
-122.540726   185.024475  83.100830
-123.570633   184.539658  83.521194
-124.383804   184.304581  83.935753
-125.195236   184.171951  84.427605
-125.708672   184.179291  84.832581
-126.129707   184.211807  85.243469
-126.437752   184.223419  85.561417
-126.464592   183.828125  85.600868
-126.400169   183.735931  85.574554
-126.108856   183.327744  85.431458
-125.403168   182.651123  85.115807
-124.293839   181.612701  84.564072
-122.841919   180.287857  83.914833
-120.931740   178.376663  82.997871
-118.906342   176.513443  82.044777
-116.984489   174.478546  81.081390
-114.862038   172.174805  80.026131
-112.840706   169.582748  78.748154
-110.574120   166.945084  77.421448
-108.469574   164.207367  76.143044
-105.872841   160.960220  74.915558
-103.519836   157.774536  73.767288
-100.919823   154.552734  72.834183
-98.468132   151.002121  71.655640
-96.055275   147.503220  70.611725
-93.525299   143.982285  69.706161
-91.072044   140.541168  68.651207
-88.912231   137.643311  67.897263
-86.853180   134.935272  67.231201
-84.177567   132.067719  66.524239
-81.934090   129.643845  65.733116
-79.054741   127.410698  65.071877
-76.870811   126.135956  64.688828
-75.138962   125.375443  64.309258
-73.536224   124.915749  63.930710
-71.466026   124.629959  63.434673
-69.895424   124.638092  62.964859
-68.363083   125.072777  62.508221
-66.949921   125.625458  62.166046
-65.785606   126.617233  61.773979
-64.723152   127.950478  61.198067
-63.752430   129.639313  60.832054
-62.969410   131.306900  60.778904
-62.313366   133.633438  60.694622
-61.871876   136.375885  60.813839
-61.630772   139.357117  61.006538
-61.562935   142.947632  61.222816
-61.841946   146.479065  61.380707
-62.540073   150.391556  61.833149
-63.129803   154.269302  62.196007
-63.630917   157.462189  62.578297
-64.262054   160.331436  63.188946
-65.058418   163.612137  63.898022
-66.469131   167.401489  64.147087
-67.261871   170.748154  64.519844
-67.837181   173.398392  65.073418
-68.694771   176.248108  65.679420
-69.295341   178.768799  66.212662
-69.942299   181.052017  66.724564
-70.542694   183.244293  67.158760
-70.855774   184.691650  67.470604
-71.065178   185.807617  67.778030
-71.236557   186.632187  67.984970
-71.456383   187.462524  68.282578
-71.808601   188.223312  68.524384
-72.114594   188.677979  68.673325
-72.278435   188.836823  68.750671
-72.366425   188.812302  68.764900
-72.429520   188.671112  68.767456
-72.532547   188.285568  68.771751
-72.575142   187.160873  68.832726
-72.561768   185.770462  68.927650
-72.064285   182.959915  69.086868
-71.299126   179.811340  69.430984
-70.410141   176.312988  69.757622
-69.475189   172.868393  70.111000
-68.613678   169.935104  70.510666
-67.632416   166.815567  70.567520
-66.702469   163.631729  70.599167
-65.753998   160.507065  70.673126
-64.758789   157.155380  70.702766
-63.494053   153.838058  70.656342
-62.635464   151.281311  70.599739
-61.220192   148.221893  70.341217
-59.814468   145.895126  70.139267
-58.258881   143.593109  70.019363
-56.832962   142.039154  69.996750
-55.408691   140.604797  69.854958
-54.135590   139.524536  69.696449
-53.271835   139.017700  69.547569
-52.646675   138.776184  69.507713
-51.231327   138.601303  69.213638
-49.816559   138.985718  68.714417
-48.640232   139.740784  68.534531
-47.337860   140.677963  68.357086
-46.365425   141.733154  68.169228
-45.460110   143.137558  68.046051
-44.531532   145.221329  67.847580
-43.496906   147.537811  67.595833
-42.977798   150.363617  67.592850
-42.256378   153.587021  67.496918
-42.285179   157.287766  67.782761
-42.377670   160.430786  67.899033
-42.859737   163.691254  68.155830
-43.324032   167.253555  68.407967
-43.520130   170.292938  68.723549
-43.821438   173.331512  69.060059
-44.243267   176.194611  69.263092
-44.689533   179.479874  69.578186
-45.015907   181.801193  69.938034
-45.310047   184.462311  70.334991
-45.525352   186.459885  70.613510
-45.833088   188.382233  70.703781
-46.137592   189.859314  70.648827
-46.437126   191.120026  70.617622
-46.825912   192.338455  70.681114
-47.155704   193.111435  70.721069
-47.385769   193.560638  70.773682
-47.551067   193.761017  70.814346
-47.747349   193.758698  70.877708
-47.859875   193.625061  70.898895
-47.980526   193.325043  70.935791
-48.168076   192.391800  70.915337
-48.341446   190.820236  70.826401
-48.700558   188.707504  70.591599
-48.840168   185.928802  70.665649
-48.214882   181.879974  70.061989
-47.508484   177.917526  70.201904
-46.593857   174.244232  70.356941
-45.780605   170.405045  70.436707
-44.990562   166.792236  70.190308
-44.085655   163.415527  70.107964
-40.134632   151.814011  69.473518
-39.059093   149.359741  69.069344
-38.124752   147.060455  68.681999
-36.933983   144.873718  68.286957
-35.722660   142.834579  68.122833
-34.520554   141.236938  67.943436
-33.349388   140.064316  67.728127
-32.239109   139.222626  67.412415
-31.291739   138.720535  67.128159
-30.507835   138.527054  66.853088
-29.706814   138.487381  66.598503
-28.747725   138.847885  66.315659
-27.895107   139.561096  66.233322
-26.929649   140.816330  66.153091
-25.996563   142.588821  65.919716
-25.095215   144.661530  65.689178
-24.389427   147.183868  65.761322
-23.859121   150.390259  65.619041
-23.455925   153.745331  65.670303
-23.186024   156.730057  65.506599
-22.892614   160.101639  65.195282
-22.630650   163.692169  65.085464
-22.320272   166.532745  65.139648
-22.057564   169.768646  64.797379
-21.509657   173.005386  64.861893
-20.962013   176.393372  64.920509
-20.408218   179.597610  64.910011
-19.906809   182.077103  64.604919
-19.396826   184.261108  64.729355
-18.535892   187.098206  64.785599
-17.969864   188.744339  64.881012
-17.105091   190.376114  64.978523
-16.176626   192.224106  65.013199
-15.294480   193.496201  65.005798
-14.277089   194.876434  65.066765
-12.977047   195.942123  64.492821
-11.821971   196.793442  64.088730
-10.877005   197.247009  63.864212
-9.955334   197.663437  63.711643
-9.096901   197.791687  63.464314
-8.450677   197.769028  63.205120
-7.924904   197.597702  62.989803
-7.527332   197.441574  62.822395
-7.262921   197.336823  62.710880
-7.082069   197.211929  62.633324
-6.978486   197.073380  62.558060
-6.969737   196.931717  62.507206
-7.078948   196.744293  62.433525
-7.445234   196.535706  62.454674
-7.953425   196.362473  62.509880
-8.669035   196.170959  62.681690
-9.633613   195.924911  62.947002
-10.885721   195.562775  63.191284
-12.202330   195.253952  63.451572
-13.838731   194.857452  63.869438
-15.571399   194.527588  64.440781
-17.411512   194.202545  64.989906
-19.413387   193.554764  65.619354
-21.380039   192.969299  66.350357
-23.306709   192.190613  67.226112
-25.316330   190.926392  67.867317
-27.202179   189.547684  68.471733
-28.970480   187.773560  68.836815
-30.629847   185.548721  69.303551
-32.193665   182.782486  69.930748
-33.259441   180.128952  70.396240
-34.178322   176.467972  70.845268
-34.608456   173.116287  70.986023
-34.741375   169.500549  70.982315
-34.600044   165.778732  71.071190
-34.342823   162.301956  70.923889
-33.745617   158.179504  70.574921
-33.204098   155.015335  70.363121
-32.326904   151.294937  69.847496
-30.691925   147.402832  69.564445
-29.066990   143.915176  69.199280
-27.292641   140.975250  68.997185
-25.119995   138.047333  68.649765
-23.033876   135.928696  68.519142
-20.676466   133.625412  68.174034
-18.239990   131.540909  68.091080
-15.994277   129.975220  67.915962
-13.499673   128.597107  67.649017
-11.070984   127.544418  67.307175
-8.820092   126.975288  66.952454
-6.485054   126.779366  66.423393
-4.075487   126.749207  65.903839
-1.678058   127.232605  65.228462
0.747870   128.099045  64.484550
2.846114   129.668961  63.920116
5.000190   131.759903  63.183632
6.911556   134.411469  62.652054
8.695957   137.491776  62.171616
10.285813   141.685364  61.598396
11.738014   145.347748  61.118526
12.854596   149.034927  60.857567
13.920467   153.490341  60.686520
14.894998   159.381287  61.095825
15.832114   166.166763  61.757465
16.166668   172.420898  62.660320
16.365225   178.744446  63.539635
16.267796   185.473389  64.443558
16.361012   191.886017  65.672890
15.841402   197.412720  66.817772
15.473619   203.769836  68.071548
15.236339   210.019989  69.171776
14.524514   215.107819  70.113411
13.813342   220.624207  71.023170
12.990706   225.920135  72.284782
11.730079   230.556274  72.202873
11.040094   236.035980  73.722427
10.576530   241.084290  74.775322
10.107092   245.485168  75.486481
9.457864   249.302780  76.506493
8.944784   252.401077  77.522598
8.679541   254.769135  78.205322
8.246998   256.899811  78.756447
7.734949   258.811981  79.187241
7.290589   260.635193  79.555534
6.691328   262.302856  79.895798
6.166845   263.644836  80.181801
5.754585   264.541809  80.361046
5.373401   265.131012  80.457382
5.120594   265.406494  80.445686
4.862799   265.163605  80.428009
4.593112   262.639038  79.740150
4.542788   260.830444  79.320671
4.584535   256.421539  78.164764
4.664538   250.434631  76.578506
5.028781   243.565521  74.930687
5.735238   237.044861  73.559570
6.740358   230.646118  72.398689
8.011546   224.923615  71.794289
8.872109   218.508224  70.812988
9.876505   211.998230  69.709023
11.194415   205.757385  69.242409
12.655968   199.595474  68.955574
13.980817   193.652725  68.302956
15.174829   187.701080  67.390793
16.275282   181.316223  66.354858
17.168596   175.250748  65.678085
18.462181   169.422852  65.737930
19.678732   164.256653  65.577286
21.129189   159.094788  65.525139
22.120914   154.712692  65.716034
23.337074   150.323761  65.641426
24.044235   146.313843  65.899261
24.860785   142.698227  66.131187
25.563616   139.630157  66.275436
25.686089   137.201660  66.581718
26.013412   135.086121  66.899017
26.394810   133.518723  67.087044
26.586235   131.822876  67.409630
26.616322   131.291275  67.510902
26.527468   130.897400  67.579330
26.417442   130.695145  67.605362
26.285881   130.630936  67.606377
26.089325   130.854294  67.593437
25.724382   131.737427  67.599380
25.284533   133.316071  67.462074
24.502527   135.628387  67.239441
23.847012   138.267731  66.810555
23.164284   141.385681  66.476555
22.024069   144.821442  66.250221
21.166908   148.422714  66.119011
20.234240   152.671967  66.519958
19.419008   157.126602  66.715622
18.846216   161.149902  67.220650
18.164328   165.219025  67.680618
17.785877   169.363266  68.318085
17.593185   172.795639  68.971756
17.279387   176.371521  69.573235
16.842211   180.614258  69.405884
16.738663   184.294327  69.771042
16.661047   189.161346  70.701782
16.407021   192.012756  71.410530
16.565371   194.348358  72.018631
16.818710   196.101624  72.219246
17.132959   198.206223  72.308502
17.566666   200.565659  72.322395
18.122322   202.154358  72.293884
18.785025   203.654755  72.205887
19.612400   205.103363  72.053749
20.628153   206.329147  71.632370
21.747923   207.232040  71.305412
22.911369   207.950165  71.020897
24.144238   208.436737  70.749054
25.362324   208.626846  70.479813
26.722443   208.493546  70.049294
27.968710   208.282623  69.702286
29.314505   207.486954  69.327789
30.605049   206.538071  69.051353
31.804142   205.444260  68.721191
33.092468   204.065765  68.561264
34.299648   202.532196  68.378487
35.196671   200.430145  68.060028
36.328953   197.762711  67.963196
37.311443   194.971176  67.615303
38.513863   191.995163  67.439438
39.439259   188.782761  67.212097
40.452412   185.640091  66.981247
41.462860   182.426193  66.819885
42.276817   179.178818  66.710609
43.132679   175.929382  66.687279
44.051327   172.635147  66.725281
45.103554   169.041443  66.941933
46.170807   165.577316  66.652542
47.085606   162.558167  66.729645
48.261490   159.665344  66.819992
49.645847   157.151657  66.947006
50.894096   154.986572  67.024635
52.229332   152.974991  67.090225
53.409794   151.139145  67.230682
54.626648   149.602356  67.167168
55.557026   148.383774  67.100899
56.635826   147.267639  67.040932
57.620644   146.360229  66.967323
58.539993   145.600525  66.904579
59.620510   145.073441  66.670509
60.460510   144.687256  66.479172
61.137878   144.615814  66.365250
61.680977   144.720474  66.300026
62.068851   144.866837  66.252960
62.669056   145.359558  66.150093
63.226048   146.084106  66.000076
63.998367   147.614914  65.683868
64.762741   149.888641  65.275185
65.163597   152.047302  64.979889
65.410667   154.769882  64.627068
65.582893   157.785980  64.191078
65.757896   161.111557  64.006363
65.405968   164.686966  63.564770
64.967682   167.606766  63.515518
64.582153   170.943466  63.653038
63.948929   174.239227  63.803246
63.303909   177.824112  63.835232
62.909000   180.707794  63.827023
62.491604   183.426712  63.930801
62.133259   186.470062  64.306160
61.653275   189.262131  64.760437
61.061825   191.883240  65.153229
60.506496   193.844070  65.352654
60.001953   195.686020  65.621910
59.628311   197.289291  65.834404
59.284966   198.576401  66.078865
58.916508   199.640854  66.389473
58.705261   200.395844  66.630966
58.564274   200.883484  66.787514
58.464279   201.201035  66.895546
58.217018   200.709091  66.910583
58.104942   200.308105  66.900017
57.939335   198.658508  66.859383
57.824272   195.890778  66.878586
58.007202   192.631363  66.563850
58.081486   189.731903  66.356003
58.298042   186.678711  66.210815
58.481777   183.163010  66.015823
59.187504   179.335648  66.006943
59.950211   175.576782  66.253548
60.879761   171.710495  66.239960
61.776001   167.975494  66.167305
63.085835   164.229492  66.145775
64.311615   160.909073  66.524796
65.742821   157.079895  66.705719
67.385353   154.388916  66.648705
69.075737   151.935303  66.799858
70.782318   149.488846  66.876350
72.459618   147.262253  66.651497
74.130424   145.324051  66.594437
75.766678   143.633987  66.476227
77.406418   142.114365  66.224983
78.910782   140.745300  65.932228
80.410393   139.784271  65.596085
81.824471   139.328842  65.318024
82.814720   138.997833  64.908089
83.916771   138.989807  64.629700
85.081146   139.460632  64.387459
86.139656   140.199051  64.222626
87.136322   141.075378  64.196342
88.467064   142.758682  64.215919
90.038422   145.383286  64.138000
91.680016   148.983322  64.119621
93.013153   152.912201  64.162292
94.144020   157.545410  64.142738
94.951500   162.412476  63.846794
95.129288   166.436035  64.043106
95.246719   170.651505  64.307251
95.274055   174.997375  64.664581
94.902458   180.007431  65.464539
94.281738   184.874695  66.065056
93.400909   190.298111  66.725487
92.223923   195.854889  67.702728
90.511925   201.301025  68.952271
88.611328   206.582397  70.391113
86.485298   211.260025  71.660675
83.914764   215.542328  72.902550
81.365547   219.155106  74.061203
78.488991   222.561722  75.174843
75.452347   225.330261  76.116676
72.093292   227.587997  76.888412
68.746841   229.405060  77.585098
65.058510   231.068130  78.262604
61.077641   232.151733  78.868439
56.718185   232.907104  79.593773
52.200756   232.958405  80.619148
47.272705   232.231049  81.351967
42.343082   231.043243  81.967766
37.204510   229.549286  82.628738
32.263714   227.027206  83.323952
27.685230   224.616623  84.026695
23.209538   221.104050  84.996155
18.813509   217.572159  85.456909
14.797428   213.006622  85.936600
11.255878   208.249680  85.981888
8.459661   204.069733  85.921883
6.183547   199.050888  86.116379
4.453137   194.378876  86.161110
3.361108   190.587723  85.897369
3.200982   186.935196  85.894012
3.936885   183.715179  86.121223
5.531494   180.918396  86.048813
8.163287   178.527512  85.752342
11.803182   176.360046  85.383804
16.259157   174.767746  84.723534
21.313848   173.338760  83.982574
26.917313   171.830460  83.202652
32.898838   170.976517  82.355949
39.018906   169.936539  81.644005
45.078377   168.905289  80.812248
50.814362   167.998566  80.299759
56.204048   166.952332  79.802391
60.939064   165.643890  79.444771
64.639374   164.578156  79.024124
67.081635   163.364899  78.815491
68.512398   161.851334  78.571701
69.045959   160.734924  78.551025
68.810654   159.228485  78.614632
67.635010   157.417053  79.049133
64.895340   155.238434  80.062279
61.532227   153.119644  80.916412
57.507919   150.932632  81.680260
53.066998   148.048828  82.619064
47.927574   144.796097  83.501663
42.900066   140.831146  84.816879
38.628281   136.901291  85.652519
34.899715   132.994873  85.415916
32.881775   129.529053  85.798454
31.852098   126.722389  86.106018
31.203808   123.907516  86.048462
31.217117   122.723763  86.001282
31.551851   121.436447  85.834625
32.500729   119.895515  85.546326
34.836529   118.101982  85.079277
38.632622   117.120819  84.171471
43.336853   117.085526  83.044350
48.157242   117.206810  81.707977
53.142838   117.969978  80.159950
58.021374   118.553177  78.848724
62.727497   119.358795  78.029907
67.514534   119.848587  76.952263
71.259621   120.386787  76.409714
74.233040   121.038109  76.339302
76.413246   121.438370  76.050964
78.339218   121.662689  75.523659
79.499847   121.805153  75.203392
80.173836   122.116974  75.171410
80.588829   122.449760  75.055298
80.559059   122.795662  74.916878
80.275932   123.265625  74.884796
79.377975   124.258072  74.944244
77.903969   125.858208  74.994217
76.286812   127.690979  75.116051
74.710976   130.162308  75.535477
72.968063   132.933487  75.975929
67.251373   144.929916  77.570709
65.781067   147.754654  78.148048
64.017479   151.956665  79.343857
62.288876   156.193710  80.941826
60.764359   160.383850  82.617905
58.852066   164.555679  84.245018
57.028431   168.952164  86.564117
55.173168   173.421234  89.010239
53.277637   177.349625  90.935684
51.548195   180.610031  92.473846
49.667610   184.114395  94.066963
47.977634   187.421646  95.458824
46.180363   190.778427  96.817917
44.499268   193.802353  97.598816
43.151604   196.634918  98.437126
41.859844   199.161758  98.990974
40.737740   201.563217  99.238182
39.781944   203.412262  99.359009
39.097092   205.107132  99.462006
38.545822   206.918793  99.544167
38.094494   208.778412  98.671432
37.671516   210.362976  97.003159
37.625671   211.285507  96.003197
37.662563   212.106995  94.989273
37.735130   212.587494  92.988007
37.889301   212.499939  90.108360
38.436295   212.238556  87.817421
39.129513   211.453064  85.123726
39.668423   210.046677  81.658691
40.287453   208.532303  78.290741
40.946182   206.962372  75.690582
41.600483   205.393784  72.675095
42.118298   204.019089  70.324081
42.452694   202.738205  68.364510
42.578354   201.633301  66.712578
42.549725   200.660583  65.311394
42.510757   200.120865  64.480278
42.508949   199.724167  63.889824
42.402580   199.263962  63.382759
42.304836   198.952484  63.005325
42.207035   198.726791  62.700451
42.077332   198.523605  62.426125
41.948143   198.317139  62.160236
41.845119   198.213089  61.961666
41.765850   198.122864  61.807018
41.699913   198.084290  61.692112
41.604370   198.004807  61.580078
41.563992   197.946823  61.507179
41.531441   197.911926  61.446308
41.506687   197.867737  61.393398
41.489933   197.818268  61.345604
41.467831   197.694839  61.316128
41.471825   197.539291  61.291645
41.465210   197.322159  61.264149
41.447483   197.096069  61.240700
41.446518   196.889206  61.209507
41.442276   196.689575  61.180222
41.428795   196.509750  61.147346
41.415619   196.350922  61.117428
41.406170   196.221222  61.089951
41.398220   196.106491  61.065445
41.393112   196.014404  61.045448
41.389263   195.934875  61.027973
41.389065   195.864243  61.012161
41.389717   195.791885  60.992451
41.391190   195.713043  60.965904
41.392460   195.644272  60.942535
41.406292   195.587189  60.922981
41.419849   195.539749  60.905247
41.432880   195.499924  60.889008
41.447281   195.465851  60.873070
41.468227   195.426483  60.859974
41.488392   195.393463  60.847992
41.507076   195.369278  60.837406
41.523399   195.354004  60.827385
41.533958   195.355225  60.818474
41.543823   195.361191  60.808395
41.551369   195.362762  60.795097
41.556950   195.328156  60.757774
41.563652   195.298828  60.722301
41.573586   195.279099  60.689674
41.578926   195.261612  60.667995
41.584511   195.257248  60.651253
41.589100   195.255707  60.634644
41.591984   195.240921  60.618671
41.592716   195.223022  60.602375
41.593502   195.219772  60.592785
41.596077   195.219315  60.583950
41.605534   195.252441  60.581596
41.614918   195.283447  60.578770
41.622047   195.293060  60.574566
41.638088   195.283249  60.562149
41.656712   195.286728  60.551472
41.676273   195.281693  60.541233
41.698029   195.279602  60.530087
