-28.155172   130.013641  55.262348
-28.050131   130.373520  55.034565
-28.028248   130.448975  54.978558
-28.007832   130.516663  54.921806
-28.005764   130.551987  54.917179
-28.006313   130.571320  54.903038
-28.009439   130.653671  54.888615
-28.006739   130.661209  54.880772
-27.971676   130.796967  54.827007
-27.949188   130.960754  54.787106
-27.932049   131.001862  54.765858
-27.890364   131.137634  54.738495
-27.860712   131.223190  54.699829
-27.827604   131.324249  54.660217
-27.814198   131.371582  54.641506
-27.796240   131.408676  54.617966
-27.782679   131.438522  54.593163
-27.772579   131.456543  54.576569
-27.759743   131.462311  54.559746
-27.741261   131.464142  54.543236
-27.726107   131.464951  54.534977
-27.711563   131.453781  54.519997
-27.696859   131.437134  54.503735
-27.674112   131.423355  54.488201
-27.638472   131.418793  54.470760
-27.621069   131.417862  54.464218
-27.595787   131.416885  54.455593
-27.568783   131.413193  54.447411
-27.555569   131.411728  54.443867
-27.543800   131.403519  54.442474
-27.525681   131.388901  54.437115
-27.501390   131.347656  54.435329
-27.484793   131.338348  54.432446
-27.465076   131.294250  54.428799
-27.443476   131.293320  54.423267
-27.409977   131.283478  54.416130
-27.372458   131.268768  54.408085
-27.323452   131.257339  54.395424
-27.308254   131.255234  54.391266
-27.284107   131.253357  54.384056
-27.260845   131.249420  54.377243
-27.237310   131.249786  54.369587
-27.226326   131.241989  54.369137
-27.208101   131.225525  54.366478
-27.191132   131.219376  54.362549
-27.180101   131.217377  54.359749
-27.164486   131.210602  54.358128
-27.179329   131.153992  54.386658
-27.211634   131.044495  54.446289
-27.221779   130.988342  54.478462
-27.227545   130.939713  54.509201
-27.233480   130.872879  54.557480
-27.234058   130.846359  54.585732
-27.228487   130.816299  54.606636
-27.209608   130.805405  54.621212
-27.193844   130.778992  54.630222
-27.189028   130.743835  54.663765
-27.186802   130.681305  54.701908
-27.175924   130.674255  54.717884
-27.174307   130.556290  54.785046
-27.178406   130.511505  54.812885
-27.165899   130.511154  54.823353
-27.159456   130.515518  54.828793
-27.155647   130.513260  54.833298
-27.150066   130.515259  54.836926
-27.144779   130.505646  54.837574
-27.137455   130.491852  54.838531
-27.133532   130.485199  54.838203
-27.125015   130.480637  54.837868
-27.114344   130.480148  54.837273
-27.104273   130.477936  54.836224
-27.092297   130.605927  54.858250
-27.083849   130.583755  54.850231
-27.077749   130.569595  54.847355
-27.062557   130.522476  54.860973
-27.031500   130.420868  54.863956
-26.883392   130.292282  54.970936
-26.702290   130.065933  55.115654
-26.463243   129.829239  55.280064
-26.237835   129.531036  55.395184
-25.963326   129.218170  55.483757
-25.666864   128.849503  55.549847
-25.359549   128.237686  55.545670
-25.112244   127.605492  55.461952
-67.291710   207.368057  54.677643
-67.058655   205.681152  53.164562
-66.360153   202.650558  50.400513
-65.849579   199.562805  47.816269
-64.826767   191.848373  42.033276
-64.323135   188.118118  39.471996
-63.938435   184.329575  37.326836
-62.992260   176.362518  33.139874
-62.715816   172.034866  31.105560
-62.145962   167.195541  29.066963
-61.875935   162.297684  27.649107
-61.542679   157.664597  26.455198
-61.010494   153.029907  25.426418
-60.500206   148.022873  25.489004
-59.877472   143.482452  25.972963
-60.369545   134.611099  26.922215
-60.719707   131.292023  27.423208
-60.831520   126.882172  27.517155
-61.042892   122.312302  27.625101
-62.114315   117.760696  28.525331
-62.761787   113.482101  29.443037
-63.242638   110.507599  30.173086
-64.458488   106.743835  31.408623
-65.342453   104.226151  32.241497
-69.026703   96.837685  35.575638
-71.068787   94.336174  37.042690
-76.935356   89.932083  41.384663
-79.448273   88.934258  43.197426
-82.112335   88.453430  45.027946
-85.773857   90.162346  46.919674
-88.874809   91.557297  48.322132
-91.468445   92.944984  49.169117
-96.201988   97.459038  50.478718
-100.544739   101.249062  51.995945
-102.330719   103.516251  52.592346
-104.013100   105.873009  53.274517
-105.049118   108.248520  53.895061
-105.725952   110.583252  54.209377
-106.487846   113.056328  54.550098
-107.065117   115.707428  54.844273
-107.575325   120.211456  54.833115
-107.954277   124.955948  54.947372
-108.285332   129.239365  54.971256
-108.381485   132.835846  54.755871
-107.913399   136.163803  54.771694
-107.110382   139.943893  54.836651
-105.537056   143.894562  54.369049
-104.281792   145.271454  54.599842
-100.662857   147.093109  53.800068
-98.993179   147.694901  53.504929
-96.646919   147.871033  52.986633
-94.483101   147.303329  52.323544
-92.248123   146.338852  51.683811
-89.526726   144.856445  51.278725
-87.012985   142.818390  50.720695
-80.711479   137.919220  49.150593
-77.778778   135.735077  49.121120
-74.414833   132.642609  48.506474
-70.837303   129.422592  47.996735
-67.417542   126.723495  48.402332
-63.949009   123.449745  48.752129
-60.261276   120.520180  48.958443
-47.666199   115.038132  48.880806
-45.140011   112.940674  48.334839
-41.829311   111.450623  47.866062
-38.169704   110.342743  47.405594
-34.551456   109.261009  46.766411
-31.026075   108.180984  45.853558
-27.337618   108.762825  45.527824
-23.489506   109.036705  44.947643
-20.352264   108.845261  44.163124
-16.924490   109.523766  43.367355
-13.251707   111.714355  42.790962
-9.805137   114.073730  42.316406
-6.415214   117.297852  42.076160
-3.550483   120.002068  41.719543
-1.073923   122.142181  41.009640
2.101925   125.139793  39.884258
4.887645   129.211105  38.701637
6.955527   133.237000  38.289215
9.315382   137.319412  37.337715
11.531849   141.148102  36.400864
13.464331   145.537460  35.846008
15.230994   150.378281  35.908169
16.823339   155.114868  35.483974
18.134792   159.498215  34.785835
19.044733   164.518433  34.566586
19.586346   169.985748  34.188694
19.620758   175.788239  33.920410
19.206972   181.203476  33.934277
18.261663   186.797073  33.793785
17.135756   192.608475  34.580639
15.130385   198.476746  33.270931
12.576476   203.330978  32.897839
9.550256   208.696106  33.854679
6.739270   212.962753  34.650425
3.394901   217.738159  35.466286
-0.894498   222.460953  35.805389
-5.785380   226.978378  36.466824
-11.205892   230.641678  36.989582
-16.773178   233.535172  37.720394
-22.103914   236.451294  39.050858
-27.691034   238.808411  40.474693
-33.244495   240.876114  41.788372
-39.011032   242.608200  42.976814
-44.903202   243.466629  43.685322
-50.769455   243.695358  44.066044
-56.995411   243.456238  44.479889
-63.141838   242.293442  44.336285
-69.322227   240.226746  44.432690
-75.777000   237.090790  44.464939
-81.082802   234.247772  44.590290
-85.344116   230.156479  45.432926
-89.620483   225.035767  45.795780
-92.901611   220.118179  45.175838
-96.942039   212.451355  43.884628
-100.191643   205.167419  42.740166
-103.988853   192.297394  41.919987
-104.803780   187.886337  41.671413
-104.765594   182.455048  42.002796
-104.380852   175.156082  41.761673
-102.091843   168.746216  41.245174
-99.519768   163.654968  40.788574
-96.787247   159.288193  40.663292
-93.507820   155.214233  39.961395
-90.027206   151.414856  39.572971
-86.545311   146.472488  39.620541
-83.077866   143.219635  39.246639
-79.027550   140.504349  39.053238
-75.027534   137.412415  39.355682
-71.481575   136.214859  39.386456
-67.766586   135.572205  39.259544
-64.024902   135.050766  38.561581
-60.243031   135.125061  37.306515
-57.029549   135.250717  36.647480
-53.628006   135.151398  36.050713
-50.943275   135.222290  35.667263
-48.122047   135.392746  35.187202
-45.547878   136.549652  34.958118
-42.902443   138.417542  34.266525
-40.660511   140.761276  33.398220
-38.372417   144.242020  32.964119
-36.697441   148.615829  32.582542
-34.957767   153.287628  31.929483
-33.853367   158.210007  32.024429
-33.525696   163.445389  32.307808
-33.438923   167.794296  31.939754
-33.731453   172.491928  31.815765
-34.028526   177.755142  32.114693
-34.573830   183.022552  32.645443
-35.335423   188.632324  33.912727
-36.715706   193.641190  34.780396
-37.797180   198.796173  35.464352
-39.302330   203.335175  36.594036
-40.601376   208.400085  37.713535
-42.080677   213.377029  39.127945
-44.836189   220.907974  41.538872
-45.583393   223.264297  42.512802
-46.456081   225.998856  43.576073
-47.318462   228.100098  44.389645
-48.328312   230.266312  45.351677
-49.292618   231.906448  46.087055
-49.826729   232.890335  46.319908
-50.269337   233.462448  46.440678
-50.539349   233.501251  46.429516
-50.767406   232.216324  46.941212
-50.766350   230.382126  46.774197
-51.092094   227.841202  47.404709
-50.992306   223.810150  47.293713
-50.777931   220.022476  48.243111
-50.727249   217.316193  48.496563
-50.223804   209.961395  45.757122
-50.045635   201.633194  42.616508
-49.696903   193.103821  40.367435
-48.723656   184.092880  38.751682
-46.734486   165.892899  39.675411
-45.040688   156.229553  39.776566
-43.642124   146.148819  40.650257
-42.102112   134.089142  40.474873
-40.866108   123.746094  41.119480
-39.749603   113.460320  42.008923
-37.891014   105.337738  41.987194
-36.727028   95.129601  43.776695
-34.917641   87.509987  45.043488
-35.428509   82.626312  40.153091
-33.689262   80.558327  40.272446
-32.895302   78.129860  41.160809
-32.255753   75.836960  42.011166
-18.351871   72.757622  57.875771
-11.626363   70.081245  65.595589
-9.351234   68.969727  68.236382
-8.333120   68.644341  69.448616
-7.939926   68.734062  69.897858
-8.529286   70.339844  69.519958
-10.053721   73.739822  68.075935
-11.801779   78.554031  66.449821
-13.064002   83.319916  65.324921
-13.754864   87.513329  64.799652
-15.293913   90.818642  68.118515
-16.706263   94.054817  74.226799
-18.673502   98.380341  78.435379
-20.751314   103.227280  80.363945
-21.841997   111.011894  81.199562
-22.370869   120.298576  79.967331
-23.051729   127.380241  79.301193
-23.777292   133.968399  78.428757
-26.493164   141.197525  78.995972
-28.124765   146.855789  78.948135
-29.768696   152.578568  78.923714
-31.334686   158.206421  78.943138
-32.733250   163.173218  78.446709
-34.833782   169.612167  78.061554
-37.332584   174.982544  77.055786
-38.903820   181.309677  75.484108
-40.982639   184.932251  74.782944
-43.168480   188.886185  73.713432
-45.034660   190.812485  73.440437
-46.986748   193.223282  71.777634
-49.050064   195.538651  70.315956
-50.224800   198.085220  69.880157
-51.019299   200.150131  68.951874
-50.807903   202.208084  67.976959
-49.839935   205.154037  66.435448
-49.002823   208.227005  64.467262
-47.998386   211.207458  62.460506
-46.268864   214.358490  60.747528
-43.578289   217.414688  58.880196
-40.146114   220.176178  57.473072
-36.423618   222.282486  56.578426
-32.794987   224.480209  55.669479
-28.846781   227.271469  53.836731
-24.850090   228.975327  52.570297
-21.267441   229.708725  51.175686
-17.591614   230.079483  50.308159
-14.069128   229.105286  50.122066
-10.310877   227.013779  49.341053
-7.929137   223.742065  49.969227
-5.712998   220.357574  49.906357
-3.302065   215.647827  49.829575
-1.294261   210.696350  49.211094
0.176695   204.488480  47.960209
1.531488   198.548233  48.171509
2.298655   193.132507  48.821144
2.193031   187.963913  49.498409
2.318626   181.109161  50.268036
1.222734   174.613937  51.109352
-0.790993   168.631958  51.889206
-2.808570   163.395813  52.031063
-5.138386   158.893646  52.308273
-8.039882   154.171127  52.465778
-11.482258   150.531036  53.264267
-16.282436   146.624954  53.887177
-21.302908   142.746002  55.000359
-27.557547   137.632706  57.096676
-33.733383   132.420349  59.114410
-39.736217   127.732475  61.325012
-45.150673   123.106247  63.369839
-49.591621   119.217331  65.150932
-52.997845   115.700531  66.712151
-55.510853   112.912994  68.226418
-57.407806   109.530518  70.172562
-58.720734   106.894089  71.883667
-59.886581   104.230026  73.271629
-59.942894   100.962952  74.202209
-59.920815   98.636673  74.784134
-59.800182   96.595367  74.830101
-59.049793   95.106155  74.706306
-58.237610   94.254692  74.341957
-56.609936   93.655441  73.960899
-54.249958   94.337372  73.554924
-51.822884   94.908432  72.743195
-48.872501   95.897034  71.924294
-44.959087   97.257469  70.163406
-41.267673   98.133255  68.727737
-37.034084   99.168190  66.977631
-33.517948   100.757919  65.247009
-29.873598   103.288788  64.177803
-26.168646   105.856438  62.756832
-22.437922   108.908592  61.265278
-18.544378   112.813309  59.581062
-14.981901   116.341125  58.272896
-11.549539   120.393784  56.548965
-8.171400   126.182304  55.223827
-5.138072   131.989014  53.642990
-2.304714   137.524048  52.178543
-0.056446   142.930069  51.495056
1.943518   149.606400  50.633644
3.022961   155.259369  49.936852
3.825978   162.140213  49.155289
4.427096   168.843964  48.508209
4.711110   175.641510  47.747581
4.419810   182.020645  47.288170
3.433565   189.189194  46.767231
2.542903   195.296967  46.595287
1.831333   202.197403  46.414795
0.369139   208.382263  46.024597
-2.742388   214.177124  47.051792
-5.123146   218.752823  48.166641
-7.403831   222.052139  49.244846
-9.752083   224.450104  49.846001
-24.538858   232.236526  54.562500
-27.309923   231.755936  55.276375
-32.269939   227.952026  55.953285
-36.348244   224.292801  56.765244
-40.564930   220.349457  57.843925
-51.457790   207.314636  59.962883
-53.125977   203.137024  60.805130
-54.588207   198.298203  61.099785
-55.373829   193.109146  61.412239
-55.631546   187.922684  62.074478
-54.735916   183.273254  62.598701
-54.001259   179.870560  63.349300
-52.652412   175.575272  63.709858
-50.778717   171.093857  64.584724
-49.079578   168.173065  65.739250
-46.760216   164.175766  67.351067
-44.238567   160.344910  68.271103
-41.271595   155.890106  69.282394
-38.536911   152.448212  70.411804
-36.008667   148.494293  70.980125
-32.930344   144.780121  72.090393
-30.716486   141.050629  72.348663
-28.914272   138.558929  72.904350
-26.614799   134.718781  74.125877
-24.487877   131.329880  75.195679
-22.250019   128.269058  75.996643
-20.560137   126.045692  76.755493
-18.460848   123.169891  77.361649
-17.153067   121.089172  78.096756
-16.383654   119.399445  78.756866
-16.078466   117.338142  79.552368
-16.633810   114.368179  80.596985
-17.502333   111.834892  81.256851
-18.557703   109.406059  81.868378
-19.905243   107.168587  82.485603
-21.176405   105.569664  82.930870
-23.205593   104.300781  83.206131
-24.960999   103.291115  83.721001
-26.543396   102.711189  84.019485
-27.993721   102.432076  84.158676
-29.524080   102.707039  83.897194
-30.676128   103.933357  83.674194
-31.438498   104.972404  83.522545
-31.702728   107.109879  82.523224
-31.603861   110.347549  81.351662
-31.001167   113.106987  80.387337
-29.287039   117.505272  79.959801
-27.568497   121.117271  79.054459
-25.032787   125.083740  78.088356
-22.710602   128.754883  77.179581
-19.671648   132.479752  76.933342
-16.761864   135.907654  76.335938
-13.928817   139.187820  75.661064
-10.386497   142.668793  75.640709
-7.179595   145.832214  74.984329
-4.042087   148.902451  74.331100
-1.048759   151.834946  75.556198
1.506256   154.928833  75.096687
3.746222   158.054672  74.297569
5.678051   160.817902  73.701050
7.315607   163.907333  72.332855
8.063717   166.136154  71.459846
8.348755   167.825653  70.760551
8.356798   169.438461  70.072411
7.881021   170.771973  69.408203
7.162841   171.911865  68.754250
5.951285   172.787506  67.930199
4.559723   173.137650  67.292984
2.670697   172.568863  66.622406
1.092866   171.701248  66.135513
-0.658602   169.638123  65.621140
-2.272868   167.861786  65.044556
-3.783873   166.230072  64.820747
-5.023617   163.914139  64.745491
-5.838798   160.923996  65.067352
-6.823679   157.403397  65.197044
-7.459191   155.347046  65.397827
-7.771367   152.347061  66.970871
-7.751082   149.911819  68.528488
-6.839225   147.701721  69.535835
-6.254622   146.280930  69.217667
-5.400089   144.997345  69.009857
-3.977437   143.845444  68.511749
-2.490667   142.963455  68.152885
-0.689081   142.325989  67.664558
1.428917   141.940536  66.982246
3.698855   141.763702  66.441490
6.080896   141.981812  66.126221
8.506464   142.697159  65.489151
10.412736   143.209000  64.918022
12.695839   144.258179  63.956982
14.460554   145.338120  63.148758
15.892961   146.352997  62.502697
16.929152   147.832596  62.129211
17.931414   150.825180  61.259243
18.506575   153.779572  60.117504
18.451378   156.482620  59.212852
18.320070   158.916473  58.408352
18.226257   161.471741  58.031567
17.964306   163.277115  57.865234
17.701700   164.735611  57.784718
17.424723   165.818344  57.809315
17.109425   166.590759  57.855522
16.797890   167.188721  57.866791
16.566610   167.566711  57.874599
16.380354   167.600510  57.949272
16.237194   167.482224  57.961765
16.273336   166.407867  58.435673
16.193102   164.987640  58.519768
16.389063   162.110291  58.494171
16.608028   159.274719  58.711281
16.964495   155.881927  58.234077
17.519415   152.769424  58.000858
18.360920   150.491272  58.405937
18.826475   147.432175  58.692692
20.030561   144.956116  57.846989
21.878342   142.783279  57.275890
23.672115   140.891205  57.054012
25.171099   139.202881  56.703728
26.761429   137.939224  56.408840
28.446638   136.874466  56.180012
30.258694   136.514664  55.622135
31.387621   136.271912  55.293701
32.394157   136.156342  54.865047
33.520428   135.819366  53.919910
34.737755   136.264313  53.411518
35.483158   136.580414  53.115692
36.200703   137.237198  52.874760
37.236202   138.516617  52.400818
38.218002   140.966705  51.644669
39.669796   155.456650  50.805923
39.862534   159.565369  50.874329
39.746933   164.770569  51.006035
39.407291   170.569916  51.075542
38.365154   176.699692  51.539639
36.996235   183.719879  52.749447
35.686096   189.830460  53.852413
34.683109   196.405609  54.608200
33.582874   202.246475  55.209469
32.356991   207.971542  57.136700
31.808132   213.164063  58.207455
30.712254   217.873993  59.668373
29.825869   221.881378  60.348988
29.649900   225.758743  60.443661
29.821938   229.347504  60.063507
29.953300   232.624237  59.723274
29.962402   235.015015  59.463783
29.853165   236.336807  59.132404
29.789272   237.420090  58.752388
29.680296   238.116562  58.608990
29.659098   238.416901  58.375359
29.784781   238.282959  57.999649
30.255831   237.498581  57.309513
30.824892   235.622055  56.498356
31.999544   232.643936  55.224930
33.160347   228.904083  53.546440
34.300907   225.083771  52.191231
35.252693   218.988129  51.437031
35.629799   212.326279  51.389679
36.527084   206.231934  52.104347
37.635853   200.834351  52.930981
38.764652   195.621719  53.624004
39.999897   189.786118  53.950222
41.099838   183.948715  54.453289
42.391582   178.458664  52.993889
43.764664   173.387466  51.628471
44.939793   168.227005  51.487255
46.106758   164.025070  51.394379
47.097343   159.955795  51.095634
48.067631   156.877457  52.017212
48.994312   154.615341  52.385422
49.790981   153.259445  52.623161
50.533806   152.365982  53.232288
51.269840   151.696640  53.597305
51.926357   151.066696  53.753025
52.519611   150.706787  54.025669
53.065323   150.621704  54.333748
53.405918   150.599152  54.300392
53.721828   151.042099  54.280739
54.131966   151.842941  54.234943
54.591049   153.634476  53.809628
55.058105   156.099533  53.537991
55.299820   159.151001  53.085884
55.589310   162.337128  52.277176
55.844574   164.887482  51.490227
56.556225   168.073761  50.582264
57.090183   171.521332  50.000244
57.394337   174.926376  49.572308
57.965252   178.115433  49.161800
58.434151   181.173019  48.680473
59.139275   184.195847  48.153164
59.370598   186.004715  47.812355
59.993271   188.240036  47.728378
60.430138   189.512955  47.609020
60.864777   190.116821  47.526527
61.560089   189.940384  47.369995
62.241501   189.557938  47.218620
62.742210   188.649887  47.110222
63.519161   186.960724  46.872753
63.922237   184.412201  46.453365
64.629799   181.890320  46.310120
65.338539   177.830704  46.531815
65.902977   173.528366  46.542355
65.571838   169.133926  47.197456
65.901939   166.062149  47.758995
66.928909   163.307297  47.971664
67.926514   160.323654  47.830582
69.375320   158.001511  47.596718
70.944412   156.099335  47.570076
73.089439   154.269897  46.976875
74.678612   153.210953  46.840141
76.385422   151.976303  46.574627
77.964081   151.436081  46.528282
79.513069   151.110077  46.435162
80.946739   151.353653  46.531563
82.226624   151.884491  46.669659
83.808914   153.068130  46.788986
85.627823   156.779007  48.031773
87.445930   159.422363  48.667385
88.893738   162.865707  48.609138
90.457375   167.023651  48.907459
91.917252   170.881042  49.538277
93.112701   174.108734  49.790424
94.000748   176.705704  50.123825
95.179413   180.831726  50.670483
95.501343   184.411667  51.567520
94.963120   187.803207  51.950336
94.346931   190.228867  51.951584
93.308556   192.563217  52.798447
92.454910   194.009384  53.112152
91.616447   194.773727  53.333801
90.834305   195.115463  53.434380
90.076996   195.203842  53.828140
88.848541   194.895248  54.905842
88.015671   193.469055  55.845131
87.014664   192.084198  56.649708
85.974640   191.236893  57.780056
84.768028   190.377823  59.050011
83.906052   188.727890  59.898952
83.861816   186.652634  59.990398
83.874001   184.081680  60.086594
84.117638   182.230576  59.751305
84.774025   179.920059  59.452042
85.888641   178.536194  59.458733
87.129417   176.922546  59.199581
89.178101   174.918503  57.605774
91.170853   173.098984  56.397411
92.386147   172.193390  55.713917
93.655876   171.680481  55.166767
94.852928   171.304367  54.684990
96.425385   171.723282  53.933933
97.927528   172.409119  53.203003
99.214806   173.165009  52.694145
99.915756   174.242065  52.525124
100.419235   175.481049  52.424202
101.141411   182.599915  52.054604
100.996971   184.751724  51.961060
100.565361   188.820526  51.586449
99.743752   192.608139  50.918346
98.371529   195.088913  50.186478
96.578751   197.564209  49.470402
94.396751   199.034348  49.117798
92.189957   200.242493  48.828686
90.055214   201.022385  48.329300
87.879112   201.500839  47.790543
85.954605   201.116455  46.960552
84.675362   200.775284  46.583672
83.511253   199.914444  45.914711
82.719856   199.062683  45.191917
82.020538   198.158646  44.673267
81.458832   197.103806  44.150215
81.047310   196.045074  43.625885
80.755363   194.334335  42.512955
80.853119   192.013885  40.833855
81.567421   190.010178  39.386787
82.314705   188.205032  38.646774
83.498886   186.044388  38.505756
84.803741   185.606033  40.144547
86.901588   185.582535  40.630947
89.064575   185.770859  40.635635
91.192184   186.322205  40.330830
93.633591   186.867691  40.097885
96.052689   187.834686  40.048042
98.514153   189.835083  40.437054
101.232986   192.464279  40.228699
103.171158   194.666763  39.828632
104.708755   197.001190  40.248203
106.007256   199.247406  40.291576
107.467316   201.704575  40.910767
108.570267   204.097244  41.713795
109.779854   207.379333  43.168324
110.471069   209.844116  44.205589
110.655914   212.124741  45.226513
110.528351   213.421875  45.796188
110.041420   214.338654  46.098232
109.618332   215.023102  46.240982
108.939323   215.448776  46.439522
107.801880   215.733337  46.891476
106.655258   215.558441  46.595860
105.514000   214.912003  46.367622
104.422035   213.712357  46.564655
103.627441   212.364090  46.782742
102.735916   210.527420  46.879261
102.050575   208.470123  46.993576
101.215874   205.614243  46.866371
100.951599   202.128113  46.699974
101.126144   198.599640  46.797077
101.039925   194.137161  46.201698
101.456573   190.174042  45.684509
102.333885   187.454742  45.383663
104.278839   184.338486  44.879314
105.912590   182.150803  44.403309
108.276665   179.426636  42.857941
111.008980   177.420731  41.720016
113.856262   176.323517  40.525307
116.330391   175.489304  39.958088
119.149536   174.955490  39.299343
125.424408   175.947571  37.674534
128.145554   176.863251  36.873253
130.830704   178.387619  36.348301
133.054352   180.012344  35.971817
135.738724   182.304947  35.176342
138.200912   184.496460  34.637905
139.854202   186.755692  34.373665
140.966110   189.010330  34.283760
141.877899   191.641159  34.110863
142.418732   194.302780  33.907688
141.260513   199.462372  33.959816
140.290680   201.895782  33.897236
138.415253   204.995407  34.160282
136.290176   207.931992  34.615566
134.023315   210.479019  34.974224
131.553711   212.610489  35.196533
129.027878   214.823792  35.722427
127.177841   216.094162  36.039501
125.021278   217.225998  36.363506
121.681557   217.938278  36.284397
120.289711   217.973419  36.354172
119.010757   217.907684  36.410919
117.903946   217.720428  36.490505
117.219406   217.631393  36.462315
116.695877   217.573730  36.418667
116.223373   217.264114  36.255878
115.950897   217.056015  36.136284
115.790817   216.814438  36.003704
115.745087   216.433823  35.791828
115.725792   215.908264  35.492142
115.831268   215.124237  34.770359
116.145546   214.270447  34.052059
116.388260   213.320618  33.577690
116.572639   212.647324  33.261688
116.841110   212.049973  32.974785
117.073738   211.583969  32.727051
117.308090   211.127960  32.463432
117.347908   211.002869  32.305664
117.388268   210.873199  32.142590
117.421600   210.771454  32.025055
117.235771   210.913727  32.005764
117.112968   210.968048  32.002476
117.024124   211.086151  32.023426
116.854164   211.226257  32.055058
116.632919   211.412064  32.109333
116.203316   211.660660  32.214188
115.765198   211.888031  32.313251
115.111725   212.289963  32.353909
114.601074   212.538559  32.382442
113.962448   212.624939  32.339031
113.469513   212.707855  32.344990
113.116180   212.753952  32.364197
112.882965   212.729202  32.398705
112.730621   212.697357  32.434811
112.619568   212.681808  32.456352
112.469139   212.693634  32.443523
112.295082   212.650040  32.449608
112.097778   212.602432  32.507030
111.829971   212.493713  32.595932
111.708382   212.438751  32.630207
111.540565   212.583023  32.709347
111.271614   212.662201  32.853340
111.073784   212.716599  32.930756
110.862961   212.788101  33.017166
110.632767   212.840057  33.181793
110.416458   212.892899  33.297894
110.297600   212.959778  33.376556
110.067810   212.900482  33.483276
109.875191   212.842117  33.573780
109.644806   212.751663  33.690319
109.533600   212.742569  33.706158
109.460159   212.713455  33.698486
109.374718   212.678452  33.689240
109.310051   212.635254  33.680737
109.258392   212.596863  33.673344
109.210732   212.550812  33.665588
109.177330   212.498978  33.658451
109.177673   212.459549  33.654060
109.172791   212.441284  33.650837
109.162170   212.441040  33.648853
109.158134   212.552292  33.743805
109.156731   212.646255  33.826164
109.149986   212.732010  33.893627
109.082573   212.776108  33.994728
108.975815   212.845779  34.096130
108.883072   212.907944  34.182728
