-34.811493  136.969299  25.697351
-34.552525  136.812698  25.543247
-34.488804  136.804932  25.497625
-34.406857  136.739059  25.402868
-34.306477  136.630493  25.297449
-34.260117  136.581039  25.247173
-34.195805  136.499161  25.179676
-34.118900  136.387192  25.104366
-34.052898  136.244278  25.010201
-33.995754  136.063446  24.873674
-33.970882  135.847565  24.714628
-33.979237  135.651794  24.592566
-34.007919  135.479080  24.500504
-34.080093  135.274734  24.430344
-34.113010  135.176620  24.393221
-34.160122  135.045044  24.340485
-34.186916  134.651657  24.410067
-34.260254  134.602219  24.395786
-34.321983  134.566925  24.398535
-34.396889  134.522980  24.441397
-34.517246  134.470413  24.554157
-34.605820  134.422409  24.592798
-34.699730  134.378876  24.634912
-34.832493  134.340622  24.682529
-34.976215  134.311752  24.738413
-35.106407  134.285172  24.801170
-35.261959  134.265518  24.861185
-35.391830  134.204056  24.973724
-35.538666  134.140091  25.111305
-35.703468  134.087219  25.210190
-35.859467  134.034805  25.339209
-36.068321  133.969589  25.531822
-36.169407  133.950790  25.619974
-36.294926  133.901443  25.728985
-36.402386  133.867661  25.820583
-36.507557  133.824280  25.915892
-36.579498  133.747528  26.022413
-36.729187  133.633438  26.146725
-36.779480  133.579391  26.199924
-36.796276  133.511963  26.259899
-36.763985  133.440903  26.325510
-36.731804  133.422363  26.356176
-36.648243  133.438995  26.367214
-36.536526  133.447250  26.380045
-36.435314  133.477798  26.373352
-36.301785  133.521286  26.355284
-36.164829  133.583984  26.317078
-36.012035  133.649109  26.272390
-35.853172  133.747437  26.208853
-35.722431  133.883896  26.145191
-35.549026  134.066879  26.044069
-35.372890  134.300568  25.920712
-35.204479  134.561707  25.795080
-35.085926  134.899521  25.688898
-34.955509  135.219955  25.575558
-34.815277  135.610779  25.447559
-34.696911  135.992188  25.346403
-34.611618  136.361023  25.267385
-34.552170  136.780853  25.191618
-34.517464  137.184677  25.131784
-34.511547  137.601685  25.090187
-34.540714  138.056580  25.060740
-34.606503  138.519958  25.055252
-34.686859  138.899612  25.070551
-34.794403  139.251846  25.117525
-34.924473  139.562057  25.185791
-35.051365  139.863693  25.249645
-35.197433  140.165726  25.318974
-35.338985  140.445663  25.398388
-35.477272  140.683929  25.478376
-35.640415  140.916397  25.564455
-35.791553  141.123840  25.646561
-35.934780  141.345535  25.728140
-36.067371  141.553894  25.805660
-36.189671  141.726120  25.866259
-36.326458  141.871674  25.932636
-36.443840  141.992249  25.988756
-36.574142  142.133316  26.050095
-36.725483  142.259811  26.109705
-36.875523  142.370911  26.167967
-37.006317  142.461426  26.212368
-37.112869  142.530029  26.249294
-37.199516  142.588791  26.276171
-37.273575  142.642166  26.296940
-37.381027  142.704514  26.320198
-37.486877  142.765182  26.336250
-37.617165  142.835663  26.338036
-37.781944  142.941788  26.344408
-37.987545  143.055145  26.368351
-38.125397  143.164917  26.420124
-38.304287  143.313919  26.472185
-38.482502  143.501877  26.523535
-38.689793  143.752762  26.586061
-38.978203  144.047150  26.676395
-39.265484  144.297623  26.781006
-39.546989  144.551880  26.913939
-39.864330  144.762573  27.178701
-40.255985  145.044327  27.493971
-40.673157  145.361191  27.595110
-41.103661  145.657410  27.749331
-41.541397  145.959167  27.921297
-41.949314  146.190872  28.170618
-42.511181  146.396881  28.445910
-43.208393  146.416458  28.809664
-43.835670  146.247208  29.240662
-44.540821  146.150208  29.624327
-45.122093  145.808258  29.926756
-45.618050  145.187424  30.255978
-45.974197  144.000320  30.633959
-46.502525  141.628098  30.974726
-46.655003  136.224365  31.450174
-46.609917  135.040237  31.583288
-46.336578  132.673920  31.905003
-45.908909  130.015396  32.339943
-45.231094  127.380119  32.750870
-44.153133  125.059135  33.063694
-42.917191  123.240059  33.268745
-41.236591  121.844467  33.357674
-39.410259  120.964767  33.090832
-37.761242  120.338043  32.699146
-35.741135  120.229233  32.072079
-34.099113  120.679916  31.503321
-32.752033  121.231720  30.865276
-31.412313  122.287498  30.169670
-30.427444  123.133438  29.505924
-29.622004  124.083740  28.938292
-28.907461  125.280548  28.379805
-28.363749  126.770737  27.872620
-28.172026  127.902084  27.638792
-28.151634  128.901581  27.522964
-28.283878  129.865250  27.466410
-28.648615  130.861038  27.383812
-29.311216  132.025818  27.307753
-30.108068  133.190643  27.312719
-30.983723  134.260956  27.394020
-31.562433  134.922302  27.467791
-32.311192  135.629532  27.631828
-33.529808  136.431442  28.022291
-34.777428  136.982376  28.629463
-36.053379  137.382828  29.270084
-38.175011  137.647659  30.330030
-39.925945  137.581482  31.266258
-41.512974  137.336075  32.344322
-43.046848  136.895493  33.668621
-44.404915  136.268509  34.969639
-45.861534  135.895493  36.061111
-47.450600  135.513260  37.151836
-48.835999  135.074982  38.218674
-49.545918  134.982849  38.790398
-50.103603  134.913971  39.385838
-50.588463  134.871475  39.842724
-50.745090  134.581482  40.226925
-50.850433  134.377441  40.545929
-50.852554  134.160858  40.846630
-50.878006  134.119186  40.848114
-50.869724  134.117447  40.821728
-50.830273  134.145630  40.587460
-50.648487  134.175491  40.283066
-50.134541  134.142258  39.852669
-48.959309  134.019028  39.109070
-47.652702  133.893021  38.253574
-46.632172  134.034622  37.192158
-45.116905  133.904572  36.113785
-43.638802  134.040588  35.041248
-41.976532  134.260086  33.845505
-40.234211  134.393143  32.951313
-38.576908  135.575012  31.523775
-37.004044  136.239471  30.704975
-34.935867  136.865158  29.943062
-32.943382  137.383087  29.029287
-30.885307  137.727875  28.082819
-29.160711  138.507507  26.943726
-27.258738  138.931946  25.969387
-24.930674  138.825470  24.837831
-22.907108  138.990021  24.051168
-21.318817  139.066483  23.446056
-19.558031  139.024139  22.629208
-17.990955  138.820526  21.882576
-16.524712  138.643280  21.165445
-15.167719  138.487534  20.426514
-13.294044  138.403030  20.064516
-11.693287  138.414398  19.751036
-10.394381  138.407318  19.500841
-9.192298  138.390366  19.391115
-8.230791  138.347351  19.286308
-7.363775  138.238083  19.235161
-6.690180  138.141052  19.210121
-6.188768  138.043198  19.202230
-5.773076  137.942444  19.187967
-5.471180  137.809921  19.199883
-5.242577  137.610779  19.258091
-5.035605  137.279205  19.371986
-4.980873  136.852951  19.593842
-4.982868  136.226929  19.914619
-5.176648  135.408356  20.381590
-5.659835  134.352310  20.957890
-6.439184  133.171478  21.820011
-7.386501  131.834091  22.786726
-8.412814  130.470261  23.757912
-9.686202  129.131302  24.763206
-10.910894  128.099121  25.718641
-11.917626  127.321808  26.489527
-12.710300  126.823380  27.069147
-13.322116  126.597046  27.475193
-13.775934  126.521141  27.780016
-14.155632  126.633179  27.994274
-14.472084  126.940498  28.217171
-14.576474  127.166847  28.285965
-14.555945  127.591301  28.322283
-14.390056  128.078812  28.269136
-14.027205  128.719223  28.137508
-13.473461  129.420486  27.933222
-12.795265  130.275711  27.608635
-12.087664  131.185196  27.228775
-11.420870  132.255295  26.948141
-10.820850  133.480179  26.626156
-10.487051  134.558868  26.401419
-10.330336  135.631607  26.141060
-10.261581  136.722977  25.964598
-10.260777  137.781494  25.874912
-10.470342  138.753891  25.824251
-10.659141  139.658722  25.793186
-10.850438  140.273148  25.808929
-10.993583  140.665985  25.858271
-11.153782  140.910538  25.915098
-11.284796  141.021088  26.017784
-11.404996  141.004700  26.134645
-11.567829  140.848831  26.269186
-11.822507  140.238571  26.480423
-12.041718  139.262009  26.647543
-12.171588  137.935898  26.897032
-12.202835  136.287399  27.251030
-12.099656  133.885239  27.862974
-11.847899  131.097198  28.469797
-11.152469  126.703339  28.984821
-7.057822  119.953766  28.656160
-5.973339  118.913216  28.567825
-4.158125  119.154747  28.689909
-2.318631  120.204445  28.845736
-1.028789  121.486397  28.601683
-0.015827  122.616318  28.391920
0.919852  123.585670  28.059364
1.738705  124.453041  27.765518
2.468589  125.294647  27.350100
3.015965  126.127411  26.917681
3.530683  126.997459  26.518557
3.889282  127.950775  26.136248
4.179925  129.049606  25.716278
4.488955  130.124863  25.339340
4.710782  131.221848  24.938370
4.917609  132.242523  24.586987
5.150364  133.179779  24.289255
5.400751  134.046494  23.965302
5.612147  134.833786  23.678185
5.790188  135.545944  23.501938
5.921044  136.198364  23.337494
6.049775  137.685364  23.149158
6.083675  138.396347  23.002871
6.085340  138.964020  22.888924
5.717777  139.332245  23.053267
5.157146  139.511185  23.280546
4.573443  139.564743  23.539879
3.851982  139.368195  23.935654
3.086429  138.827896  24.293724
2.287023  137.681839  24.471090
1.567757  136.320770  24.829134
1.169981  134.965332  25.029085
1.139474  133.402405  25.255579
1.230385  131.892410  25.326960
1.622295  130.864243  25.200146
2.112291  130.223022  24.946281
2.883800  129.759521  24.676535
3.847075  129.334503  24.393034
5.126194  128.859299  24.046803
6.447346  128.397919  23.699020
7.845370  128.066437  23.218012
9.458921  127.606995  22.845016
10.845341  127.181099  22.497961
12.225397  126.671593  22.191214
14.155214  125.930634  21.755026
15.629867  125.240059  21.292887
17.034153  124.585373  20.652542
18.215620  123.845428  19.937765
19.215149  122.935898  19.327082
19.980011  121.516869  18.980682
20.270306  119.699745  18.731955
20.254734  117.180092  18.788824
20.129204  113.977882  18.947121
20.038258  111.640388  19.502192
19.716576  108.322998  20.516020
19.254211  104.788132  21.876736
18.595139  101.410400  23.468567
17.841385  98.440079  25.141911
16.997566  96.417953  26.425329
16.292753  94.913216  27.378193
15.387161  94.002335  28.032366
14.344358  94.216995  28.315678
13.305469  95.431213  28.291718
12.539615  96.557030  28.224926
11.510052  98.007027  28.081461
9.881497  101.499947  27.673693
8.362744  104.863037  27.431280
7.067847  108.133591  27.442554
6.448143  110.885841  27.409924
6.742867  115.967346  28.063377
6.392608  118.769966  27.996016
6.091160  121.111969  27.714573
5.751212  123.391998  27.438547
5.963475  126.083229  27.231312
5.459032  128.249222  27.072884
5.128357  130.188461  26.983816
4.856482  131.758362  26.810905
4.614220  133.090179  26.648951
4.293748  134.128662  26.535837
4.024207  135.036514  26.411852
3.610009  135.503738  25.933191
3.466889  135.690704  25.578629
3.545519  135.714645  25.283916
3.692808  135.549103  25.011860
4.116940  135.209030  24.659765
4.980041  134.492996  24.096367
5.777066  133.925140  23.582222
6.725412  133.554337  23.036327
7.772621  133.517746  22.542761
9.114169  133.793915  22.034822
11.315145  134.761612  21.607246
14.039375  136.454895  21.667456
16.095221  138.236969  21.599300
17.598719  140.177078  21.349895
18.430588  141.985641  21.150843
18.902790  143.843246  20.981401
19.107977  145.877823  20.989689
19.017078  147.725281  21.181122
18.719809  149.483765  21.372677
18.245584  151.109482  21.608196
17.634079  152.461792  22.099358
17.051420  153.447540  22.457895
16.457428  154.106842  22.861820
15.863610  154.553482  23.223848
15.298532  154.651627  23.563601
15.064002  154.680817  23.632961
14.597338  154.356369  23.783354
13.621407  152.923004  24.110014
12.501067  150.707535  24.241833
11.793106  148.467117  24.358719
11.294262  145.934982  24.500059
11.136824  143.673080  24.652617
11.351313  141.642532  24.772551
11.749269  140.162735  24.838394
12.418420  139.156845  24.919846
13.240037  138.719574  24.937382
14.146585  138.538269  24.915546
15.040818  138.705963  24.866926
15.635267  139.036789  24.673862
16.241468  139.418610  24.486876
16.909843  140.161102  24.305401
17.624495  141.153580  24.268755
18.293207  142.450806  24.110519
18.908726  143.808197  23.946228
20.487078  146.028030  23.538967
20.982805  146.634674  23.375204
21.937412  147.351669  22.985559
22.761564  147.662018  22.252878
23.772078  147.488220  21.275328
24.952948  146.905136  20.314598
26.176331  146.141708  19.409309
27.480375  144.767441  18.577608
28.031103  143.730804  18.284599
28.589151  142.316589  18.119629
29.379494  140.466904  17.987289
31.603781  137.428604  18.227219
33.767048  134.639557  18.833269
35.384174  132.388107  19.546144
36.295250  130.843216  20.087435
36.900154  129.514832  20.547340
37.390923  128.405304  20.780680
37.777470  127.512230  21.055786
37.909409  126.871826  21.167463
37.956524  126.278778  21.154331
37.652306  125.860970  21.301178
37.275921  125.615051  21.503826
36.826397  125.448807  21.668776
35.734177  125.480705  22.046856
33.849960  125.589157  22.668789
31.816933  125.708565  23.292711
29.825886  125.535454  24.077385
28.180357  125.060364  24.812683
26.379778  124.422783  25.736959
24.230829  123.679176  26.804464
22.015144  122.986313  27.962181
20.001610  122.290703  29.196472
17.576740  121.391151  30.532509
14.803387  120.324783  32.095371
11.683332  118.956764  33.935020
8.920854  117.814453  35.674683
6.703326  116.736618  37.131622
4.372881  115.434105  38.597580
2.197031  113.791000  40.965004
0.176744  112.477699  42.537743
-1.536884  111.329010  43.449608
-2.996229  110.508179  44.287773
-5.387583  108.471855  45.436615
-7.148632  106.842461  46.288002
-8.181858  105.803795  46.606220
-8.859958  105.094139  46.698803
-9.932416  102.559898  45.886902
-9.541554  102.078423  44.774727
-9.054231  101.594177  43.701870
-8.096238  101.560112  42.403252
-6.899615  101.749359  41.168251
-5.313614  102.010452  39.530083
-2.983864  102.951492  36.420242
0.166352  103.955055  32.560127
2.777229  104.615440  30.044962
4.811846  105.128426  28.371195
7.206583  105.992783  26.660852
10.208061  107.426193  24.534031
12.999142  108.731537  22.863325
15.618017  109.896667  21.619263
18.068350  111.086914  20.555801
20.132055  112.031677  19.739073
22.457987  113.069862  18.912224
24.503630  113.634506  18.351404
26.040358  113.940765  17.969677
27.550182  114.361916  17.621576
29.090376  115.093544  17.443075
30.403519  115.592720  17.235348
31.527180  116.099319  17.103952
32.472427  116.405998  17.020134
33.260223  116.648323  16.914633
33.777634  116.850777  16.814348
34.274765  117.299026  16.706665
34.808273  117.631989  16.530340
35.217140  117.907288  16.435106
35.578438  118.284363  16.359375
35.944889  118.572960  16.284393
36.195923  118.787651  16.243219
36.440914  118.947792  16.200153
36.715073  119.193596  16.150564
36.944962  119.473534  16.137833
37.130379  119.747902  16.144588
37.473171  119.950562  16.141817
37.774807  120.086700  16.148468
38.054714  120.169487  16.148031
38.301998  120.250786  16.155251
38.455715  120.434624  16.218981
38.609997  120.504074  16.261654
38.783958  120.621658  16.302654
38.950031  120.678856  16.317322
39.091915  120.706627  16.320211
39.222633  120.742943  16.330292
39.332077  120.826248  16.350302
39.433704  120.894859  16.382750
39.530743  120.906853  16.399050
39.616413  120.916054  16.416132
39.701725  120.918312  16.435093
39.777813  120.930626  16.453390
39.845825  120.918884  16.470299
39.910252  120.901787  16.483402
39.963783  120.898682  16.500654
40.011677  120.897522  16.522081
40.057087  120.891312  16.545736
40.078079  120.926529  16.569132
40.087273  120.949051  16.585798
40.105858  120.973640  16.598577
40.103111  121.001572  16.613668
40.091621  121.032181  16.631283
40.142960  121.022530  16.634432
40.153534  121.034592  16.650167
40.124012  121.072571  16.673002
40.041424  121.132172  16.707394
39.885799  121.225853  16.755995
39.721153  121.316628  16.808996
39.567806  121.403725  16.862978
