-96.316422  205.114334  64.222366
-96.313721  205.119980  64.195969
-96.319893  205.169434  64.258865
-96.327095  205.181473  64.289841
-96.332283  205.210098  64.367706
-96.350723  205.198914  64.417091
-96.314781  205.093460  64.421509
-96.330002  205.039307  64.432556
-96.354927  204.964828  64.423111
-96.377426  204.880768  64.406769
-96.399849  204.781311  64.375999
-96.410927  204.705551  64.358505
-96.422234  204.626678  64.336723
-96.428017  204.569412  64.327728
-96.420448  204.549713  64.320503
-96.352486  204.402893  64.114799
-96.352577  204.363892  64.073318
-96.361725  204.346970  64.058311
-96.371559  204.336121  64.047127
-96.380959  204.324997  64.035294
-96.388931  204.316772  64.026962
-96.398598  204.308289  64.020538
-96.406631  204.298615  64.013321
-96.414955  204.288696  64.006332
-96.423065  204.277512  63.997894
-96.440178  204.258362  64.011574
-96.460518  204.246567  64.029144
-96.474579  204.244873  64.046509
-96.490364  204.237045  64.055511
-96.502113  204.227036  64.059814
-96.511703  204.215088  64.047760
-96.522766  204.201889  64.033234
-96.535896  204.199814  64.031059
-96.544395  204.209351  64.035866
-96.552032  204.219193  64.040161
-96.561005  204.224899  64.041824
-96.568169  204.231201  64.042587
-96.579002  204.242264  64.044594
-96.592484  204.250092  64.041176
-96.592804  204.263428  64.070114
-96.595917  204.267349  64.091187
-96.602280  204.300568  64.143715
-96.615257  204.278275  64.137680
-96.630531  204.251068  64.141251
-96.575020  204.102371  64.057510
-96.542641  204.017365  64.049843
-96.520500  203.971695  64.027039
-96.510918  203.929672  63.995949
-96.504471  203.883850  63.965813
-96.502327  203.837143  63.921680
-96.508606  203.789368  63.856983
-96.528915  203.758591  63.805958
-96.573097  203.753891  63.788303
-96.643494  203.756927  63.781433
-96.731056  203.700104  63.620872
-96.836418  203.591278  63.370853
-96.953400  203.447708  63.064205
-97.023849  203.498383  62.935036
-97.162048  203.367584  62.561676
-97.395462  203.422684  62.293892
-97.624283  203.490692  62.076565
-97.798706  203.653641  61.981613
-98.010902  203.807983  61.944706
-98.436684  203.906631  61.816101
-98.750793  203.868149  61.509457
-99.159264  204.062286  62.054653
-99.567520  204.237335  62.696316
-99.707603  204.060349  62.464848
-99.874893  203.873611  62.256687
-100.046997  203.727234  62.038139
-100.201546  203.637192  61.874813
-100.388641  203.489853  61.629044
-100.963501  203.276291  61.079411
-101.274467  203.058685  60.638226
-101.573547  202.853745  60.302029
-101.938751  202.596664  59.842686
-102.244278  202.427429  59.504272
-102.519905  202.343002  59.226822
-102.945824  202.160660  58.732140
-103.022972  202.148331  58.416439
-103.043106  202.161453  58.221642
-103.125183  202.103882  58.001019
-103.124374  202.120804  57.853886
-102.981895  202.086029  57.739639
-102.289055  201.931015  56.910873
-101.948090  201.921783  56.580269
-101.145790  201.920929  55.840580
-100.223610  202.012375  55.106079
-99.273949  202.157425  54.320091
-98.146706  202.376373  53.472435
-96.904816  202.708435  52.642929
-95.812523  203.019608  52.006836
-94.478516  203.358185  51.341301
-92.885086  203.822433  50.642334
-91.212799  204.339874  49.871311
-89.798492  204.812302  49.296288
-88.298302  205.385391  48.734844
-86.708900  205.937561  48.074692
-84.982094  206.431641  47.404613
-83.618279  207.015457  47.119408
-82.455894  207.655746  47.029781
-81.400063  208.197250  46.836117
-80.374458  208.711029  46.669579
-79.418320  209.087753  46.388176
-78.630508  209.527084  46.288036
-77.928368  209.846100  46.084068
-77.245598  210.143051  45.939617
-76.663376  210.382095  45.859364
-76.196899  210.594925  45.852367
-75.814781  210.810745  45.895164
-75.563980  210.959839  45.982952
-75.369568  211.080246  46.060658
-75.297607  211.178375  46.211529
-75.255630  211.248260  46.298138
-75.263229  211.298096  46.431061
-75.356674  211.306671  46.625179
-75.506615  211.263580  46.715050
-75.648834  211.214783  46.791428
-76.215240  211.220306  47.331806
-76.765800  211.192917  47.815643
-77.411812  211.165482  48.301155
-77.926758  211.081390  48.499992
-78.446915  210.934967  48.531933
-78.860291  210.824051  48.562374
-79.411446  210.642746  48.604961
-79.842979  210.497498  48.599163
-80.249626  210.343048  48.578663
-80.599922  210.185410  48.517010
-80.933884  210.023163  48.448025
-81.205803  209.889313  48.389790
-81.474228  209.758148  48.329285
-81.710045  209.642181  48.273705
-81.872192  209.515381  48.190990
-81.997711  209.393723  48.106186
-82.163452  209.173370  47.974007
-82.291779  208.874374  47.794094
-82.369263  208.578842  47.597446
-82.471771  208.188293  47.335499
-82.566299  207.691833  47.010891
-82.612648  207.170639  46.641602
-82.624046  206.269653  45.983559
-82.603348  205.265869  45.263123
-82.595016  204.206680  44.558174
-82.591888  203.163879  43.853645
-82.551567  202.070023  43.120373
-82.477859  200.866043  42.334953
-82.417068  199.644257  41.603527
-82.370209  198.335724  40.893764
-82.190468  196.813385  40.020237
-82.022316  195.436005  39.267277
-81.867920  194.181747  38.603619
-81.769554  193.111877  38.047817
-81.745003  192.284729  37.640430
-81.744385  191.286057  37.093952
-81.713654  190.238556  36.522938
-81.685341  189.350281  36.091972
-81.667580  188.562225  35.738731
-81.651306  187.651672  35.381687
-81.673241  186.584015  34.967152
-81.730751  185.462006  34.561001
-81.763901  184.399429  34.202049
-81.806168  183.367828  33.904736
-81.862480  182.384140  33.654858
-81.967216  181.297653  33.418503
-82.050362  180.303009  33.238998
-82.142883  179.382126  33.105106
-82.280113  178.447708  32.978020
-82.425362  177.610168  32.865124
-82.562645  176.768402  32.770943
-82.747040  175.984634  32.685177
-82.976845  175.204453  32.577061
-83.224724  174.479889  32.800247
-83.298172  173.808365  33.255783
-83.464340  173.209198  33.642124
-83.632156  172.781097  33.950409
-83.806076  172.492935  34.290688
-84.093613  172.271591  34.678890
-84.426331  171.972366  34.945988
-84.653641  171.737656  35.111019
-84.891167  171.531372  35.281361
-85.120338  171.399506  35.439713
-85.290497  171.440659  35.541130
-85.600082  171.676941  35.884361
-85.888123  172.055649  36.229626
-86.121468  172.458359  36.509174
-86.312241  173.056091  36.884628
-86.485596  173.564194  37.156651
-86.584259  174.159653  37.372662
-86.640015  174.780121  37.539043
-86.661278  175.452286  37.672684
-86.672348  176.220016  37.806934
-86.624413  177.118790  37.995556
-86.553795  178.036896  38.193146
-86.442032  178.915771  38.353851
-86.245773  179.820526  38.522106
-85.954071  180.616562  38.653114
-85.730705  181.347244  38.728493
-85.363602  181.912674  38.745628
-84.914711  182.398834  38.660484
-84.430046  182.970367  38.595978
-83.913910  183.562668  38.546833
-83.394630  184.056061  38.408619
-82.638474  184.482986  38.137653
-81.989967  184.807587  37.908546
-81.391762  185.016968  37.649796
-80.658775  185.269333  37.357048
-80.026840  185.400589  37.048355
-79.543419  185.468719  36.828175
-78.998749  185.495178  36.547081
-77.583755  185.663818  36.033829
-77.211105  185.708252  35.891243
-76.528046  185.801483  35.641598
-75.784531  185.897308  35.394054
-74.933754  185.962280  35.052006
-74.297112  186.024612  34.739540
-73.711617  186.131760  34.420589
-73.105766  186.208099  34.016270
-72.292870  186.336044  33.445797
-71.566162  186.440109  33.059822
-71.206436  186.455750  32.871468
-70.829712  186.459167  32.631184
-70.522064  186.468185  32.432091
-70.235313  186.558350  32.252239
-69.973213  186.774963  32.131428
-69.754456  187.063431  32.070297
-69.571831  187.332016  32.015083
-69.428864  187.637039  31.991798
-69.346954  187.924057  31.996592
-69.302078  188.262299  32.058529
-69.320313  188.586731  32.114296
-69.322311  188.927185  32.196423
-69.339127  189.376999  32.320618
-69.626701  189.901276  32.450878
-69.942223  190.386108  32.600777
-70.209198  190.587433  32.659061
-70.502403  190.727554  32.709183
-70.818756  190.882614  32.784092
-71.132973  191.019012  32.851147
-71.601997  190.974564  32.868134
-72.054420  190.840683  32.848289
-72.530373  190.633331  32.800816
-73.028046  190.348831  32.759769
-73.449959  190.069901  32.723927
-73.969330  189.663879  32.662052
-74.391907  189.269104  32.596855
-74.866089  188.533691  32.417255
-75.165161  187.809998  32.210232
-75.379509  186.957214  31.957357
-75.537544  186.101974  31.726856
-75.660248  185.224487  31.514450
-75.756699  184.376526  31.322918
-75.711990  183.156723  31.112303
-75.673515  182.203522  30.885891
-75.550117  181.286835  30.655094
-75.432777  180.504669  30.458506
-75.272232  179.797852  30.278315
-75.060257  179.236923  30.126432
-74.766685  178.736877  29.968916
-74.404343  178.260727  29.752401
-73.894218  177.974487  29.606537
-73.264809  177.714432  29.420029
-72.657959  177.643600  29.292385
-72.189667  177.795547  29.264166
-71.678116  178.062790  29.197403
-71.053154  178.631409  29.205959
-70.525764  179.131653  29.221567
-70.147873  179.491135  29.198706
-69.751129  179.889969  29.185856
-69.338943  180.467773  29.235493
-69.023918  181.228256  29.344889
-68.788414  182.028442  29.444481
-68.599800  182.750732  29.541834
-68.419197  183.542114  29.674654
-68.289368  184.344009  29.825808
-68.183624  185.148773  29.989140
-68.102692  185.910309  30.154514
-68.065910  186.505844  30.268829
-68.005379  186.919357  30.349159
-67.950851  187.288025  30.422089
-67.916924  187.679565  30.499720
-67.892670  187.992676  30.561316
-67.886436  188.282745  30.621288
-67.904510  188.401901  30.637817
-67.942276  188.458191  30.639603
-67.979568  188.462982  30.631292
-68.031387  188.412186  30.616673
-68.070572  188.328033  30.600319
-68.144638  188.188217  30.555038
-68.214096  187.779190  30.436966
-68.298134  187.161407  30.248558
-68.368690  186.442688  30.052284
-68.370674  185.394974  29.711483
-68.378616  184.342041  29.407904
-68.385048  183.311279  29.138639
-68.354774  182.199951  28.843975
-68.262962  180.897430  28.508984
-67.981277  179.560455  28.108135
-67.583733  178.411255  27.749914
-67.127220  177.377411  27.444973
-66.679634  176.570801  27.196381
-66.193993  175.918625  26.955746
-65.655823  175.426590  26.736254
-65.066345  175.104462  26.540430
-64.469284  174.945694  26.385944
-63.856720  174.875443  26.240742
-63.167156  174.902161  26.050276
-62.362316  174.946503  25.800873
-61.635834  175.172012  25.553984
-60.848282  175.809814  25.454370
-60.001884  176.502045  25.380224
-59.338978  177.100357  25.356777
-59.014584  177.703568  25.407597
-58.718155  178.472412  25.494637
-58.439407  179.422424  25.599701
-58.201691  180.565277  25.737989
-57.957020  182.014191  25.930973
-57.735905  183.603073  26.153362
-57.512665  185.262344  26.412195
-57.345512  186.883194  26.688700
-57.189762  188.432098  26.990763
-57.050014  189.811584  27.262869
-56.910305  191.151703  27.562235
-56.801758  192.610580  27.875546
-56.686832  194.005936  28.212914
-56.625668  195.304901  28.505131
-56.595787  196.503647  28.794775
-56.596737  197.662216  29.018759
-56.691586  198.698669  29.158243
-56.751198  199.627670  29.258198
-56.875751  200.572891  29.336926
-56.987690  201.439377  29.425791
-57.094128  202.269592  29.542454
-57.224461  203.047546  29.657934
-57.374805  203.881317  29.794678
-57.683708  205.066086  30.080511
-57.779621  205.364258  30.158497
-57.915760  205.722580  30.253418
-58.040462  205.997406  30.325308
-58.159153  206.161423  30.346550
-58.276314  206.235382  30.313354
-58.388275  206.244598  30.251429
-58.461098  206.181671  30.174883
-58.527618  206.100937  30.092768
-58.601410  206.013214  30.000990
-58.641827  205.750916  29.824671
-58.699177  205.441315  29.640495
-58.735790  205.009674  29.395288
-58.778233  204.475037  29.097883
-58.776485  203.708054  28.703430
-58.708351  202.644119  28.124594
-58.549957  201.330276  27.412081
-58.312569  199.936844  26.738543
-58.001564  198.442474  26.077833
-57.536980  196.773834  25.426008
-56.977711  195.097092  24.837013
-56.518639  193.617188  24.327091
-55.967541  191.999893  23.873911
-55.522015  190.619080  23.512424
-55.089619  189.304977  23.224073
-54.725822  187.843140  22.900356
-54.185471  186.262695  22.630898
-53.712189  184.943985  22.413153
-53.341606  183.895172  22.220919
-53.151501  182.987259  22.052925
-52.951809  182.218109  21.922295
-52.757221  181.410675  21.793430
-52.537346  180.596924  21.680872
-52.357731  179.842377  21.588688
-52.188644  179.200592  21.537195
-52.061802  178.582886  21.492777
-51.976578  178.099792  21.465611
-51.894238  177.816559  21.471228
-51.844189  177.656677  21.489403
-51.671825  177.955048  21.686779
-51.600380  178.342789  21.937544
-51.670521  178.858398  22.252970
-51.882938  179.488815  22.627325
-52.209774  180.194748  23.036882
-52.539627  180.916702  23.465263
-52.971439  181.715118  24.023895
-53.430168  182.462845  24.568592
-53.842026  183.120148  25.027456
-54.410801  183.889786  25.592773
-54.908924  184.615173  26.094313
-55.387951  185.393555  26.587769
-55.911137  186.251236  27.092594
-56.433792  186.953308  27.497421
-56.941910  187.740021  27.913864
-57.513062  188.494690  28.341253
-58.008610  189.127853  28.696711
-58.593552  189.579147  28.971319
-59.075790  190.004898  29.219961
-59.512760  190.343445  29.437836
-59.902145  190.598099  29.577570
-60.166458  190.857193  29.688570
-60.484974  191.100418  29.795458
-60.792446  191.169754  29.833786
-61.099560  191.202515  29.834654
-61.385414  191.140625  29.791056
-61.672127  190.926941  29.647402
-61.908302  190.680634  29.482958
-62.083313  190.392593  29.249237
-62.223450  190.131790  28.922670
-62.194412  189.794174  28.467543
-62.165813  189.583923  28.051744
-61.867477  189.345337  27.615168
-61.527046  189.140091  27.088047
-61.047070  188.910690  26.508970
-60.438976  188.760406  25.911777
-59.880943  188.716324  25.462381
-59.188271  188.750687  24.905668
-58.519909  188.811432  24.443201
-57.694149  188.838242  23.939409
-56.719299  188.829742  23.421312
-55.730385  188.806412  22.974463
-54.623589  188.857422  22.548250
-53.375088  188.998734  22.076750
-52.165928  189.113037  21.652811
-50.986622  189.210876  21.239914
-49.798859  189.327209  20.814957
-48.540714  189.521469  20.356066
-47.179188  189.840469  19.786367
-45.926163  190.000473  19.080694
-44.784431  190.321823  18.631737
-43.786148  190.600357  18.264132
-42.938396  190.780991  17.907001
-42.128498  191.038055  17.578905
-41.398884  191.361816  17.423458
-40.787968  191.703156  17.356205
-40.161148  192.042358  17.265297
-39.664032  192.300095  17.161779
-39.246353  192.591461  17.092648
-38.911663  192.877472  17.068748
-38.596832  193.166672  17.067699
-38.316017  193.473465  17.098085
-38.093937  193.646240  17.081440
-37.907932  193.757126  17.052393
-37.772137  193.836899  17.016506
-37.656078  193.935928  16.995401
-37.578777  194.037720  16.963823
-37.530224  194.106964  16.934513
-37.505596  194.175369  16.909029
-37.500313  194.235901  16.905424
-37.504604  194.273514  16.902176
-37.503029  194.292633  16.901880
-37.510811  194.314789  16.909267
-37.523441  194.321609  16.918720
-37.542763  194.320251  16.923456
-37.563396  194.297134  16.926523
-37.592575  194.287781  16.932936
-37.619987  194.299820  16.942045
-37.643097  194.373825  16.963448
-37.667892  194.359222  16.952726
-37.720486  194.320587  16.918045
-37.776806  194.283676  16.884115
-37.841862  194.245407  16.847740
-37.898132  194.220230  16.817713
-37.949886  194.203018  16.791845
-38.002331  194.251526  16.792030
-38.035759  194.253571  16.782875
-38.101719  194.229324  16.752232
-38.161541  194.194244  16.718653
-38.226032  194.154175  16.682018
-38.275238  194.122101  16.649914
-38.305218  194.103470  16.624258
-38.325825  194.086533  16.599983
-38.339481  194.076309  16.576029
-38.346893  194.067719  16.554270
-38.346397  194.054276  16.519735
-38.334377  194.050079  16.486916
-38.327545  194.036591  16.422459
-38.304832  194.018860  16.357357
-38.233128  194.070999  16.371326
-38.154224  194.108139  16.386976
-38.092941  194.121338  16.380777
-38.027782  194.120239  16.360224
-37.955872  194.104691  16.332096
-37.883884  194.088806  16.302483
-37.816288  194.051941  16.260014
-37.737362  194.006088  16.198305
-37.644421  193.962204  16.117247
-37.550304  193.896286  16.014315
-37.441235  193.924988  15.998652
-37.331161  193.923218  15.960756
-37.199436  193.920731  15.912824
-37.046249  193.932693  15.874117
-36.842411  193.925995  15.828554
-36.624092  193.921677  15.781127
-36.439209  193.860260  15.704726
-36.245998  193.831085  15.679706
-36.047176  193.785980  15.650393
-35.867970  193.729691  15.627715
-35.704681  193.656952  15.605088
-35.595879  193.583557  15.587449
-35.520870  193.520630  15.576572
-35.500542  193.464981  15.582594
-35.514507  193.410645  15.587974
-35.551464  193.348984  15.585708
-35.617970  193.258179  15.579687
-35.745750  193.036560  15.561206
-35.930241  192.692490  15.502827
-36.192005  192.192734  15.326195
-36.515892  191.502014  15.119923
-36.974339  190.494598  14.847395
-37.352016  189.430588  14.572291
-37.807682  188.093765  14.275900
-38.359192  186.447525  13.982187
-38.983688  184.570679  13.803119
-39.492432  183.049927  13.676595
-39.878780  181.698685  13.621187
-40.168594  180.338791  13.579464
-40.363834  179.021561  13.450410
-40.516644  177.730698  13.335239
-40.579956  176.493179  13.389319
-40.581738  175.424133  13.443288
-40.527950  174.568146  13.511806
-40.453465  173.834885  13.564719
-40.287788  173.339462  13.699353
-40.094151  172.879608  13.785162
-39.849052  172.590744  13.881786
-39.625229  172.351837  13.945894
-39.333176  172.206818  13.987364
-38.836174  172.181946  14.009474
-38.373287  172.227554  14.017225
-37.820496  172.388214  14.020294
-37.207722  172.729889  14.066096
-36.581097  173.298767  14.158969
-36.070530  173.923569  14.343146
-35.665295  174.725204  14.638386
-35.383186  175.478912  14.935035
-35.179020  176.320023  15.279881
-35.048225  177.220840  15.607075
-34.961136  178.183578  15.881273
-34.931805  179.293259  16.158985
-34.941574  180.635712  16.504837
-34.981915  181.932037  16.844458
-34.997044  183.312210  17.186663
-35.063801  184.732452  17.557096
-35.146500  186.185211  17.950979
-35.280727  187.563889  18.363644
-35.536629  189.004974  18.862486
-35.804054  190.280838  19.304043
-36.315422  191.843307  20.007080
-36.686424  192.772095  20.424818
-37.013184  193.499695  20.728977
-37.467388  194.347549  21.016117
-37.887135  195.140472  21.189907
-38.267254  195.867310  21.312826
-38.595379  196.587524  21.451145
-38.856384  197.455460  21.777832
-39.000298  197.607208  21.698351
-39.135571  197.646881  21.576689
-39.249329  198.127609  21.815584
-39.299603  198.169998  21.794436
-39.337891  198.150818  21.678375
-39.378159  198.018051  21.447174
-39.416916  197.872559  21.208429
-39.426823  197.692795  20.927404
-39.415504  197.565475  20.774750
-39.409267  197.436523  20.630337
-39.394089  197.280838  20.472794
-39.355553  197.098831  20.299282
-39.312180  196.865921  20.091467
-39.205677  196.583160  19.838390
-39.138420  196.393463  19.668873
-39.071236  196.197342  19.507164
-38.965752  196.036072  19.386189
-38.809467  195.909607  19.293510
-38.543369  195.767105  19.205343
-38.176109  195.699539  19.160973
-37.785534  195.670792  19.164129
-37.361393  195.701492  19.183155
-36.853588  195.677032  19.145531
-36.143539  195.654434  19.091078
-35.375160  195.630554  19.047281
-34.571232  195.576569  19.010803
-33.474972  195.492966  19.014484
-32.419506  195.397873  19.008821
-31.348242  195.440079  19.084806
-30.427942  195.361130  19.065201
-29.668449  195.067856  18.968840
-29.079739  194.556732  18.800249
-28.622900  193.740540  18.542143
-27.845924  191.743439  17.872532
-27.531713  191.141373  17.666019
-26.942158  190.199203  17.426910
-26.496624  189.279404  17.240957
-26.279417  188.599518  17.125875
-26.139843  188.056046  17.033854
-26.180450  187.709366  16.978828
-26.232689  187.469604  16.942791
-26.360346  187.286591  16.912001
-26.505863  187.247238  16.914473
-26.640720  187.301300  16.953384
-26.879316  187.541763  17.079796
-27.168074  187.854004  17.226130
-27.414433  188.215302  17.365879
-27.639774  188.662018  17.514172
-27.831066  189.307236  17.703478
-27.937143  189.898010  17.866154
-27.986477  190.479187  18.025673
-27.994404  191.243881  18.230150
-27.966036  191.994034  18.425379
-27.909414  192.713135  18.606886
-27.768105  193.561432  18.757738
-27.565973  194.413818  18.916988
-27.292931  195.086639  18.992029
-26.991718  195.705536  19.062199
-26.546541  196.165848  18.919029
-26.117395  196.437515  18.827469
-25.688391  196.563797  18.716087
-25.174887  196.611984  18.582462
-24.657932  196.645767  18.485388
-24.028700  196.418167  18.194677
-23.325920  196.073135  17.856419
-22.646610  195.559662  17.482433
-21.968981  194.718201  17.037025
-21.351156  193.581009  16.532700
-20.724083  192.139969  16.053461
-20.164778  190.475464  15.560531
-19.802677  188.922470  15.160332
-19.502838  187.417343  14.758092
-19.280224  185.950394  14.375114
-19.084015  184.834686  14.121379
-18.910183  183.854843  13.917346
-18.740408  183.043228  13.744972
-18.597473  182.434647  13.612924
-18.444170  181.991638  13.484829
-18.304718  181.646240  13.382505
-18.158379  181.422821  13.303223
-18.025885  181.319595  13.238276
-17.910069  181.399948  13.242874
-17.793663  181.632172  13.291441
-17.676983  181.938080  13.349277
-17.583641  182.244553  13.400969
-17.546089  182.529663  13.438927
-17.496729  182.903946  13.508557
-17.452106  183.527893  13.616769
-17.472586  184.265091  13.736315
-17.497976  185.213074  13.893387
-17.535463  186.273941  14.092710
-17.602182  187.466080  14.331488
-17.619555  188.819901  14.633243
-17.696562  190.447464  14.986982
-17.688177  192.327652  15.426437
-17.647461  194.717697  16.234819
-17.485323  196.368408  16.773119
-17.363939  197.646973  17.170221
-17.190443  198.850616  17.519627
-16.957272  200.055328  17.852303
-16.627975  201.141724  18.071356
-16.199080  202.344360  18.305019
-15.631625  203.588943  18.318062
-15.049871  204.680649  18.351971
-14.389072  205.723602  18.244572
-13.803502  206.630737  18.225458
-12.838915  207.755417  17.873772
-12.213836  208.351746  17.791071
-11.537347  208.962723  17.671520
-11.027142  209.180908  17.610697
-10.415915  209.335083  17.570564
-9.741899  209.391830  17.438559
-8.930504  209.434982  17.333975
-8.026690  209.466629  17.274817
-7.197343  209.351761  17.152952
-6.343071  209.310776  17.185673
-5.550232  208.986572  17.056864
-4.527207  208.672546  17.208393
-3.680830  208.072235  17.062294
-2.916123  207.256744  16.815851
-2.357818  206.369461  16.517817
-1.804505  205.149475  16.048744
-1.282232  203.684219  15.450724
-0.711402  202.163757  14.845415
-0.173674  200.533264  14.147631
0.307133  199.178391  13.633174
0.668238  197.755753  13.180577
1.073118  196.339813  12.757009
1.418440  194.958878  12.372609
1.721541  193.691498  12.036589
1.962969  192.620865  11.767648
2.246435  191.690720  11.531773
2.635895  190.846802  11.335995
3.018547  190.119583  11.194738
3.429978  189.551682  11.101990
3.859825  189.190704  11.061352
4.249464  188.921906  11.046325
4.629623  188.769348  11.063352
4.964082  188.691116  11.098493
5.244850  188.664032  11.138841
5.543371  188.652100  11.171519
5.810403  188.649872  11.200990
6.076279  188.724152  11.257214
6.332906  188.852112  11.309966
6.561858  189.080048  11.381808
6.788251  189.393326  11.471099
7.036712  189.741409  11.569121
7.269732  190.104813  11.667074
7.482597  190.451721  11.760766
7.638976  190.704239  11.832812
7.778965  190.947235  11.904389
7.883246  191.164001  11.968290
7.961854  191.344543  12.016482
8.038074  191.529633  12.087492
8.103025  191.696945  12.149755
8.165650  191.871567  12.218872
8.183644  191.997925  12.275425
8.207886  192.109985  12.322056
8.241151  192.314560  12.404568
8.252356  192.417694  12.454051
8.264644  192.641907  12.571711
8.283957  192.870697  12.701137
8.304352  193.074081  12.823822
8.321758  193.271179  12.942536
8.314446  193.412079  13.031204
8.310265  193.524139  13.100701
8.305081  193.621353  13.168160
8.297853  193.711578  13.227934
8.283148  193.792786  13.292422
8.272038  193.866348  13.349281
8.263215  193.934341  13.396979
8.257653  193.991974  13.431808
8.243526  194.058929  13.478470
8.227493  194.113312  13.538895
8.200063  194.166962  13.607050
8.179439  194.196960  13.653876
8.171252  194.294998  13.644977
8.178658  194.454193  13.564460
8.186407  194.526978  13.509270
8.187861  194.572571  13.467353
8.205133  194.624466  13.404076
8.218378  194.686951  13.337683
8.230266  194.728958  13.288696
8.246423  194.745773  13.260137
8.253945  194.745132  13.191943
8.264186  194.742508  13.149385
8.276909  194.732269  13.115232
8.286587  194.721344  13.096474
8.296512  194.693039  13.077022
8.304135  194.671707  13.065854
8.313646  194.645416  13.051897
8.320636  194.622925  13.041980
