-110.951370   186.002136  -27.738285
-111.006409   185.315414  -28.045490
-111.075737   184.915359  -28.139975
-111.212029   184.851135  -28.098808
-111.318878   184.812302  -28.059193
-111.744667   185.011963  -27.663189
-112.096237   185.071976  -27.623957
-112.369766   185.081696  -27.716831
-112.661354   184.981537  -27.812727
-112.884674   184.952866  -27.853268
-113.247833   184.902084  -27.862411
-113.767258   184.755890  -27.922421
-114.156868   184.596146  -27.996742
-114.449814   184.516037  -28.029434
-114.665695   184.401611  -28.078939
-114.837814   184.295395  -28.125547
-114.971237   184.217621  -28.162235
-115.087204   184.165192  -28.182316
-115.178108   184.189041  -28.149401
-115.265564   184.257950  -28.081219
-115.354828   184.371994  -27.996996
-115.433052   184.467682  -27.926319
-115.504753   184.557266  -27.850742
-115.571945   184.671036  -27.766024
-115.614227   184.701279  -27.749269
-115.634598   184.723007  -27.741478
-116.003441   184.566269  -27.785988
-117.040199   184.085785  -27.628843
-117.750908   183.834213  -27.450586
-118.241508   183.711273  -27.299318
-118.640396   183.564835  -27.227367
-118.917542   183.590439  -27.107744
-118.873856   183.901321  -26.908052
-118.831467   184.184494  -26.737585
-118.797485   184.424561  -26.594822
-118.758125   184.648331  -26.476446
-118.711136   184.787292  -26.408823
-118.669327   184.887695  -26.361002
-118.628189   185.009445  -26.289352
-118.581940   185.109512  -26.238300
-118.522919   185.223450  -26.195169
-118.452805   185.307205  -26.183973
-118.394447   185.362473  -26.184244
-118.452354   185.445999  -26.076256
-118.625542   185.569611  -25.784294
-118.744820   185.689590  -25.538799
-119.586006   186.359665  -24.642868
-119.885414   186.708267  -24.420391
-119.960396   186.937729  -24.412991
-120.030960   187.007645  -24.513119
-120.193840   186.787506  -24.950556
-120.194901   186.655304  -25.354084
-120.271446   186.545258  -25.776522
-120.340836   186.437180  -26.206844
-120.381088   186.374985  -26.528965
-120.414871   186.346878  -26.770176
-120.429443   186.302292  -26.981392
-120.430534   186.270172  -27.156363
-120.417831   186.289017  -27.273907
-120.266838   186.332657  -27.556704
-120.133018   186.440811  -27.781422
-120.007774   186.549637  -27.971758
-119.892738   186.443512  -28.355965
-119.905922   186.537323  -28.362482
-119.927330   186.663467  -28.305946
-120.241066   186.732758  -27.997679
-120.383385   186.768280  -27.913748
-120.597542   186.633133  -27.893808
-120.713806   186.686417  -27.602840
-120.551735   186.894135  -27.115007
-120.260925   186.947998  -26.887726
-119.811768   186.796005  -27.094872
-119.479584   186.707596  -26.987040
-119.605545   186.655045  -26.712290
-119.371941   185.652771  -27.151037
-119.210869   184.842499  -27.557425
-119.136780   183.796295  -27.835918
-119.753311   181.780090  -27.892904
-120.395332   179.154068  -27.984314
-120.143364   176.057968  -28.537817
-120.014000   174.021896  -29.055872
-120.409134   173.452072  -28.051394
-120.976212   173.455353  -26.842422
-121.980667   169.972870  -28.869717
-122.564278   167.073120  -30.723055
-122.772247   164.011017  -32.517807
-123.032120   161.772903  -33.304790
-122.055138   157.324814  -34.425571
-123.150238   157.506927  -32.221378
-123.639015   157.314636  -31.609020
-124.064476   157.225021  -31.141550
-124.255638   155.008011  -32.575588
-124.922279   153.277298  -32.435047
-125.197723   150.079620  -33.176048
-125.467979   147.818130  -33.178032
-126.843674   148.586578  -30.914938
-126.626732   145.275864  -31.275759
-125.842834   142.331604  -32.136600
-124.836212   138.228928  -33.210316
-124.156639   135.872864  -33.763084
-124.652924   132.423737  -33.689114
-125.270088   129.650055  -33.515972
-125.499313   127.057449  -33.375347
-124.882500   124.420601  -34.720993
-124.827148   121.724396  -35.054455
-124.767044   120.364120  -35.206196
-125.041359   118.969849  -35.423828
-124.813492   117.083603  -34.954803
-125.220200   113.741768  -34.110565
-124.782455   111.859329  -33.667645
-124.953522   108.760597  -33.640995
-125.273888   106.427567  -33.706478
-125.638763   104.611595  -33.674191
-126.080650   103.162537  -33.531921
-126.165161   100.571609  -32.976440
-125.409821   97.910591  -33.033108
-125.142372   95.596046  -33.410530
-124.964516   93.534470  -33.121132
-124.901550   91.551674  -33.085293
-125.270203   90.368790  -32.471714
-125.095909   88.900864  -32.541721
-124.697685   86.668114  -32.933201
-124.551743   85.363754  -32.986828
-124.581650   84.552856  -32.651276
-123.986633   82.267822  -33.096924
-123.837929   81.086235  -32.836399
-124.035194   80.057564  -32.276093
-124.518845   79.522148  -31.594282
-124.174248   79.423447  -31.173885
-123.723846   78.624947  -30.662889
-123.272171   78.288986  -30.504795
-123.124283   78.182327  -30.338213
-123.012054   78.015015  -30.147913
-122.511253   78.352188  -29.867708
-121.894119   78.177338  -29.797264
-121.455055   78.568352  -29.647121
-121.015884   79.028267  -29.715967
-120.739166   80.133911  -29.467484
-120.628731   81.363754  -28.356020
-120.225838   83.274315  -27.449018
-119.658508   85.598061  -26.465782
-119.098190   87.157639  -25.318007
-117.790085   89.741959  -23.581066
-116.498787   92.191490  -22.035610
-115.398613   93.861237  -20.469681
-114.223709   96.010078  -19.198988
-113.613564   98.831451  -17.050699
-112.461617   100.687424  -15.729463
-111.321457   102.376724  -14.585002
-111.210030   105.351448  -11.718500
-110.638306   107.969795  -11.043398
-109.666779   110.002472  -9.891990
-108.898994   111.651703  -9.320143
-108.740929   114.471283  -10.324518
-108.950417   118.219315  -9.940715
-109.050346   122.704308  -8.156318
-110.136024   124.686317  -9.185205
-110.788055   127.158676  -9.313128
-111.392220   129.724350  -8.101684
-77.082535   90.001854  -1.442589
-90.338371   107.706551  -6.231319
-95.822510   115.037071  -6.009096
-98.036011   118.647202  -5.630785
-98.929291   121.099365  -5.363397
-100.720871   124.344002  -4.829291
-102.629723   127.061195  -5.247635
-103.589691   129.797653  -5.113575
-103.167534   131.326630  -5.191563
-103.494942   132.204178  -5.027202
-104.096237   134.859039  -4.901669
-104.740845   137.019669  -4.892424
-104.751053   139.253250  -5.558897
-105.013992   140.772949  -6.423883
-104.828850   141.801590  -7.045965
-104.794456   142.730835  -6.831133
-104.836647   143.761429  -6.717824
-105.389595   145.461548  -6.547473
-105.916443   146.895935  -6.473143
-106.372055   147.844299  -6.545703
-106.779770   148.566010  -6.626163
-107.139839   149.364990  -6.707652
-107.565491   149.678955  -6.997987
-107.999260   150.697998  -6.904327
-108.187584   152.012589  -6.719971
-109.403275   152.479874  -7.376197
-110.255341   153.052933  -7.787610
-110.795135   153.890137  -8.007385
-111.283623   155.807678  -8.079383
-111.081764   156.950089  -8.300046
-111.028229   158.709091  -8.144485
-111.007004   161.405624  -7.742800
-111.296814   165.344879  -7.709184
-111.488029   170.352005  -7.113615
-111.750549   174.038666  -6.427240
-111.602150   176.363708  -6.395253
-111.767708   177.666107  -6.471831
-111.517899   179.578323  -6.090404
-111.110901   180.047089  -6.766180
-110.886330   180.588058  -6.871534
-110.653671   180.997269  -7.133164
-109.949341   181.730347  -7.482660
-108.920998   182.886932  -7.968303
-108.573952   183.249786  -8.946876
-107.725746   183.599670  -10.227839
-106.903816   183.702332  -11.612345
-106.585236   182.802368  -14.186316
-107.114883   178.026764  -20.885925
-106.099663   177.069626  -23.887491
-104.466789   178.521271  -25.610172
-102.658279   179.651093  -26.615242
-101.691940   180.367828  -27.351088
-100.910324   180.559464  -27.997856
-101.266190   179.229355  -28.594637
-101.369339   178.389954  -29.004622
-101.325798   176.965149  -29.612583
-100.489914   175.214676  -30.407949
-98.032486   175.608948  -30.908709
-96.074059   175.910492  -31.303219
-94.696968   176.248199  -31.588369
-92.199020   175.950821  -31.884869
-89.316673   176.121597  -31.338263
-87.554047   176.663498  -30.343884
-85.735802   175.671143  -30.985315
-84.190704   173.560165  -32.288540
-82.558601   172.559311  -32.958298
-81.514366   172.029465  -33.358410
-80.210800   170.340729  -34.680191
-78.884338   168.742279  -36.349350
-78.163383   167.499603  -37.456669
-77.371887   166.256729  -38.680649
-77.294167   165.262131  -39.300404
-77.041885   163.899353  -40.000412
-76.666245   162.528824  -40.724937
-77.116119   161.268539  -41.172096
-77.801552   160.915268  -40.936890
-78.461899   160.200684  -41.082825
-79.601166   159.309967  -40.953514
-80.570137   158.081558  -41.062832
-81.674110   156.680801  -41.338619
-82.510658   155.468338  -41.202339
-84.032829   153.576065  -41.298828
-85.139954   152.161362  -41.218853
-85.216415   151.143036  -41.504738
-86.067627   150.830551  -39.850002
-87.333611   149.396622  -39.069328
-88.207870   147.861053  -38.217510
-89.390831   145.926041  -37.437176
-91.413269   143.633041  -36.414581
-92.413704   141.888458  -35.744259
-93.887764   140.191864  -34.879448
-94.776939   139.084305  -34.397682
-96.978249   136.412918  -34.305401
-98.152130   134.785233  -33.361183
-99.241608   133.850037  -32.285065
-100.746063   132.372070  -31.359015
-101.885162   130.953201  -30.974283
-104.709358   131.813446  -28.417610
-106.479546   132.246964  -26.155552
-107.783295   131.894638  -25.325483
-108.995415   131.346512  -24.718170
-109.559570   131.454239  -23.123913
-109.811882   130.272079  -21.733309
-110.548416   130.013504  -19.251566
-110.907280   129.578369  -18.029469
-111.579773   129.212448  -16.287100
-111.765312   127.945229  -14.950237
-111.529686   127.907318  -12.776796
-111.401779   127.553795  -11.843155
-111.526535   127.132912  -11.691389
-111.726311   126.872856  -11.604280
-111.883537   126.873451  -11.363850
-111.987900   126.912849  -11.154432
-112.102570   127.055077  -10.874870
-112.225586   127.169220  -10.620762
-112.301208   127.234100  -10.420018
-112.338432   127.270790  -10.289858
-112.286728   127.303131  -10.333989
-112.392593   127.514374  -10.112423
-112.381958   127.397888  -10.145861
-112.368767   127.323257  -10.192340
-112.333282   127.285027  -10.176184
-112.270096   127.236229  -10.177584
-112.135284   127.286598  -10.186255
-111.964249   127.396194  -10.168184
-111.836830   127.511993  -10.144556
-111.626610   127.835670  -10.156196
-111.769737   128.983994  -10.999063
-111.452690   129.420929  -12.225992
-111.205696   129.823517  -12.788228
-110.602882   130.822784  -12.619339
-110.179474   131.602112  -12.442606
-109.491821   131.766541  -13.025621
-108.712151   133.573502  -11.877097
-107.481422   133.384995  -12.531131
-106.626373   133.642761  -12.713241
-106.064980   133.722107  -12.857207
-104.835258   133.804016  -13.358801
-103.449547   134.737808  -13.216763
-101.626945   134.674072  -14.042066
-99.774925   134.171158  -13.581253
-99.099167   134.160278  -13.741009
-98.531311   134.262543  -13.938212
-98.062546   134.477295  -14.035573
-96.573830   134.958008  -15.026569
-95.500999   135.301178  -15.720018
-94.328621   135.271973  -17.061802
-93.719856   135.291901  -17.734364
-93.402756   135.343750  -18.087481
-92.752190   135.770401  -18.427816
-91.803535   136.242188  -19.084351
-90.862534   136.603226  -19.681065
-89.848671   137.137878  -19.907347
-88.209702   137.661255  -20.133135
-86.486877   138.089325  -20.272383
-85.374229   138.747192  -20.132008
-84.691818   139.080338  -20.120407
-83.907120   139.349152  -20.313494
-83.192795   139.589279  -20.583136
-82.070984   139.813995  -20.992476
-80.917503   140.195297  -21.367311
-79.779251   140.301804  -21.726444
-78.183701   140.959808  -21.436653
-77.197868   141.386963  -21.229164
-76.573929   141.674622  -21.080807
-75.833466   141.893906  -21.059122
-75.021027   142.141403  -21.170506
-73.995995   142.531372  -21.259594
-73.166252   142.789078  -21.390274
-72.268768   143.115784  -21.436758
-70.978951   143.554947  -21.549257
-70.136032   143.797516  -21.639397
-69.484192   144.027435  -21.809597
-68.903473   144.177032  -22.016705
-68.442352   144.263092  -22.276361
-67.919586   144.640244  -22.370884
-67.336212   144.747696  -22.878996
-67.103218   144.763458  -23.075544
-66.861496   145.092102  -23.127880
-66.740326   145.409943  -23.116898
-66.495186   145.959991  -23.614338
-66.125710   146.574432  -24.045618
-65.954735   147.007004  -24.378153
-65.898643   147.386810  -24.678366
-65.899780   147.811844  -24.866394
-65.963928   148.229507  -24.920021
-65.956558   148.581665  -25.056860
-65.953140   148.933624  -25.147289
-65.985718   149.237488  -25.184088
-65.964935   149.466080  -25.282633
-65.924141   149.662231  -25.425573
-65.937813   150.042160  -25.888990
-65.949234   150.326859  -26.646448
-66.557945   150.255646  -27.316303
-66.891655   150.526093  -27.571533
-67.002953   150.717911  -27.489519
-67.393944   150.880264  -27.323034
-67.844383   151.084122  -27.122154
-68.260139   151.339935  -26.794394
-68.695999   151.444641  -26.351448
-69.126610   151.402145  -26.072309
-70.183830   150.938614  -25.845432
-71.024582   150.568863  -25.651884
-72.322830   149.974365  -25.313837
-73.528221   149.478729  -24.908220
-74.698463   148.993896  -23.912392
-75.988503   147.934631  -23.056738
-77.303703   146.517014  -22.287867
-78.616516   145.369934  -21.255842
-79.565094   143.853241  -20.252485
-80.676857   141.778580  -19.615431
-81.758446   140.083527  -19.010544
-82.598862   138.450882  -18.530001
-83.794716   136.234039  -17.734371
-84.522980   134.455627  -17.285248
-85.257111   132.890350  -16.840584
-86.006821   131.325348  -16.643606
-86.564438   129.431229  -16.503538
-87.259270   127.479195  -15.867930
-87.989769   125.046547  -15.459710
-88.370110   123.410118  -15.237153
-89.137512   121.535164  -15.303559
-89.634239   119.696854  -15.360096
-90.124641   118.005890  -15.326873
-90.696014   116.138008  -15.823586
-91.216560   113.602928  -16.362566
-91.697342   111.439102  -17.013390
-92.059937   108.962082  -17.865839
-92.475143   105.692459  -17.985792
-92.054871   102.684608  -17.399494
-91.789146   100.448517  -16.719664
-91.572205   98.988548  -16.585110
-90.876053   96.874031  -16.717520
-90.339806   95.196754  -16.611979
-89.605225   93.187317  -16.684849
-88.953758   92.173279  -16.741550
-88.473366   91.452309  -16.764868
-87.917290   90.654572  -16.924435
-87.137947   89.557358  -17.092941
-86.153496   88.359726  -17.337221
-85.223297   87.292816  -17.276590
-84.379532   86.311325  -17.590052
-83.427750   85.525475  -17.857065
-82.666420   84.800499  -18.241728
-81.950241   84.110962  -18.715883
-81.280449   83.457687  -19.319180
-80.468208   82.924988  -19.602980
-79.397743   82.450546  -20.555178
-78.518898   82.104347  -21.261124
-77.750160   81.934052  -21.723942
-76.933914   81.900345  -22.086674
-75.626007   82.094185  -22.676962
-74.555779   81.765335  -23.675451
-73.637215   81.679138  -24.374519
-72.806564   81.882401  -24.952087
-71.906418   82.079582  -25.670124
-70.901894   82.486649  -26.304916
-69.837738   83.291634  -26.911764
-68.792908   83.719734  -27.592978
-67.339569   85.340881  -28.153826
-66.133598   86.617363  -28.636482
-65.280579   88.774925  -28.628105
-64.595757   91.000870  -29.048321
-63.834034   92.250793  -29.754677
-62.728004   94.308754  -29.936666
-61.513054   95.647377  -30.682049
-60.667183   96.935188  -30.540335
-59.858524   98.865356  -30.464014
-58.599735   99.680931  -31.848448
-57.788109   100.950775  -33.156906
-57.813885   102.143501  -32.884514
-57.568409   103.427696  -32.592907
-57.521210   104.235550  -32.357643
-57.370152   105.121994  -32.059792
-57.237793   106.103004  -31.710955
-57.028385   107.803986  -30.909700
-57.014107   109.324051  -30.291628
-57.086494   110.451691  -29.811180
-57.095783   111.843803  -29.552570
-57.986912   113.718384  -29.630262
-58.205761   116.220757  -29.407774
-58.911545   117.728760  -29.356226
-60.706356   120.308792  -29.949520
-61.732876   121.886215  -30.117285
-62.033859   123.838181  -29.607706
-62.421894   124.791565  -29.181335
-62.981445   126.188797  -28.987394
-63.848587   127.938751  -28.814768
-64.705139   129.941757  -28.822378
-65.573914   131.593796  -28.341066
-65.938438   133.065186  -27.818665
-66.224457   134.272400  -27.343235
-66.839577   135.930603  -26.755835
-67.611374   137.140030  -26.302567
-67.956245   138.193481  -25.742678
-68.606789   139.215424  -25.148771
-69.344391   140.104736  -24.640305
-70.758835   140.929230  -24.509979
-71.943367   141.697632  -24.265270
-72.835732   142.256500  -23.855484
-73.590263   142.643646  -23.550890
-74.393616   143.044937  -23.166214
-75.313423   143.529236  -22.729673
-76.714478   144.455704  -22.471479
-77.898148   145.236481  -22.250307
-78.494370   145.711853  -22.000660
-79.215202   146.105530  -21.752970
-80.018883   146.960953  -21.386381
-80.873711   147.276199  -21.051447
-82.206055   147.012482  -20.755468
-83.754425   146.777634  -20.425924
-85.031494   146.578613  -19.948656
-85.907227   146.485519  -19.464092
-86.992485   146.195313  -18.931667
-87.794380   145.987228  -18.529600
-88.125465   145.978256  -18.280684
-88.528336   146.014694  -18.014585
-89.515358   145.633728  -17.390171
-90.723732   144.783020  -16.902611
-91.753975   144.260483  -16.140957
-92.504654   143.832626  -15.820740
-93.083366   143.435410  -15.480349
-93.710548   142.966644  -15.179417
-94.497238   142.475998  -14.452364
-95.169403   141.858932  -14.198562
-95.778664   140.898026  -14.205356
-96.223740   140.219162  -14.207812
-96.693474   139.503067  -14.179448
-96.938728   138.915970  -14.199797
-97.014427   138.290009  -14.304022
-97.043266   137.759415  -14.411144
-97.041054   136.736725  -14.818162
-96.938095   136.136963  -15.139237
-96.862198   135.842331  -15.352097
-96.652222   135.697418  -15.615796
-96.359772   135.589981  -15.914699
-95.816795   135.581680  -16.285282
-95.405838   135.632584  -16.491194
-94.450119   136.255112  -16.279417
-93.592178   136.689789  -16.281420
-93.170776   136.904007  -16.315201
-92.634399   137.158005  -16.400270
-92.221161   137.343277  -16.470110
-91.111786   137.955505  -16.714418
-89.907547   138.722946  -16.885424
-88.975288   139.239029  -17.198126
-88.267860   139.555191  -17.476089
-87.631210   139.857727  -17.671431
-86.782722   140.376541  -17.734663
-86.011551   140.713425  -17.689688
-85.436340   141.096893  -17.672724
-85.030716   141.426529  -17.945927
-84.607170   141.634018  -18.458206
-84.068047   141.913345  -19.038639
-83.365952   142.141479  -19.627415
-82.443756   142.479828  -20.622036
-81.836723   142.694550  -21.272772
-80.731422   142.810455  -22.293638
-79.327835   143.030563  -23.288313
-78.213295   142.801285  -24.341986
-76.800163   142.611877  -24.957462
-75.333008   142.214401  -25.794930
-74.236435   142.000656  -26.349054
-73.468063   141.752655  -26.781509
-72.742630   141.449890  -27.185472
-72.214455   141.369003  -27.435049
-70.566299   141.300354  -27.835354
-69.103256   141.241501  -28.190500
-67.929611   141.232361  -28.395668
-66.696541   141.015640  -28.750462
-64.573830   140.774902  -29.213745
-63.121944   140.019760  -29.626516
-62.147507   139.710968  -29.831778
-61.084175   140.233124  -29.802898
-59.789204   140.503860  -29.970652
-58.369061   140.673492  -30.208794
-57.015797   140.782852  -30.436747
-55.256874   140.914200  -30.664913
-53.820652   140.869431  -30.933863
-52.470528   140.970642  -31.534061
-51.626995   141.060959  -31.903261
-50.848919   141.327789  -32.273624
-49.992290   141.602737  -32.687775
-49.245087   141.756378  -33.063873
-48.560902   141.820450  -33.411655
-47.857151   141.917694  -33.707035
-46.885403   142.127319  -34.023746
-46.153057   142.191025  -34.299343
-45.493397   142.032913  -34.716686
-44.874706   141.965286  -35.041481
-44.196083   141.900085  -35.279762
-43.719265   141.876434  -35.442360
-43.118992   141.813736  -35.623901
-42.242821   141.626221  -35.762844
-41.633522   141.446518  -35.842937
-41.122837   141.386368  -35.869423
-40.720581   141.484207  -35.847980
-40.337803   141.522079  -35.968750
-40.113029   141.551559  -36.034679
-39.932648   141.776733  -36.021950
-39.748489   142.289810  -35.880768
-39.609367   142.750458  -35.755272
-39.488224   143.105804  -35.669819
-39.441589   143.353348  -35.616177
-39.466377   143.550140  -35.533245
-39.492012   143.721680  -35.454651
-39.631824   143.866028  -35.364159
-39.853725   143.975861  -35.259159
-40.180580   143.986969  -35.178009
-40.676357   143.919220  -35.077423
-41.173279   143.829086  -35.055061
-41.556419   143.763245  -34.962181
-41.838406   143.773514  -34.777790
-42.575169   143.599350  -34.530678
-43.441013   143.347443  -34.277653
-44.342041   142.802383  -34.191372
-45.331974   142.066986  -34.085442
-46.230801   141.152710  -33.959816
-47.214211   140.141830  -33.816154
-48.373211   138.903381  -32.939320
-50.068855   136.852737  -32.264626
-51.122772   135.031921  -31.889605
-51.966175   132.895874  -31.525654
-52.848412   130.781693  -31.231182
-53.614498   129.003784  -30.250870
-54.244904   127.293091  -29.691019
-54.981487   125.242989  -29.484777
-55.735382   123.755684  -29.103655
-55.803959   120.419983  -30.133419
-56.905293   118.467857  -29.574568
-57.157784   115.989014  -29.950697
-58.279469   113.598099  -29.460052
-58.949875   111.169624  -29.503523
-59.908421   108.763969  -29.463545
-60.419159   106.448151  -29.331726
-61.061825   104.833488  -28.855328
-61.176064   103.076897  -29.021185
-60.815331   99.118134  -29.486979
-60.524223   95.824409  -29.592890
-61.225998   93.651115  -28.668877
-61.646778   91.529312  -27.875071
-61.748791   89.810402  -27.503700
-61.549770   88.411568  -27.446905
-61.357868   86.388229  -27.403229
-60.960243   84.178970  -27.394730
-60.344307   81.680542  -27.670397
-59.575806   79.440926  -28.030006
-58.763409   76.969673  -27.697538
-56.557274   74.241783  -27.423326
-53.591034   74.213867  -26.247343
-51.477428   73.556183  -25.455101
-50.238930   73.615501  -25.325270
-48.969894   73.574440  -25.489185
-47.812756   73.605232  -25.475361
-46.674500   73.995895  -25.771145
-45.450981   74.130981  -26.409760
-43.328060   74.336418  -27.174538
-41.735249   75.229683  -27.545364
-40.472054   75.381500  -28.239719
-39.471478   75.116653  -29.036232
-38.794628   74.880104  -29.559240
-37.956020   75.433868  -30.508900
-36.429138   76.051010  -31.685089
-34.992161   76.731071  -33.039707
-33.972683   77.331329  -35.015167
-32.530117   77.865021  -36.797134
-31.893423   77.857979  -38.594036
-31.213018   77.855804  -39.651825
-30.377499   78.072372  -40.534962
-29.561138   78.650269  -41.385021
-28.946375   79.617226  -42.349323
-28.283321   80.524567  -43.109989
-27.754656   81.501999  -43.653831
-27.386234   82.898849  -43.988998
-26.854412   84.695419  -43.962666
-26.627050   86.449539  -43.872112
-26.392570   88.137260  -43.857059
-26.030537   91.064888  -43.706089
-25.893461   93.080811  -44.033119
-26.250031   95.036346  -44.230812
-26.558273   96.879601  -44.212311
-26.928461   98.491440  -43.832878
-27.235430   100.905151  -43.029613
-27.767035   102.759895  -42.008209
-28.501028   105.005333  -41.710331
-29.031477   107.106598  -41.268448
-29.039530   92.416428  -15.733330
-30.239410   110.589989  -28.251764
-28.136898   116.815262  -31.824459
-27.116299   119.431137  -32.795887
-26.757463   120.733070  -33.045166
-26.821081   122.004387  -33.076778
-27.125443   123.408218  -32.888248
-27.514124   124.486801  -32.714314
-28.192511   125.907890  -32.571465
-28.834131   127.196693  -32.139217
-29.862295   128.497955  -32.305084
-30.488262   129.652817  -32.097664
-31.578230   130.717514  -32.189293
-32.241459   131.551956  -31.946512
-33.114185   132.391190  -31.804192
-33.945297   133.125870  -31.442318
-34.681866   133.656174  -31.027431
-35.404560   134.060745  -30.532183
-36.308041   134.232742  -30.206558
-37.075005   134.614410  -29.641129
-38.094658   135.240234  -29.274624
-39.224892   135.934784  -29.086811
-40.638844   136.501801  -28.850227
-41.581505   136.709641  -28.572678
-42.350800   136.896057  -28.276026
-43.176025   137.040833  -27.894115
-44.108089   137.053009  -27.459864
-45.509201   137.202103  -26.784273
-46.476513   137.144119  -26.174850
-47.452358   137.104904  -25.545416
-47.986660   137.103516  -24.974472
-48.483734   136.762039  -24.430737
-49.260567   136.265533  -23.822950
-49.959358   135.699463  -23.213305
-50.494385   134.974472  -22.687206
-51.212273   134.222290  -21.999054
-51.887142   133.135025  -21.544683
-52.716396   132.012726  -21.259935
-53.622730   130.924362  -20.861755
-54.204826   129.703262  -20.312239
-54.627785   128.511154  -19.866924
-54.869686   127.470650  -19.553822
-55.078785   126.473740  -19.401354
-55.220814   125.679413  -19.239576
-55.223164   124.929909  -19.289785
-55.185322   124.366913  -19.350988
-55.022060   123.741486  -19.432976
-54.752224   123.219421  -19.648712
-54.295280   122.669060  -19.892796
-53.791370   122.192238  -20.126766
-53.315479   121.803482  -20.362030
-52.977665   121.617790  -20.591425
-52.021713   122.451660  -20.581631
-50.670044   122.544357  -20.773912
-49.680698   122.709770  -20.924868
-48.972233   122.805573  -21.153883
-48.003101   123.222298  -21.495129
-47.086529   123.530724  -21.848740
-45.732033   123.730141  -22.065742
-44.407852   123.952606  -22.379808
-43.209019   124.205818  -22.885962
-41.798847   124.430412  -23.278814
-40.237610   124.978958  -23.666298
-38.934418   125.651466  -23.969717
-37.296131   126.393768  -24.356283
-35.114624   127.021523  -24.579041
-33.159863   127.076607  -24.946377
-31.769505   127.221222  -25.304644
-30.058748   127.310730  -25.746899
-28.495928   127.684143  -26.481070
-26.525955   127.747940  -27.018200
-24.508335   127.813622  -27.444601
-22.801443   127.810928  -27.768034
-21.128826   127.923256  -28.226219
-19.643024   127.827896  -28.624371
-17.980198   127.767395  -29.278433
-16.262976   127.863632  -30.208244
-14.713689   128.036621  -30.992229
-13.303616   128.045609  -31.563326
-12.021708   128.207809  -32.004459
-10.859465   128.306473  -32.430832
-9.663746   128.410126  -32.923668
-8.713298   128.595718  -33.305733
-7.564376   128.810883  -33.775570
-6.403083   128.974411  -34.281952
-5.444577   129.242477  -34.696007
-4.451262   129.633163  -35.138702
-3.483084   129.826935  -35.530510
-2.466860   129.975235  -35.719334
-1.708858   130.199097  -35.943829
-0.900676   130.341782  -36.150753
-0.305489   130.636551  -36.306149
0.113651   131.055389  -36.525505
0.502705   131.450043  -36.559471
0.807234   131.919571  -36.765602
1.123853   132.347153  -36.997513
1.424133   132.758408  -37.206669
1.725230   133.129547  -37.404488
2.305125   134.152603  -37.804993
2.572046   134.684036  -37.991199
2.730583   135.336258  -38.164726
2.919729   135.984940  -38.414810
2.831131   136.746750  -38.659817
2.827973   137.440628  -38.665802
2.804616   137.862411  -38.661583
2.624266   138.705627  -38.707100
2.371898   139.357697  -38.761070
2.197223   139.789551  -38.879395
2.015074   140.140762  -38.880909
1.920676   140.312973  -38.873451
1.811705   140.376328  -38.882938
1.695354   140.440628  -38.904457
1.652749   140.564499  -38.889549
1.633382   140.695786  -38.883770
1.615375   140.845047  -38.862865
1.610489   140.915894  -38.868000
1.523836   140.841782  -38.830448
1.462822   140.782608  -38.777588
1.393351   140.597672  -38.712883
1.375035   140.387909  -38.589886
1.282526   140.138763  -38.445438
1.156456   139.657883  -38.193142
1.054731   139.049667  -37.855434
0.934622   138.560577  -37.678684
0.786512   137.404160  -37.535637
0.595521   135.921066  -37.378681
0.519034   134.420898  -37.346581
0.375156   132.686020  -37.155502
0.204319   131.261948  -37.013630
0.112300   129.733032  -36.941948
-0.002284   127.599304  -37.041931
-0.148203   126.035698  -36.994305
-0.168362   124.234428  -36.943218
-0.221424   122.062157  -36.873825
-0.231553   120.104744  -36.647099
-0.066063   118.083771  -36.415195
-0.061720   115.927658  -36.156078
-0.209478   113.838013  -36.053028
-0.405997   111.537224  -36.014153
-0.360914   109.518639  -35.683598
-0.297059   107.762184  -35.357594
-0.719350   105.916466  -35.428883
-0.918113   104.279770  -35.384933
-1.158857   102.593399  -35.366184
-1.236021   100.108818  -35.292831
-1.429379   98.394592  -35.102238
-1.652011   96.721031  -35.338745
-1.855582   95.477921  -35.238262
-1.815859   93.843025  -35.273548
-1.730509   92.159088  -35.203434
0.246314   90.473419  -36.316051
0.100374   88.716591  -36.342487
-0.546430   86.319511  -36.303612
-1.040725   84.696251  -36.181068
-1.480970   83.399605  -35.941200
-1.922564   82.137794  -35.595371
-2.668655   77.757324  -35.265331
-3.200790   75.161072  -34.833424
-3.526178   73.638214  -34.436272
-3.828547   72.609558  -34.113270
-4.407033   71.253456  -33.838253
-4.810614   70.346924  -33.621986
-5.153202   68.826920  -33.503174
-5.494977   67.467796  -33.425323
-5.916121   65.926865  -33.116653
-6.197667   64.885513  -32.762180
-6.489250   63.993393  -32.513916
-6.690700   63.422585  -32.368244
-6.909741   62.840790  -32.211983
-6.986862   62.610966  -32.134209
-7.357398   61.886826  -31.879457
-7.701109   61.120934  -31.571554
-7.995779   60.633911  -31.350471
-8.289957   60.069496  -31.106672
-8.811562   59.027340  -30.547375
-9.630730   57.549255  -29.638905
-10.534239   55.843410  -28.565765
-11.413568   54.370201  -27.782949
-12.401121   53.029087  -26.911928
-13.468050   51.698914  -26.055777
-14.471267   50.338013  -25.333391
-15.343365   49.112518  -24.658207
-15.869537   48.373817  -24.247362
-16.362810   47.859394  -23.958950
-17.024548   47.394379  -23.306103
-17.753729   47.293362  -22.945322
-18.238398   47.305050  -22.798199
-18.527767   47.309776  -22.702133
-18.799965   47.409138  -22.612835
-19.063990   47.526611  -22.541773
-19.291574   47.924259  -22.410439
-19.263334   48.901413  -22.115770
-19.182058   50.098019  -21.724287
-19.079361   50.948246  -21.458454
-19.042883   51.481182  -21.247541
-19.002180   51.818470  -21.171375
-18.982149   52.063774  -21.112921
-19.046232   52.130505  -21.077024
-19.147455   52.472057  -21.325310
-19.237928   52.762478  -21.531147
-19.239193   52.979801  -21.768196
-19.248247   53.156269  -21.950350
-19.314037   53.431713  -22.197958
-19.316387   53.629730  -22.427588
-19.275471   53.661377  -22.695185
-19.293217   54.067940  -22.785198
-19.390469   54.279579  -22.764246
-19.467745   54.408558  -22.720720
-19.509628   54.483784  -22.693504
-19.554916   54.535114  -22.659344
-19.586409   54.575207  -22.636808
-19.641182   54.598618  -22.585615
-19.671518   54.624409  -22.559784
-19.717031   54.631462  -22.502563
-19.734331   54.698685  -22.402958
-19.759134   54.748665  -22.350401
-19.786209   54.791908  -22.308311
-19.779457   55.167088  -21.946850
-19.700363   55.764046  -21.271479
-19.654169   56.483959  -20.677345
-19.641685   57.084732  -20.307074
-19.477177   58.284275  -19.669735
-19.354771   60.452438  -18.631369
-19.115723   61.926090  -18.028946
-18.968235   63.003830  -17.759945
-18.905247   64.335983  -17.524092
-18.783007   65.735252  -17.252333
-18.650566   67.194313  -16.988281
-18.314621   69.028633  -16.777061
-17.791801   72.062508  -16.509312
-16.831087   75.189209  -16.197868
-15.012717   77.251305  -16.149635
-12.702715   79.489868  -15.581318
-11.397588   82.713242  -15.945222
-9.446207   85.388023  -15.693939
-8.081088   87.345100  -16.414103
-7.317216   89.867615  -16.514565
-6.751855   91.800713  -16.776928
-6.019795   93.690796  -17.018826
-5.388182   96.258278  -17.428564
-4.228715   100.683853  -16.905819
-3.628434   102.883514  -16.658131
-2.963901   105.259155  -16.675993
-2.577147   107.636780  -17.310862
-2.095721   109.081116  -17.504787
-1.788007   110.838203  -17.443104
-1.223689   112.689606  -17.298584
-0.829144   114.397148  -17.802126
-0.439960   116.474594  -18.090778
-0.116364   118.085381  -18.294188
0.271394   120.392731  -18.899212
0.349627   122.046371  -19.562305
0.473540   123.303024  -20.319857
0.416275   124.831032  -21.249075
0.503518   126.471664  -21.861109
0.429589   128.004410  -22.698572
0.121258   129.292648  -23.674463
0.095431   130.063217  -24.416374
0.077050   130.921127  -25.301550
-0.384654   131.791458  -26.223612
-0.752462   132.477234  -27.150461
-0.878664   133.137054  -28.405142
-1.116871   133.762711  -29.569384
-1.871213   134.289017  -30.861534
-2.104345   134.640472  -31.739088
-2.120315   135.105820  -32.249107
-2.307798   136.184372  -32.942657
-2.563571   136.886780  -33.423244
-2.766032   137.355118  -34.148731
-3.011359   137.738312  -35.172649
-3.221486   137.992584  -35.923164
-3.726388   138.401505  -36.680546
-4.285634   138.208252  -37.962982
-4.906250   137.642166  -38.776047
-5.438673   137.406769  -39.202332
-6.068125   136.824112  -39.772598
-6.666815   136.277939  -40.087666
-7.317775   135.795502  -40.470699
-7.870384   135.077682  -40.925892
-8.446181   134.314529  -41.287014
-8.816122   133.752060  -41.535290
-9.246561   133.287384  -41.654625
-9.467445   133.051865  -41.739494
-9.616451   133.035248  -41.743084
-9.709756   133.195786  -41.745373
-9.761969   133.427200  -41.743233
-9.864038   133.473892  -41.743042
-9.942878   133.399765  -41.714485
-10.002561   133.279572  -41.643238
-10.005107   133.145203  -41.534805
-9.941174   132.963272  -41.336643
-9.845057   132.906128  -41.022911
-9.529905   132.815384  -40.412788
-8.791976   132.305176  -39.502617
-8.372794   131.789154  -39.050293
-7.799216   131.345078  -38.413841
-7.416697   131.227600  -37.941013
-6.870447   131.140656  -37.388359
-6.364445   130.950287  -37.030392
-5.422823   130.478546  -36.217426
-4.789472   130.105515  -35.603313
-4.090916   129.787659  -34.996864
-3.706563   129.675232  -34.626308
-3.289332   129.621979  -34.437832
-2.431797   130.339172  -33.145981
-1.708764   130.825073  -32.434231
-1.158867   130.763626  -31.889927
-0.592614   130.597824  -31.392555
0.459072   130.244080  -30.759073
2.029982   130.574463  -30.281136
2.851218   130.635147  -29.958092
4.069627   130.221542  -29.580631
5.027764   129.864410  -29.252064
6.457625   129.088272  -28.543617
7.683214   128.256729  -28.125010
8.618900   127.774345  -28.064293
9.562079   127.310837  -27.969862
10.531383   126.786491  -28.096573
11.466244   126.025040  -28.262333
12.440241   125.008797  -28.275707
13.017611   124.017410  -28.508240
13.472273   122.568642  -28.833006
14.329808   120.773842  -29.255457
15.479103   118.788857  -29.611214
16.565317   116.383842  -29.841766
17.565849   114.081360  -30.242138
18.418882   112.666191  -30.652103
19.183815   111.500320  -31.000456
20.308517   109.886574  -31.396557
21.181042   108.450790  -31.685453
21.968025   107.284683  -31.842607
23.327444   106.737549  -31.683889
24.440233   106.329544  -31.760885
25.469406   105.812683  -31.822573
26.238911   105.318466  -31.977631
27.113817   104.867653  -32.240028
28.330603   104.393448  -32.277359
29.088589   104.081665  -32.301125
29.399296   104.118202  -32.519615
29.557425   104.172501  -32.646950
29.588840   104.318031  -32.963203
29.787109   104.549767  -33.186646
29.936237   104.983337  -33.303776
30.094671   105.706329  -33.394505
30.163525   106.659363  -33.502144
30.080072   107.699150  -33.834106
29.734921   109.090179  -34.249573
29.466917   110.289619  -34.515057
29.263538   111.729912  -34.869965
28.856644   113.071640  -35.143375
28.414072   114.359413  -35.336937
27.740831   115.816719  -35.372124
27.198780   117.297348  -35.298527
26.627560   118.613373  -35.228672
25.760996   119.733208  -35.208260
25.059954   120.954422  -35.057297
24.402231   122.129997  -34.777416
23.443867   123.274498  -34.523647
22.052475   124.157326  -34.385620
21.088715   124.811371  -34.165802
20.227781   125.383797  -33.769093
19.438768   125.859741  -33.384449
18.513489   126.278175  -32.985477
17.538023   126.521637  -32.487720
16.527790   126.519806  -31.998610
15.725296   126.321922  -31.617889
14.922510   125.759079  -31.128242
14.116593   125.079979  -30.753025
13.002537   124.274696  -30.343903
11.717119   123.090942  -29.850647
10.451834   121.403221  -29.397654
9.119099   119.431229  -28.845751
7.756615   117.140404  -28.333353
6.518683   114.336533  -27.578672
5.074684   111.744942  -27.124372
3.609655   108.584091  -27.284052
2.472258   104.896164  -27.426167
1.604481   101.395660  -27.958092
0.697988   98.124977  -28.285131
-0.116523   94.764709  -28.302599
-0.203220   91.394562  -28.137636
-0.665521   88.562523  -28.313368
-0.700297   85.658417  -28.133610
-0.388847   82.358818  -27.951591
-0.045584   79.703636  -27.492611
0.623762   77.200844  -27.419491
1.402509   75.199646  -27.109394
2.915080   73.030083  -26.991142
3.899072   71.473503  -26.837414
4.931269   69.831909  -26.740343
6.002614   67.852318  -26.869783
7.038450   65.977982  -27.098139
8.169524   64.090889  -26.891806
9.539224   62.319988  -27.015982
10.447889   60.415661  -27.086811
11.407832   59.324436  -27.236824
12.474754   58.380196  -27.555975
13.699947   58.263561  -28.689793
14.811314   57.908230  -29.484539
15.445232   57.680004  -29.950813
16.016951   57.683231  -30.351519
16.537392   57.799393  -30.641455
17.363813   58.219276  -31.132082
18.236427   58.827698  -31.855553
19.407379   59.650684  -32.705135
20.540306   60.689236  -33.591763
21.637331   61.896801  -34.259293
22.865902   63.400478  -35.255302
23.936060   65.134415  -36.432426
24.826393   66.861320  -37.408474
25.573828   69.090919  -38.376316
26.170626   70.851418  -39.002872
26.848318   72.922218  -39.719273
27.344128   75.100967  -40.232002
27.805340   77.982407  -41.259491
28.737200   81.457069  -42.105160
29.211969   83.948631  -42.511581
29.503361   85.927559  -42.859421
30.277294   88.788872  -44.271984
30.404568   92.133102  -45.735569
30.694691   94.532227  -46.772644
30.678680   96.358253  -47.387234
30.849483   98.567787  -47.944176
31.237602   100.940773  -48.938629
32.066071   104.494270  -50.097160
32.264442   106.680328  -50.672558
32.250793   108.473297  -50.883297
32.126099   110.030617  -51.002319
32.127548   112.348305  -50.715359
32.347866   115.148712  -50.604130
32.473686   117.482475  -50.378109
33.675682   120.355125  -50.684544
34.447979   123.202438  -50.871582
34.516235   125.105003  -51.017040
34.288433   126.350571  -51.249851
33.909149   128.357101  -51.578983
33.637703   130.096085  -51.882507
33.780998   131.791199  -52.289906
33.550709   132.728882  -52.474190
33.101982   133.528137  -52.600460
32.653107   134.709290  -52.853874
32.334663   135.660294  -53.078835
31.969847   136.308136  -53.252037
31.703264   137.180466  -53.229881
31.504627   137.584488  -52.884155
31.129902   137.273621  -52.608799
30.998243   136.824905  -52.208702
30.872747   136.499298  -51.516132
30.822861   135.941315  -50.343037
30.763140   135.490173  -49.469898
30.306629   134.546799  -49.105221
30.200972   133.157852  -48.125957
30.341108   131.967682  -47.184399
30.370972   129.936905  -45.954472
30.258102   127.861023  -45.094891
29.977514   126.003822  -44.697887
29.453381   124.117729  -44.198860
28.902979   122.318436  -43.718086
28.420540   120.836113  -43.330833
28.445053   118.352219  -42.505909
28.344267   116.628487  -41.972767
28.523302   114.555145  -41.574970
28.158045   112.351303  -41.307552
27.963348   109.800865  -41.013844
28.175987   106.411011  -40.116707
28.339033   103.164215  -38.594978
28.646709   100.338928  -38.202583
28.820906   97.730743  -36.851864
29.264719   95.000961  -35.898575
29.787064   93.060051  -35.225266
29.997463   90.566345  -34.460251
30.347250   88.737335  -34.058590
30.964989   86.984253  -33.464329
31.096798   84.862923  -32.791332
30.952471   83.047462  -32.268841
30.940510   81.507332  -31.939310
30.759214   79.992393  -31.853571
30.756531   77.786026  -31.580099
30.884548   75.062462  -30.971836
30.918268   72.912231  -30.662256
30.736938   70.724022  -30.609243
30.849234   68.513390  -30.630079
31.009071   66.705544  -30.657957
31.129368   64.709557  -30.730154
31.220392   62.818050  -30.707079
31.302265   61.341705  -30.889435
32.122532   59.464516  -30.690794
32.593765   58.341511  -30.795952
33.278099   57.255432  -30.907152
34.088474   56.511456  -31.153717
35.097572   55.699062  -31.317547
36.342449   55.212349  -31.256462
37.211594   54.839630  -31.421518
38.168995   54.700253  -31.618702
39.515202   54.726784  -31.973768
40.824501   55.020073  -32.237377
42.332775   55.367409  -32.888092
43.567024   55.942131  -33.513920
44.822353   56.626759  -34.624470
45.941235   57.698776  -35.307602
46.853073   58.653362  -35.907013
47.749260   59.798370  -36.541302
48.709766   61.085133  -37.072369
49.910015   62.760662  -37.688995
51.002701   64.511787  -38.378178
51.974098   66.280174  -39.092663
52.584339   68.177925  -39.760311
53.563248   70.225784  -40.750759
53.541706   72.434250  -41.578968
53.400707   74.589020  -42.391689
53.762985   75.479927  -43.772247
53.451752   77.318253  -44.185112
53.382320   78.635979  -44.248951
53.156670   80.139595  -43.972446
52.929211   81.851524  -43.505367
52.749294   82.871979  -43.312595
52.576778   84.440750  -42.748810
52.066433   86.485710  -42.277664
50.801899   87.898445  -41.848522
50.127571   88.725227  -41.615078
