-101.046997   130.828979  17.615063
-101.036499   130.538162  17.505598
-101.045021   130.427719  17.442976
-101.056503   130.337250  17.382227
-101.076431   130.190598  17.278479
-101.091705   130.136978  17.244410
-101.133324   130.022308  17.174072
-101.161911   129.946854  17.127022
-101.176758   129.907822  17.103149
-101.213310   129.814163  17.061092
-101.237740   129.752045  17.033140
-101.237015   129.699661  17.007294
-101.236298   129.649261  16.982462
-101.241661   129.625366  16.974203
-101.240662   129.604568  16.965010
-101.238388   129.589111  16.958628
-101.231346   129.562668  16.947866
-101.222908   129.551254  16.942558
-101.197975   129.528107  16.929401
-101.155113   129.493576  16.913935
-101.115166   129.473724  16.900394
-101.057213   129.440353  16.881641
-101.031502   129.426758  16.872982
-100.996696   129.409409  16.861010
-100.952904   129.388657  16.845858
-100.936768   129.377747  16.839567
-100.914406   129.362534  16.830479
-100.892677   129.347656  16.821997
-100.871239   129.330154  16.814930
-100.852028   129.314713  16.808638
-100.826775   129.291870  16.801376
-100.810127   129.278320  16.795805
-100.804138   129.275131  16.793543
-100.796806   129.272400  16.790047
-100.785507   129.267166  16.783865
-100.783119   129.264755  16.780924
-100.777222   129.260574  16.775179
-100.772820   129.257187  16.768875
-100.766281   129.253922  16.759815
-100.759644   129.247086  16.742283
-100.750977   129.238083  16.714304
-100.740479   129.221909  16.666334
-100.727188   129.215729  16.604002
-100.717834   129.212616  16.583097
-100.699844   129.204803  16.547806
-100.677223   129.191849  16.508827
-100.644875   129.169373  16.466135
-100.616280   129.137131  16.415287
-100.589149   129.106720  16.372766
-100.541992   129.008148  16.259954
-100.508881   128.985397  16.213444
-100.443619   128.920029  16.125561
-100.401398   128.849594  16.043350
-100.346886   128.788223  15.963324
-100.297249   128.742249  15.898783
-100.268990   128.699478  15.851227
-100.243347   128.676315  15.812935
-100.204346   128.648026  15.773959
-100.170860   128.625336  15.739149
-100.143677   128.606354  15.708826
-100.122345   128.583878  15.683835
-100.101723   128.562424  15.658834
-100.093254   128.545868  15.639273
-100.091835   128.537735  15.621614
-100.034058   128.500427  15.609543
-99.968681   128.487534  15.589416
-99.965668   128.502640  15.586250
-99.962456   128.515091  15.583734
-99.939301   128.520599  15.586252
-99.917068   128.516632  15.588450
-99.874878   128.485062  15.595422
-99.856926   128.478088  15.597762
-99.834076   128.471008  15.600368
-99.812874   128.466782  15.602760
-99.796616   128.469727  15.603524
-99.781792   128.490829  15.601363
-99.767967   128.524521  15.598041
-99.760391   128.535522  15.596976
-99.751488   128.542419  15.597131
-99.741844   128.534302  15.603054
-99.732689   128.526047  15.608584
-99.725800   128.523651  15.613421
-99.710907   128.517120  15.625837
-99.695847   128.513031  15.647793
-99.683647   128.510284  15.656187
-99.681190   128.509048  15.659547
-99.684441   128.513229  15.658966
-99.682091   128.527130  15.657113
-99.687866   128.531143  15.652397
-99.700211   128.540588  15.650226
-99.709717   128.562805  15.651494
-99.718300   128.671722  15.660327
-99.716743   128.705872  15.665257
-99.706612   128.782394  15.688415
-99.697922   128.859482  15.708820
-99.691681   128.943314  15.729767
-99.687599   128.984741  15.741867
-99.681465   129.047104  15.759486
-99.672340   129.089661  15.778437
-99.660019   129.158829  15.808324
-99.651871   129.201599  15.833102
-99.642670   129.240891  15.857270
-99.637932   129.274414  15.878383
-99.621910   129.331665  15.905081
-99.599319   129.409622  15.935365
-99.577240   129.483734  15.964094
-99.558411   129.547806  15.989153
-99.549042   129.606613  16.011675
-99.537209   129.664703  16.030436
-99.526978   129.712051  16.048658
-99.518356   129.753403  16.066040
-99.511345   129.799347  16.084070
-99.504044   129.842758  16.105066
-99.497169   129.877960  16.127058
-99.487801   129.898270  16.148260
-99.476006   129.925201  16.170944
-99.467041   129.951218  16.191856
-99.448746   130.013092  16.239988
-99.436089   130.066376  16.291613
-99.412308   130.179947  16.371328
-99.392914   130.259094  16.455046
-99.384720   130.271332  16.506670
-99.392578   130.248657  16.542021
-99.396866   130.220856  16.570791
-99.399506   130.174774  16.597303
-99.397202   130.158234  16.624855
-99.397011   130.152954  16.657122
-99.399620   130.162476  16.691294
-99.393394   130.167435  16.727247
-99.381432   130.175903  16.764969
-99.366348   130.197723  16.809021
-99.360138   130.196548  16.843945
-99.349983   130.203003  16.878313
-99.338585   130.215286  16.907112
-99.328400   130.229401  16.931969
-99.318245   130.238861  16.956663
-99.299652   130.249893  16.979103
-99.288910   130.237747  17.003094
-99.280563   130.207474  17.029104
-99.263855   130.130951  17.063963
-99.255547   130.086929  17.080694
-99.240593   130.054993  17.099117
-99.235947   129.971222  17.116182
-99.232117   129.871536  17.135242
-99.227509   129.781906  17.151777
-99.223679   129.704880  17.165775
-99.217567   129.628616  17.178030
-99.143379   129.602783  17.177439
-99.101791   129.582001  17.183256
-99.075798   129.552460  17.179821
-99.003502   129.423492  17.026354
-98.962158   129.295563  16.920818
-98.924583   129.171494  16.842991
-98.898941   129.149155  16.816475
-98.883369   129.123856  16.801132
-98.872444   129.080521  16.776495
-98.871132   129.039688  16.757759
-98.874168   129.000961  16.742060
-98.879776   128.955017  16.724878
-98.888504   128.906158  16.701702
-98.872360   128.852142  16.692366
-98.862518   128.817520  16.690815
-98.858444   128.796616  16.689135
-98.858398   128.774841  16.688597
-98.857567   128.757294  16.686863
-98.854462   128.733536  16.683969
-98.847878   128.711243  16.682735
-98.848137   128.687103  16.683977
-98.849434   128.669205  16.684031
-98.854416   128.664764  16.686398
-98.858765   128.661652  16.689014
-98.862015   128.669037  16.688864
-98.867348   128.674057  16.689962
-98.869598   128.673126  16.692036
-98.867142   128.665436  16.696817
-98.865532   128.654831  16.703831
-98.857452   128.642426  16.715597
-98.855469   128.627197  16.722469
-98.846077   128.592117  16.729746
-98.838615   128.566040  16.736467
-98.824127   128.530960  16.733177
-98.807709   128.485992  16.714834
-98.802277   128.368683  16.664354
-98.803505   128.255035  16.615059
-98.824493   128.131912  16.561008
-98.849815   128.067123  16.517183
-98.869980   128.013672  16.467873
-98.885612   127.984718  16.421915
-98.897903   127.978432  16.382095
-98.913589   127.989609  16.348091
-98.929276   128.010727  16.316593
-98.945869   128.031540  16.284212
-98.965858   128.065796  16.247833
-98.989738   128.082947  16.212566
-99.020065   128.052505  16.163872
-99.054405   128.008545  16.114908
-99.092102   127.932693  16.049669
-99.126038   127.895821  15.997849
-99.160164   127.862289  15.949113
-99.188644   127.859200  15.905771
-99.224205   127.854774  15.853420
-99.257225   127.885979  15.802867
-99.300278   127.822899  15.700079
-99.343506   127.799599  15.604148
-99.389832   127.809235  15.516968
-99.433350   127.858047  15.437951
-99.472580   127.905708  15.367328
-99.517517   127.988625  15.298968
-99.581131   128.123367  15.244697
-99.621124   128.241104  15.210677
-99.651367   128.336136  15.181643
-99.676186   128.414505  15.159473
-99.702850   128.492508  15.138259
-99.723900   128.542526  15.121861
-99.742126   128.571732  15.108934
-99.773026   128.631516  15.093646
-99.783676   128.647980  15.088519
-99.800171   128.666809  15.080824
-99.810600   128.672150  15.076015
-99.815292   128.685898  15.073617
-99.822762   128.713394  15.068864
-99.827591   128.727448  15.070288
-99.833710   128.754608  15.069488
-99.848282   128.758774  15.063260
-99.871918   128.736267  15.064276
-99.891388   128.721313  15.063082
-99.906784   128.697495  15.064075
-99.908356   128.698975  15.064383
-99.912178   128.677963  15.087090
-99.903824   128.648056  15.109701
-99.876839   128.603424  15.143278
-99.811035   128.529465  15.190813
-99.657555   128.326736  15.313993
-99.526352   128.144348  15.420156
-99.295029   127.755249  15.439380
-99.108810   127.437454  15.456254
-98.770195   127.076035  15.504712
-98.291100   126.543892  15.596530
-97.720383   125.910019  15.780323
-97.026947   124.890411  16.010483
-96.220528   123.598389  16.079737
-95.453453   122.147888  16.012356
-94.589622   120.362976  15.934372
-93.614883   117.942802  15.842729
-92.546608   115.145126  15.646489
-91.574860   112.120583  15.441262
-90.421242   108.759132  14.990659
-89.213409   105.133224  14.800036
-88.134483   101.807503  14.773491
-87.061501   98.570595  14.672712
-85.836182   94.786400  15.030011
-84.306137   90.866753  15.511675
-82.981842   87.699059  16.134874
-82.127960   85.136009  16.784552
-81.110329   82.633316  17.024467
-80.116348   80.584526  17.442068
-79.189674   78.500694  17.959927
-78.367752   76.472488  18.353941
-77.883110   74.926033  18.754417
-77.304268   73.670067  19.175657
-76.784500   72.580986  19.614119
-76.303444   71.660622  20.054501
-75.857895   70.863327  20.460159
-75.544182   70.327095  20.834824
-75.073883   69.912239  21.279758
-74.696808   69.570595  21.667030
-74.465263   69.353256  21.908279
-74.308784   69.203552  22.068560
-74.081566   68.905769  22.278362
-73.894775   68.692581  22.421326
-73.770363   68.468582  22.548786
-73.642448   68.224464  22.688696
-73.437508   67.907425  22.858948
-73.244225   67.604233  22.995083
-73.102921   67.364082  23.096952
-72.978279   67.159035  23.175640
-72.886612   67.008469  23.232683
-72.813004   66.881866  23.275089
-72.752686   66.780701  23.308216
-72.702690   66.693756  23.334862
-72.659203   66.614647  23.359018
-72.633125   66.553894  23.372026
-72.610237   66.496346  23.383144
-72.610794   66.459953  23.385546
-72.639244   66.450134  23.375786
-72.689812   66.467941  23.355646
-72.745499   66.520813  23.323267
-72.780251   66.560326  23.291119
-73.019630   66.854759  23.226995
-73.355309   67.400764  23.103794
-73.715851   68.051537  22.948505
-74.115974   68.773605  22.854893
-74.536407   69.632805  22.758163
-75.139938   70.861931  22.635122
-75.667923   72.090584  22.493168
-76.388664   73.740616  22.385212
-77.292068   75.839050  22.331284
-78.360115   78.188881  22.387308
-79.623886   80.823448  22.583321
-81.024536   83.513809  22.864443
-82.489716   86.265945  23.281487
-83.837219   88.931084  23.645960
-85.158844   91.545212  24.122696
-86.344887   93.806129  24.610308
-87.654854   96.321571  25.207266
-89.078499   98.706329  25.911232
-90.736504   101.103409  26.613752
-92.514885   103.286308  27.314810
-94.275696   105.242241  28.020956
-96.016380   107.135971  28.791508
-97.680878   108.981354  29.570286
-99.132790   110.548302  30.265488
-100.352409   111.760986  30.850235
-101.684814   113.396309  31.613268
-102.668312   114.752533  32.178093
-103.650139   116.219513  32.747356
-104.447090   117.416336  33.213070
-105.076538   118.397278  33.599239
-105.672356   119.471123  33.931564
-106.252037   120.521255  34.265461
-106.596367   121.283562  34.459641
-107.172089   122.387726  34.679684
-107.649803   122.980103  34.538223
-108.094849   123.759308  34.561718
-108.397415   124.186462  34.634293
-108.585892   124.618240  34.569096
-108.939629   125.022057  34.336166
-109.309631   125.404358  34.188061
-109.564316   125.794411  34.092751
-109.766815   126.210106  34.030052
-109.926697   126.632141  33.859310
-110.055321   126.971024  33.731697
-110.148056   127.292305  33.648155
-110.210854   127.606552  33.542839
-110.271767   127.913696  33.472664
-110.329597   128.207855  33.433987
-110.328880   128.382248  33.395092
-110.278534   128.731598  33.370140
-110.243927   129.045349  33.342705
-110.087494   129.469360  33.265896
-109.183228   130.898727  32.957100
-108.870529   131.379608  32.830929
-108.113266   132.572784  32.528061
-107.189751   133.858521  32.112385
-105.976181   134.926453  31.394924
-104.755539   136.065857  30.727282
-103.340439   137.278427  29.991320
-101.696960   138.680176  29.277697
-100.024887   140.020981  28.581219
-97.948631   141.254333  27.725763
-95.768486   142.154678  26.872864
-93.895393   142.934204  26.152332
-91.954308   143.970154  25.637640
-90.010963   144.686798  25.056677
-87.844452   145.253723  24.492306
-85.731133   145.219910  23.769205
-84.065788   145.089676  23.080765
-82.529091   145.100998  22.547472
-81.051346   144.987671  22.102953
-79.266052   144.561386  21.507273
-76.977745   143.508118  21.016310
-75.080063   142.790009  20.618292
-73.517227   142.253326  20.369816
-71.960037   141.720840  20.093933
-70.595535   141.203903  19.850264
-69.403831   140.605637  19.582594
-68.536980   140.065948  19.344118
-67.711807   139.513367  19.059988
-66.336533   138.318939  18.886448
-65.234802   137.355881  18.734058
-64.363190   136.530029  18.639107
-63.346241   135.442581  18.543596
-62.562725   134.161133  18.402649
-62.041199   132.916321  18.357927
-61.486954   131.610458  18.354286
-60.876141   130.116791  18.433178
-60.569801   128.627228  18.595230
-60.458012   127.110359  18.808586
-60.450951   126.000610  18.961275
-60.614857   124.487915  19.240032
-60.960915   123.081673  19.545641
-61.508801   121.703827  19.873392
-62.292374   120.281166  20.296789
-63.109634   118.744194  20.796881
-64.803734   116.419785  21.659924
-65.749504   115.353592  22.131180
-66.676025   114.334999  22.544981
-67.718513   113.227325  22.993458
-68.770714   112.221718  23.387445
-70.081902   111.229355  23.852251
-72.831276   109.304115  24.832073
-74.308907   108.355087  25.318130
-76.049088   107.134956  25.745077
-77.794846   105.853638  26.110659
-79.119843   104.688614  26.412487
-80.342102   103.782639  26.867155
-81.484177   102.753998  27.288282
-82.455803   101.986366  27.669672
-83.215942   101.339340  27.979101
-84.000801   100.668129  28.291363
-84.799271   99.993439  28.601646
-85.507980   99.457268  28.922787
-86.157913   99.066216  29.204193
-86.651886   98.794403  29.402376
-87.041084   98.551491  29.542328
-87.396072   98.403656  29.659733
-87.662575   98.287582  29.749258
-87.840813   98.190269  29.790678
-87.931328   98.112228  29.790895
-88.034187   98.053696  29.769552
-88.097206   98.010658  29.745333
-88.119377   97.992111  29.727047
-88.110458   97.976479  29.706720
-88.064659   97.985672  29.682518
-87.977539   98.065392  29.665630
-87.862732   98.195175  29.653131
-87.699471   98.394165  29.648687
-87.312943   98.683922  29.612164
-86.967812   99.109856  29.574493
-86.455154   99.581749  29.557461
-85.782333   100.157265  29.535843
-84.746513   101.090218  29.565462
-83.514030   102.174728  29.577133
-82.433868   103.246269  29.703491
-81.138206   104.183044  29.718422
-79.827591   105.170540  29.747992
-78.351593   106.232010  29.765747
-76.786011   107.257034  29.766380
-75.023170   108.479362  29.815445
-73.317680   109.437401  29.934698
-71.624306   110.176018  30.091089
-69.922127   110.699303  30.296299
-68.504837   110.905968  30.464460
-67.172852   110.922020  30.637449
-65.781624   110.896614  30.825779
-64.150673   110.890373  30.890507
-62.515209   110.810051  30.966961
-61.024292   110.551422  31.134613
-59.459347   110.373314  31.265518
-58.186493   110.134903  31.376276
-56.787731   109.852791  31.602160
-55.488731   109.634483  31.762079
-54.132996   109.422676  31.987410
-52.872051   109.134216  32.315548
-51.826275   108.887810  32.633389
-50.842216   108.776871  33.006546
-49.920555   108.742943  33.392445
-49.066681   108.686989  33.733990
-48.292004   108.575905  34.091400
-47.545834   108.448540  34.446171
-46.846447   108.245628  34.827518
-46.260437   107.973534  35.181660
-45.601322   107.623947  35.560837
-45.061527   107.192986  35.950993
-44.442204   106.656036  36.502956
-43.546074   106.176201  37.155640
-42.773430   105.762489  37.691612
-42.067749   105.116463  38.092152
-41.245636   104.338783  38.551914
-40.533325   103.640594  38.959072
-39.770348   102.938309  39.212368
-39.131645   102.238068  39.508255
-38.461643   101.558891  39.717270
-37.036160   99.912453  39.994102
-36.644413   99.435768  39.991665
-36.249344   98.580101  40.112778
-35.998329   97.732826  40.190357
-35.839760   96.937714  40.215855
-35.662041   96.124397  40.015259
-35.567394   95.255966  39.542019
-35.433681   94.412575  39.107891
-35.317738   93.490456  38.568157
-35.289906   92.602875  38.046059
-35.253487   91.505867  37.421783
-35.295383   89.928299  36.325794
-35.396385   88.295326  35.291481
-35.328243   86.637840  34.320007
-35.526562   85.151657  33.577126
-35.559978   83.541077  32.721016
-35.477085   82.026695  31.992485
-35.351471   80.561089  31.307648
-35.181690   78.906776  30.431728
-34.996754   77.278305  29.498798
-34.875729   75.776703  28.582069
-34.863560   74.440407  27.685173
-34.867088   73.321693  26.923443
-34.904678   72.499413  26.225721
-34.924252   71.564514  25.433245
-34.941536   70.953339  24.844542
-34.963280   70.628380  24.432838
-34.975208   70.440224  24.041147
-34.975540   70.317764  23.737856
-34.993660   70.254303  23.474043
-35.006809   70.224609  23.270365
-35.029282   70.217216  23.123161
-35.055176   70.204819  22.995323
-35.085190   70.209953  22.887955
-35.111279   70.231743  22.798487
-35.146748   70.271179  22.714102
-35.175793   70.315552  22.635336
-35.203884   70.370949  22.555801
-35.236313   70.439674  22.476820
-35.260509   70.538200  22.394907
-35.282310   70.619064  22.326469
-35.306046   70.713196  22.253506
-35.329456   70.812614  22.180805
-35.347954   70.908020  22.114725
-35.363167   71.004471  22.053406
-35.379448   71.097816  22.001505
-35.394424   71.205879  21.947460
-35.410500   71.323387  21.892559
-35.418880   71.459717  21.836142
-35.388634   71.609192  21.791435
-35.305244   71.848839  21.738476
-35.148911   72.278381  21.691433
-34.920444   72.976715  21.664333
-34.667110   73.741882  21.647749
-34.398121   74.701706  21.641724
-34.127445   75.722572  21.646654
-33.840012   76.955505  21.706608
-33.518085   78.552757  21.789480
-33.251816   80.493904  21.993380
-32.997944   82.973190  22.332979
-32.018574   88.617104  24.465565
-31.063589   92.490677  26.016275
-30.489601   96.366486  27.357939
-30.111641   99.158760  28.052061
-29.973557   103.830582  29.812214
-29.786480   106.467407  30.585815
-29.617001   109.143318  30.933500
-29.686495   111.374413  31.101288
-30.069025   113.953651  31.310595
-30.387217   116.773483  31.454338
-30.732895   119.782829  31.535347
-31.079712   123.047523  31.649212
-31.225273   125.604836  31.678120
-31.747541   129.170319  32.265182
-32.018242   132.036133  32.730019
-32.275482   134.655762  32.995441
-32.625881   137.291397  33.151722
-32.919579   139.736481  33.296169
-33.105377   141.544998  33.417973
-33.413883   143.690613  33.453491
-33.786839   145.776932  33.390995
-34.139061   147.793350  33.394287
-34.349072   149.369049  33.389259
-34.528652   150.815308  33.379101
-34.690712   152.151184  33.371380
-34.836399   153.427948  33.373344
-34.965691   154.788193  33.332607
-35.139290   155.970810  33.287251
-35.277309   156.843384  33.198093
-35.463509   157.596680  33.144264
-35.655861   158.112534  33.140594
-35.816544   158.464371  33.134777
-35.928818   158.519684  33.089191
-36.033867   158.417847  33.020725
-36.081444   158.265625  32.962948
-36.083118   157.976776  32.878025
-36.012932   157.603058  32.779327
-35.957706   157.204620  32.676609
-35.747852   156.182266  32.407959
-35.526859   154.654984  31.931259
-35.242577   152.793777  31.358639
-34.805553   150.716599  30.592072
-34.283504   148.652588  29.893852
-33.494556   146.053299  29.501486
-32.969597   143.593887  29.193962
-32.271820   141.082489  28.892582
-31.642702   138.135712  28.586840
-30.883696   134.987549  28.236160
-30.053801   131.322754  27.827585
-29.104996   127.422600  27.540272
-28.357561   124.003548  27.492369
-27.534134   120.604355  27.355402
-26.862589   117.648529  27.388998
-25.948092   114.192917  27.381180
-24.957388   110.157753  27.173388
-24.066288   106.841347  27.260662
-23.123983   103.068596  27.534096
-22.487370   99.615700  27.840633
-21.908279   96.448090  28.103970
-21.335958   93.710884  28.611040
-20.583662   90.635223  29.087570
-20.067375   88.484184  29.342775
-19.690075   86.772408  29.522785
-19.425644   85.365959  29.640274
-19.199673   84.107758  29.583284
-18.987885   82.489044  29.377918
-18.940084   82.113579  29.323008
-18.895878   81.699165  29.223295
-18.845556   81.421043  29.067692
-18.797735   81.241264  28.913084
-18.832968   81.146088  28.643475
-18.885935   81.098190  28.393980
-18.955032   81.144112  28.168167
-19.061180   81.478783  27.819752
-19.550287   82.332207  27.144680
-20.049360   83.921143  26.217909
-20.535574   85.868073  25.437687
-21.055737   88.532051  24.991123
-21.553324   91.627678  24.575226
-22.237560   95.407310  24.405668
-23.220146   99.666061  24.361784
-24.102175   103.380280  24.307535
-25.375797   107.261147  24.495935
-26.258619   111.809296  25.394724
-27.624771   115.810944  26.514828
-29.009918   119.177574  27.034321
-30.660145   122.860367  27.629566
-32.371803   125.907402  28.059841
-34.191444   128.849915  28.433443
-35.845604   131.501129  28.865595
-37.454124   134.157547  29.400751
-39.027954   136.419022  29.884672
-40.357990   138.417801  30.877510
-41.658833   140.145920  31.532141
-43.033859   141.879745  31.926905
-43.990761   143.380051  32.194469
-45.052326   144.852341  32.358387
-46.258308   146.177567  32.503448
-47.419342   147.381897  32.718544
-48.727638   148.663971  32.960304
-49.844933   149.844650  33.095406
-50.634068   150.848389  33.262562
-51.288158   151.712372  33.437962
-51.853062   152.463486  33.608337
-52.382557   153.225281  33.803753
-52.697853   154.067047  33.827530
-52.746246   154.609222  33.808987
-52.587234   155.280792  33.858597
-52.403015   155.806519  33.882774
-51.997498   156.331009  33.947708
-51.444786   156.961639  34.028942
-50.767002   157.555542  34.054054
-50.180626   158.044479  34.032261
-48.865429   158.658203  33.787952
-47.131763   159.152176  33.342804
-44.793938   159.713745  32.662338
-42.258961   160.389633  32.051144
-39.955162   160.928146  31.381872
-33.269718   161.490234  29.202108
-30.238865   161.617111  28.274082
-26.905134   161.707901  27.313129
-23.564583   161.627319  26.492544
-20.500828   161.337494  25.830496
-17.708172   160.669144  25.177454
-15.034371   159.710327  24.444580
-12.655298   158.391327  23.692667
-10.344355   157.156311  23.124542
-7.914967   155.710907  22.631027
-5.620368   154.014343  22.065887
-3.467829   152.510422  21.577179
-1.418763   150.656998  21.104422
0.495413   148.402618  20.551722
2.371140   145.939072  20.218548
4.262341   143.412521  19.911983
5.955256   141.147217  19.641113
7.810684   138.525070  19.093912
9.337745   136.081635  18.796164
10.782570   133.608002  18.743010
11.978603   131.510208  18.731737
12.979781   129.474854  18.796143
13.824245   127.214546  18.877676
14.265681   125.726273  19.042992
14.721156   123.352516  19.566315
15.079621   120.973129  20.213037
15.058150   118.766243  20.624308
14.767512   116.467865  21.011284
14.255541   114.510147  21.118881
13.592551   112.383553  21.400066
12.615159   110.382545  21.811361
11.221696   108.298843  22.825762
9.810578   106.432281  23.305447
8.319959   104.715889  23.926800
6.774404   103.077477  24.573313
5.003946   101.306183  25.586435
3.010980   99.412102  26.567537
1.210288   97.586136  27.141191
-0.764165   96.011406  27.845503
-3.063191   94.645706  28.700365
-5.706866   93.332207  29.614649
-8.385640   92.070633  30.482777
-11.014517   90.794945  31.269184
-13.679504   89.485435  32.127594
-16.639574   88.122887  33.485439
-19.581020   86.859856  34.527447
-22.488602   85.704811  35.398754
-25.204779   84.717316  36.137356
-27.956264   83.508179  36.729053
-30.741724   82.406723  37.253296
-32.866695   81.575699  37.701866
-34.556847   81.074837  38.037643
-36.352779   80.550346  38.259621
-37.640491   80.115311  38.411037
-38.756760   79.708611  38.281376
-39.893433   79.279404  38.263107
-40.753574   78.942429  38.307819
-41.357895   78.674957  38.412514
-41.736755   78.585655  38.420769
-41.937729   78.578712  38.385109
-42.057362   78.580887  38.257244
-42.125053   78.509506  38.076679
-42.115284   78.470840  37.754539
-42.013885   78.372314  37.425873
-41.819286   78.328445  36.997562
-41.484367   78.324402  36.442158
-41.158669   78.385460  35.954304
-40.721111   78.588028  35.366257
-40.153984   78.771027  34.830620
-39.507450   79.013557  34.296818
-36.897682   79.485298  32.734737
-36.100662   79.585045  32.326202
-34.921818   79.678345  31.825315
-33.516960   79.740311  30.582657
-31.911228   79.650948  29.204088
-30.421350   79.494568  28.365063
-28.760342   79.483955  27.667282
-27.060560   79.556412  27.270260
-25.008709   79.802422  26.930107
-22.930763   80.152306  26.591759
-20.735710   80.585510  26.366285
-18.299343   80.948631  26.104572
-15.607182   81.349655  25.973597
-12.705362   81.598412  25.708858
-9.831258   81.790192  25.219563
-6.880796   82.130440  24.842184
-4.163238   82.524368  24.425055
-1.423858   83.065971  24.136372
1.099975   83.798775  23.583357
4.055379   84.620590  22.860559
6.352210   85.598709  22.300671
8.842093   86.682304  21.524670
11.503699   87.991539  20.885721
14.183478   89.286667  20.299616
16.763052   90.642181  19.787214
19.378075   91.971428  19.190521
21.699903   93.346230  18.590504
23.928246   94.918762  17.786449
28.031326   98.753532  16.357727
29.686043   100.639229  15.846689
31.897867   103.167442  15.543854
33.860222   105.371925  15.200190
35.767063   107.662888  15.147912
37.463917   109.647957  14.924339
39.442875   112.192711  14.814486
41.087574   114.655418  15.005563
42.222626   116.994308  15.356006
43.007771   118.987366  15.397443
44.024128   123.458710  15.152160
44.243340   125.197006  15.200514
44.385872   127.282509  15.313331
44.379730   129.007721  15.503537
44.238659   130.853790  15.748564
43.984859   132.813934  15.973305
43.563671   134.486420  16.181257
42.914856   136.394730  16.280752
42.189781   138.183258  16.628618
41.340443   139.736954  16.935575
40.460495   141.219177  17.199856
39.578304   142.485016  17.387531
38.597118   143.795883  17.597824
37.482227   144.806015  17.943695
36.323704   145.614975  18.203287
35.251461   146.225494  18.407684
34.258400   146.768433  18.582167
32.900311   147.094360  18.762880
31.650190   147.372192  18.990095
30.548845   147.491394  19.343712
29.482471   147.514267  19.678011
28.758297   147.499756  19.910971
27.968571   147.401901  20.124203
27.113123   147.134964  20.367544
26.252262   146.853394  20.632288
25.297548   146.361343  20.932127
24.332808   145.750366  21.229286
23.338961   144.730896  21.523474
22.379070   143.683563  21.789272
21.335880   142.337967  22.077084
20.493429   140.906204  22.268066
19.818718   139.472992  22.423941
19.251400   137.944763  22.710226
18.741205   136.420380  22.995739
18.431860   134.655869  23.288858
18.255838   132.545776  23.556683
18.148067   130.439499  23.535635
18.108995   128.287354  23.618937
18.159502   126.596733  23.573978
18.277912   124.496086  23.452942
18.368753   123.021347  23.343069
18.530367   121.544281  23.235388
18.709171   120.084396  23.175289
18.950190   118.099159  23.154720
19.256575   116.353569  23.010759
19.568394   114.477379  22.880110
20.036678   112.709091  22.699060
20.519375   111.022224  22.621307
21.055996   109.449890  22.680239
21.521126   108.215576  22.726738
22.146355   106.860397  22.828386
22.966295   105.548561  22.904802
23.870483   104.203392  22.982130
24.707815   102.984062  23.049568
25.600481   101.862259  23.067099
26.422512   100.847794  23.036325
27.531660   99.744347  22.963280
28.683136   98.702141  22.973288
29.895863   97.756866  22.845503
30.976877   96.953606  22.745296
32.475842   96.152138  22.566208
34.050117   95.489243  22.189722
35.285728   94.912285  21.940153
36.829597   94.464905  21.664797
38.390598   94.183830  21.468859
39.987717   93.966080  21.366945
41.463696   93.876183  21.212355
42.948868   93.957611  21.074072
44.272243   94.102997  20.878719
45.676651   94.290741  20.764692
47.040043   94.700485  20.319410
48.453594   95.168083  19.820230
49.803307   95.678665  19.330303
51.054802   96.109688  18.922258
52.538971   96.844025  18.739452
53.938160   97.660240  18.522652
55.019035   98.655357  18.181637
56.347328   99.829590  17.662741
57.431320   100.853676  17.365660
58.671459   102.241524  17.144997
59.869774   104.217674  16.953072
60.846985   106.266968  16.998608
61.651047   108.576881  17.158291
62.138081   109.992889  17.216230
62.680046   111.524498  17.279955
63.489094   115.766731  17.191648
63.772758   117.569405  17.248976
63.984249   120.187187  17.239893
64.064484   123.356865  17.289108
63.681496   126.449707  17.105001
62.692795   129.318924  17.314375
61.674072   131.914551  16.891020
60.961998   133.934280  16.745993
60.322056   136.191681  16.465458
59.427658   137.927231  16.330601
58.713398   139.784897  16.336674
58.061657   141.742401  16.800850
57.283062   143.714966  17.273623
56.562748   145.935974  17.922752
55.911053   147.864136  18.443069
55.023861   149.919281  18.646072
54.298393   151.497864  18.828346
53.545063   152.937088  19.154911
52.953861   154.085892  19.393766
52.489250   154.956009  19.640915
52.064968   155.600067  19.892675
51.765747   156.077759  20.024641
51.542934   156.231827  20.088102
51.293072   156.216736  20.067844
51.130199   156.173370  20.064686
51.070732   156.148605  20.060726
50.936211   155.933655  20.080282
50.633663   155.165863  20.085726
50.291386   154.002914  20.084604
50.097324   152.326935  20.088390
50.058868   150.474960  20.028595
50.112652   148.499573  19.866432
50.445934   146.412079  19.700464
51.080666   143.517288  19.595734
51.685635   140.579605  19.414537
52.433220   137.928680  19.245760
52.932682   134.719513  19.360218
53.987453   131.635559  19.239113
55.234459   128.615845  18.982260
56.153053   126.255844  18.952555
57.196953   123.859261  19.156324
59.306084   122.272591  19.633875
61.994896   120.560287  19.992968
63.282322   118.220535  20.456842
64.282051   116.154541  20.718176
65.333427   114.148331  20.877228
67.090073   112.266983  20.871759
68.149582   110.431152  20.654377
69.704521   108.769646  20.403976
71.056732   106.946083  20.543348
72.447495   105.311142  20.847631
73.833595   104.034500  21.055542
74.947586   102.848007  21.170496
76.223450   101.866814  21.232140
77.574051   100.897133  21.351044
78.787300   100.148682  21.391792
80.439369   99.906235  21.005892
81.879211   99.706734  20.704931
83.008682   99.714363  20.550711
83.978630   99.672768  20.209438
85.757309   100.066833  19.524740
87.095901   100.693085  19.216087
88.277367   101.234200  18.969458
89.103355   101.650436  18.751513
90.030807   102.333275  18.607542
90.947830   103.566666  18.334894
91.779526   104.813606  18.094046
92.528496   106.482582  17.786795
93.072708   108.191071  17.490419
93.526428   110.181671  17.122711
94.258545   113.089737  16.740049
94.713173   115.968628  16.381454
94.875465   118.631760  16.011110
94.933998   121.478775  15.847760
94.746170   124.197990  15.664753
94.506142   126.715683  15.651899
94.383018   129.538330  15.729484
94.251801   133.103165  15.851498
93.733963   136.177216  15.889457
93.348038   139.162949  15.892321
92.666206   142.057953  15.896860
92.498863   145.005402  15.922065
91.745583   147.829987  16.225809
91.150269   150.171082  16.582314
90.458260   152.587891  16.834322
90.019104   154.682129  16.888937
89.320290   157.024216  17.135376
88.922325   159.181824  17.447418
88.431168   161.044708  17.934015
87.968613   162.753189  18.253027
87.439293   164.589157  18.624418
86.915863   166.045563  18.946152
86.477547   167.777420  19.272835
86.075943   169.150284  19.508472
85.678452   170.278397  19.681944
85.466530   171.413666  20.012032
85.458031   172.525803  20.320152
85.501556   173.297470  20.495174
85.637856   173.762299  20.549299
85.628876   173.975296  20.560705
85.697052   174.024139  20.520655
85.775658   173.949554  20.440231
85.899529   173.176514  20.452185
86.222519   172.278198  20.391335
86.552956   171.124649  20.192936
86.956367   169.438339  19.831566
87.278816   167.349716  19.401865
87.577705   164.846268  18.933830
87.545990   161.182831  18.564486
87.377441   157.322128  18.357351
86.864334   153.246811  18.003056
86.942841   149.809311  17.866201
87.323303   146.920151  17.914230
87.841637   143.849594  18.001814
88.411835   140.370361  17.660549
89.101578   136.879822  17.711235
89.735519   133.369034  17.525566
90.563133   129.710785  17.485676
91.727142   125.612770  17.692032
92.584206   121.286316  17.662771
93.100517   117.553192  17.885088
94.161415   113.264999  18.065784
95.271858   108.859169  18.627148
96.167404   104.453392  18.350401
96.765327   100.358818  18.235676
98.162689   90.726624  18.756557
98.708733   88.082237  19.153187
99.387718   83.334465  20.098633
99.945396   78.482292  22.230145
99.831841   75.084961  23.223818
100.203545   72.187546  24.558344
100.018173   69.691574  25.471422
99.472466   67.361374  26.211445
98.740280   65.898293  27.047361
97.296974   62.743851  28.241526
96.820572   60.365658  29.306076
95.787247   57.560589  30.211143
95.161430   55.510891  30.743645
91.653244   51.967873  31.307461
94.570190   51.734680  29.586763
96.910912   52.320671  27.669073
98.149391   52.054527  26.883448
99.617981   53.652485  24.316101
106.556801   44.842159  47.390331
104.306732   55.546345  53.932320
104.061798   53.905552  52.140808
97.169426   126.638641  11.842265
97.318260   126.591866  11.834512
98.029915   126.760941  11.732864
98.823563   126.987259  11.631770
101.864098   128.516632  11.762829
103.164383   129.199280  11.805214
106.386009   130.625885  12.061159
107.652901   131.056015  12.171535
109.331436   131.443436  12.313064
112.052734   132.005737  12.446323
115.614723   133.477081  12.690178
117.534370   134.420212  13.256619
120.998016   135.623718  12.850848
122.040306   135.731339  12.768619
124.405594   135.804260  12.647481
125.162643   135.672195  12.644219
126.410202   135.243988  12.582207
126.905746   135.094177  12.559288
127.974686   134.874252  12.703772
128.525497   134.722351  12.770084
129.552063   134.533249  12.839552
130.127502   134.314133  12.569263
130.880447   133.816101  12.248226
131.126740   133.565613  12.167036
131.413055   133.099304  12.060369
131.417877   132.881149  11.984610
131.334488   132.737732  11.901188
131.265503   132.446274  11.888260
131.170929   132.429749  11.884748
130.834656   132.524902  11.866974
130.600204   132.556442  11.923589
129.757202   132.650406  12.014984
128.641251   133.066879  11.994699
128.237839   133.165375  11.971240
127.463753   133.490906  11.947643
126.155479   134.280182  11.928361
125.638741   134.514725  11.940044
125.053177   134.590912  11.936347
124.067963   134.374008  11.653656
123.368118   134.149063  11.613223
122.928284   134.041122  11.599367
122.001938   134.042542  11.572943
121.661804   134.047501  11.563436
120.550613   134.505127  11.528323
119.533279   135.303497  11.469889
119.020287   135.913788  11.492738
118.384972   136.858215  11.524778
117.404854   138.249619  11.644496
116.880569   139.005051  11.720393
115.417007   141.283157  12.099236
113.380966   143.681580  13.311650
111.202118   146.140579  14.517986
109.749901   147.398788  15.165748
106.282997   150.498459  17.286722
104.885582   151.899689  18.270662
102.233307   155.010529  21.091244
98.655373   156.716904  23.702860
96.596626   157.863205  24.994556
92.872337   160.643066  27.470665
91.357872   162.741348  29.287600
88.939896   165.975555  31.873983
87.898071   167.668716  33.055489
84.110138   171.403458  36.123245
83.033051   172.191483  36.586525
80.790260   175.930328  38.473320
79.470116   177.504486  39.356747
76.388054   179.415741  41.121132
74.994308   180.151901  41.806099
73.015198   180.974503  43.294277
69.890030   182.052460  45.073555
68.347527   182.597504  45.653591
64.853912   182.961105  46.420334
63.315800   182.738342  46.775143
60.561100   182.285706  47.194714
59.749611   182.163864  47.335373
58.939426   181.987915  47.504860
57.665524   181.681412  47.840862
57.111568   181.553879  48.216732
54.790115   180.345291  50.143906
53.830219   179.959885  50.835846
52.899723   178.922348  51.365120
52.628971   178.474625  51.578651
51.989319   177.371994  51.544708
51.614708   176.904938  51.620533
51.108345   176.399338  51.726830
50.347752   174.577744  51.446316
60.154964   146.887665  56.438042
65.729149   128.754776  60.271687
66.028046   126.587296  60.825684
64.606476   124.821655  60.983704
63.106712   122.957794  61.433544
62.732689   122.300240  61.701527
62.129078   121.409332  61.960426
61.166378   119.866943  62.169670
61.055779   119.293938  62.456688
61.672264   118.748253  62.853523
62.451580   118.283012  63.340488
62.748562   117.987564  63.620293
63.961731   115.106018  67.313454
65.058563   113.454529  69.561142
66.200180   110.584358  73.310715
67.405647   108.470490  76.627190
69.716835   107.477386  79.221695
70.738220   107.082695  80.606651
70.528740   107.079010  82.082802
70.332657   107.061790  82.909439
70.345963   107.335213  84.010941
70.452690   107.414520  84.398514
70.748840   107.216225  84.600853
71.373505   106.664734  84.933174
71.787659   106.457832  84.968369
111.708672   116.856827  83.852661
112.607056   115.260880  83.401520
113.030647   113.480949  82.567902
113.974464   110.631393  81.444412
114.257568   109.602898  81.094040
114.033905   108.218971  79.836258
114.060646   107.348572  79.192322
114.096924   106.666481  78.643951
113.204796   106.557411  77.691017
111.821136   106.257317  76.026840
111.473648   106.185204  75.627525
110.976395   105.980186  75.229431
110.567299   105.824974  74.916985
109.894783   105.452820  74.535858
109.314201   104.991325  74.327950
108.843323   104.655693  74.236374
108.348167   104.349976  74.258423
108.609955   103.968559  74.455841
108.685532   103.572098  74.716736
108.172272   103.346642  74.558754
107.696922   103.168793  74.403152
107.238014   102.996933  74.255013
107.092766   102.763428  74.115135
106.362099   101.995262  73.959694
106.063072   101.681259  73.880447
105.839806   101.154839  73.796196
105.484322   100.574364  73.930496
105.255852   100.309967  73.949562
104.972397   100.196480  74.175720
104.903572   100.168976  74.230034
104.827820   100.137817  74.290733
104.858231   100.005142  74.346840
104.869606   99.956154  74.367706
105.136284   99.810928  74.397949
105.835457   99.164345  74.547249
106.328163   98.639137  74.895332
107.953278   97.436249  76.054260
108.716866   97.145607  76.548637
109.178802   96.891373  76.741257
109.589363   96.664871  76.912964
109.741211   96.581192  76.976318
109.944046   96.469826  77.060387
110.074066   96.398643  77.114006
110.135231   96.365326  77.139000
109.958115   96.568047  76.993462
109.699127   96.946526  76.967659
109.538269   97.212715  76.924591
109.314674   97.556671  76.982407
109.052773   97.824966  77.166725
108.821381   98.143585  77.417076
