-78.199699  179.424149  25.139957
-77.978394  179.652405  25.179743
-77.871353  179.779205  25.202404
-77.769386  179.934006  25.226137
-77.728928  179.995911  25.234982
-77.649338  180.096771  25.256559
-77.559250  180.189835  25.294771
-77.483658  180.264648  25.328001
-77.429214  180.335434  25.346231
-77.373558  180.401474  25.361258
-77.322311  180.456116  25.375263
-77.288597  180.487305  25.379271
-77.254814  180.531464  25.380339
-77.222702  180.561035  25.389410
-77.181198  180.599136  25.395540
-77.142754  180.634705  25.400362
-77.108116  180.672134  25.403015
-77.077095  180.712585  25.403854
-77.049751  180.749695  25.404730
-77.003662  180.787735  25.408319
-76.938965  180.821304  25.417582
-76.881416  180.852890  25.425568
-76.823608  180.889420  25.431940
-76.784752  180.911957  25.436523
-76.726540  180.934830  25.447742
-76.654839  180.970840  25.454557
-76.570663  181.011856  25.455568
-76.502762  181.033203  25.464321
-76.412247  181.118683  25.501026
-76.342361  181.169327  25.528271
-76.287506  181.192459  25.540806
-76.242722  181.227036  25.548216
-76.217033  181.309952  25.563038
-76.286392  181.763504  25.751070
-76.214920  181.745956  25.772886
-76.166122  181.741714  25.794226
-76.151543  181.878342  25.895416
-76.118271  182.017181  26.046806
-76.090218  182.261307  26.364458
-76.036736  182.528961  26.761086
-75.906021  182.216141  26.819216
-75.810989  182.121063  26.849983
-75.738480  182.097244  26.869268
-75.668701  182.131912  26.882248
-75.578293  182.240417  26.893715
-75.484955  182.382370  26.885262
-75.409592  182.489182  26.868725
-75.343452  182.575195  26.855236
-75.283669  182.640091  26.840124
-75.231773  182.694748  26.825712
-75.184647  182.739746  26.808735
-75.140213  182.769028  26.790550
-75.100487  182.790588  26.775021
-75.058548  182.787781  26.758656
-75.023788  182.778091  26.744932
-74.989471  182.760315  26.727398
-74.954384  182.754944  26.709694
-74.922791  182.745422  26.696789
-74.894852  182.736282  26.685196
-74.869583  182.727127  26.674847
-74.838684  182.719345  26.659239
-74.811844  182.708145  26.647793
-74.770836  182.689667  26.633993
-74.729546  182.664230  26.620651
-74.691589  182.643112  26.607550
-74.656189  182.622330  26.595797
-74.622810  182.601944  26.585154
-74.591805  182.583923  26.575457
-74.540024  182.551910  26.551371
-74.477409  182.518143  26.526485
-74.405701  182.486328  26.499763
-74.346222  182.465500  26.475378
-74.294701  182.455399  26.452089
-74.251923  182.458954  26.429691
-74.209068  182.513443  26.399281
-74.178032  182.607254  26.365711
-74.159073  182.743713  26.314848
-74.110046  183.067917  26.160141
-74.121483  183.487961  26.011414
-74.330513  184.255371  25.896576
-74.880508  185.417114  25.902779
-75.701233  186.776520  26.047678
-77.132187  188.160324  26.187262
-79.293350  189.664764  26.551041
-82.139915  191.434113  27.392441
-85.352325  192.804001  28.308182
-88.490074  194.264236  29.377800
-91.865265  195.239883  30.495901
-95.853226  196.228439  32.286129
-100.020683  196.415756  35.241550
-104.509254  195.970566  37.969692
-111.985954  193.910461  41.065712
-113.484047  193.897705  40.933010
-115.515419  192.836685  41.245079
-116.984680  190.255386  40.999981
-118.284904  186.583130  42.040138
-118.003326  182.011078  42.353222
-116.780678  177.354370  42.200531
-114.833565  171.892853  41.261974
-112.595795  167.550476  39.930763
-109.045166  163.377304  38.110443
-104.587761  159.523376  36.258533
-98.238968  154.586884  34.403843
-91.820496  150.022217  32.272144
-85.768303  145.369843  29.868013
-80.153809  140.988968  27.707367
-73.305260  135.399429  25.238617
-67.322334  130.682205  24.241581
-62.249798  125.331261  24.065674
-59.278416  120.915535  24.365845
-58.112793  117.869995  24.749100
-57.570152  115.890831  25.132322
-57.974804  111.828979  25.755680
-59.381966  108.597633  26.787670
-62.486736  105.182762  28.695999
-66.057602  102.512489  30.913595
-71.368774  98.594269  32.514034
-76.266632  96.146133  33.870853
-82.466896  94.372818  35.029457
-89.091988  92.758636  37.025700
-94.178146  93.256416  37.109196
-98.825195  93.430153  39.941906
-104.858902  95.477821  42.046963
-110.347359  96.694878  43.803341
-114.166458  95.030411  45.079460
-116.467262  95.063416  46.459358
-117.761238  95.993355  46.751354
-119.891281  98.330620  46.681221
-122.350433  103.553680  46.452148
-123.463539  107.896011  45.627350
-121.407013  115.115501  45.262020
-119.212234  121.951141  45.196365
-117.679855  127.564034  44.010815
-117.451988  132.862045  43.484707
-114.025322  137.657669  41.162403
-110.336906  141.389206  38.547619
-109.206810  145.843063  36.509880
-102.562126  151.240112  34.317657
-93.812912  155.712524  32.214069
-88.219788  159.907761  30.472488
-80.203194  164.820038  29.907770
-74.024994  171.430267  28.360258
-86.316933  172.118546  27.239136
-82.503311  180.084915  27.867254
-80.228851  186.761276  30.221045
-80.087288  188.260193  30.839771
-80.202065  188.383987  31.252605
-80.733810  187.479126  31.506878
-65.447861  190.706467  31.239872
-66.200012  188.793655  30.742905
-67.314560  185.120972  29.869312
-68.154396  178.918015  28.322365
-68.246788  171.539230  27.232676
-68.286263  165.789841  26.828394
-67.510582  159.949463  26.279137
-65.877846  152.352036  25.261887
-63.221340  142.980728  23.496086
-60.249123  136.987473  22.039000
-56.967625  132.485107  21.184847
-53.351242  131.005859  20.736256
-49.642330  131.075958  20.122154
-45.605125  133.184204  19.499134
-40.957432  136.998123  18.922440
-36.099758  141.790955  18.214813
-31.719475  146.319946  18.218273
-38.547272  138.157593  17.960356
-35.485985  144.502060  17.111910
-34.525665  149.126465  16.013821
-34.695614  152.479889  15.338449
-35.304077  155.402954  14.857204
-36.194744  157.971085  14.463645
-37.355335  160.059708  14.138578
-38.460358  161.596786  13.957824
-39.857338  163.284668  14.140203
-41.318649  164.695541  14.630732
-42.675076  165.274658  15.181873
-43.636337  164.816803  15.452809
-44.513840  163.610458  15.683503
-45.309921  161.122910  15.810625
-46.139847  156.551315  15.985864
-47.032291  150.277100  16.631666
-46.709381  143.213104  16.558414
-34.455925  149.763596  16.936432
-33.895035  147.419418  16.579565
-32.806591  146.754242  16.273577
-30.613226  146.569092  15.637842
-27.476873  147.378967  14.758535
-35.434486  136.293533  14.091428
-32.686893  138.587341  13.251482
-29.029955  144.988800  11.176558
-27.634291  148.006348  10.383350
-26.429510  151.798920  9.630837
-26.362480  155.102875  9.608829
-26.241060  159.237976  9.904624
-26.342049  162.899063  10.364960
-26.663195  166.080475  11.126585
-28.206041  169.871292  13.323532
-29.150522  171.916107  14.898598
-29.730652  172.512619  15.825875
-30.101446  172.579773  16.379553
-30.343287  171.669266  16.810320
-30.442951  170.648895  16.939638
-30.712654  167.065994  17.202871
-30.315466  165.141190  17.253416
-29.527557  161.189056  17.313780
-29.153151  158.921432  17.577681
-30.149866  150.567596  17.837393
-31.537436  138.892136  17.931974
-31.977108  130.248749  18.529980
-32.547588  125.119179  19.811625
-32.678814  124.006165  20.233410
-33.250729  122.414757  20.793949
-33.547352  121.701859  21.043043
-33.657299  122.725639  20.608055
-32.859600  131.946854  18.026104
-32.133148  137.792145  17.759817
-30.569635  149.649979  18.112671
-29.277439  157.046463  18.227316
-27.756533  161.286728  18.413649
-26.067463  164.417419  18.425312
-24.385077  166.717178  18.422718
-22.766991  168.460922  18.550175
-21.076452  170.042999  18.718861
-19.337580  171.213486  19.224907
-18.018797  171.607651  19.590206
-17.203968  172.120377  19.758772
-16.643867  171.034180  20.041250
-16.346144  168.967407  21.064381
-16.223480  167.044083  21.464277
-15.517981  164.411926  21.944347
-14.769117  161.948273  22.474045
-14.491415  159.554901  23.066935
-14.675352  156.561646  23.791685
-14.850920  153.670349  24.472719
-14.851639  151.745361  25.128241
-14.892451  150.450104  25.591942
-14.586573  149.690445  25.738518
-13.229506  150.398941  25.461891
-11.050892  151.973511  24.903444
-7.623422  154.820908  24.211256
-4.603969  157.838089  23.658592
-2.239874  160.601578  23.183813
-0.256646  163.297516  22.866652
1.417772  165.562317  22.687786
3.073720  167.534866  22.756496
4.525659  168.882065  23.009153
5.719129  169.651413  23.241112
7.186818  169.547775  23.612015
8.504258  169.036545  23.942347
9.985493  167.332764  24.311571
10.989122  165.844696  24.708588
11.811016  164.063980  25.175756
12.815089  162.325363  25.618380
14.216627  160.875366  26.015512
16.330404  159.772034  26.076054
18.060078  158.877594  26.145639
19.875042  158.342300  26.189724
21.789499  158.250748  26.069895
23.930569  158.745972  25.798344
26.747339  160.059830  25.281235
29.163097  161.883896  24.877872
30.761969  163.934250  24.478275
31.602509  165.798431  24.024645
31.888752  167.423523  23.595741
31.753899  168.841949  23.195921
31.281202  170.270523  22.714363
29.666134  172.330994  21.926512
27.764450  174.167252  21.151264
25.808462  175.455582  20.564659
23.838247  176.275177  20.271002
22.070951  176.615311  19.961460
19.956236  177.069946  20.019958
18.184612  176.735489  20.018528
16.948282  175.974152  19.990337
15.889564  174.643539  20.101692
14.506905  172.107468  20.644508
13.455751  169.639816  21.092203
12.503055  166.076706  21.851778
11.893028  163.549118  22.453285
11.629023  161.096420  23.154297
11.630763  159.170853  23.749319
12.513398  158.088928  24.187695
14.002266  158.323029  24.032063
15.633221  159.370407  23.747021
18.064253  161.214737  23.369101
21.270622  163.485764  22.892006
23.477507  165.384445  22.559956
25.332853  167.466187  22.328911
26.801668  170.558640  21.879192
27.296896  172.904434  21.533318
27.229069  174.768250  21.188488
26.738390  176.662735  21.036892
26.282637  178.055252  20.898489
25.918928  178.903702  20.794432
25.635674  179.571106  20.655073
25.393278  179.724594  20.401236
25.116854  179.358978  19.992029
25.008448  178.279221  19.422325
25.361279  176.960922  18.785025
26.155317  175.396454  18.445059
27.311020  174.708374  18.241081
28.609755  174.618195  18.095057
31.071339  175.574875  17.909330
33.786522  176.988693  18.116693
36.471478  178.346268  18.235056
38.781628  179.257385  18.426006
40.929512  179.972229  18.750322
42.954742  180.468231  19.045773
44.711010  180.406128  19.397915
46.113617  179.259964  19.586542
47.588024  176.356232  19.608658
48.608288  171.569656  19.565191
49.266224  165.973602  19.684507
49.518833  160.136963  20.229738
48.961056  152.805130  21.442995
48.257309  146.138580  22.843042
47.470367  140.537384  24.515884
46.592785  135.799408  26.112450
45.621254  131.987946  27.516590
44.883915  129.401932  28.571543
44.411602  128.206116  29.029280
44.104191  127.617561  29.176302
44.015785  127.565857  29.098959
44.082275  128.201279  28.439028
44.470917  130.416626  26.797182
45.152969  135.284027  24.281799
45.728802  141.794556  22.036366
46.479095  148.840607  20.027342
48.106773  156.548843  18.864506
50.121086  162.420944  18.098167
52.509830  167.458191  17.761517
54.815113  171.364868  17.859865
58.755630  176.797607  19.124435
62.296646  180.305588  20.218227
66.672371  183.198196  21.406822
70.618477  184.682083  22.639400
72.985397  184.675964  23.451439
74.486923  184.625351  24.018553
76.202660  183.808578  24.602304
82.604729  173.029724  26.278248
83.478012  168.991165  26.376991
83.635292  163.112488  26.670494
83.957672  157.564911  27.009901
84.066765  152.238815  27.297798
84.724670  147.883850  27.625242
85.116020  145.104050  28.022493
85.413635  142.883392  28.392097
85.379974  140.895523  28.655142
85.651413  139.466766  28.734987
85.794640  138.499771  28.791958
86.929115  138.716827  28.485739
87.141136  138.430435  28.644873
87.225159  138.367615  28.639673
87.357872  138.403473  28.713341
87.547546  138.894608  28.824499
87.156006  139.601761  29.012255
86.774521  140.796021  29.428825
86.850220  141.612152  29.459446
87.011902  142.337646  29.404566
87.099167  142.621658  29.365191
86.683624  143.653061  29.396830
86.858025  144.215057  29.394871
86.936508  144.408798  29.426395
87.168808  144.703690  29.339348
87.425507  144.923157  29.203642
87.422127  144.937561  29.115221
87.465553  144.901062  29.083059
87.633125  144.994324  29.055069
87.791641  144.801971  29.002554
87.874199  144.520874  28.936031
87.981148  144.197006  28.837936
88.240265  144.029175  28.704435
88.345787  143.773026  28.667244
88.394501  143.554901  28.656649
88.418030  143.375778  28.653494
88.397408  143.248810  28.668243
88.425217  143.188110  28.698305
88.478439  143.193985  28.712727
