-69.985809   133.181854  -99.399117
-69.995453   133.177902  -99.401917
-70.005272   133.170914  -99.406639
-70.008690   133.168533  -99.407974
-70.017143   133.162079  -99.409920
-70.033409   133.149246  -99.409515
-70.049789   133.133881  -99.408844
-70.059937   133.123932  -99.410004
-70.068161   133.112961  -99.412491
-70.076790   133.102554  -99.412354
-70.084244   133.092194  -99.410339
-70.092300   133.081833  -99.408936
-70.101715   133.072495  -99.407288
-70.110268   133.063126  -99.405724
-70.118820   133.049301  -99.403526
-70.126595   133.041412  -99.402695
-70.137871   133.048965  -99.413795
-70.135803   133.069244  -99.411522
-70.138573   133.078766  -99.409042
-70.140297   133.086227  -99.402412
-70.148697   133.088516  -99.398918
-70.160385   133.068695  -99.397903
-70.166672   133.024841  -99.390106
-70.103577   131.713928  -99.798912
-70.250153   129.013977  -100.203644
-70.593788   125.729263  -100.253021
-70.898232   122.340775  -99.984558
-71.089005   119.852783  -99.636589
-71.222595   117.825851  -99.290222
-71.324516   116.665489  -99.031479
-71.391869   116.191841  -98.899269
-71.408745   116.233673  -98.894562
-71.320885   116.790184  -99.065498
-71.111725   117.909851  -99.387863
-70.785110   119.086578  -99.732498
-70.498749   120.298553  -99.982056
-70.175346   121.822395  -100.304649
-69.757133   123.232979  -100.628548
-69.216064   124.480217  -101.123642
-68.771080   125.006180  -101.343979
-68.412086   124.913902  -101.539871
-68.086334   124.549301  -101.667686
-67.788452   123.640701  -101.719658
-67.540443   122.159012  -101.696640
-67.328377   120.187660  -101.564232
-67.004372   117.938812  -101.297440
-66.626854   115.863197  -101.006905
-66.264412   114.315300  -100.784470
-65.759895   113.037033  -100.667946
-65.175865   112.148872  -100.642937
-64.543259   111.766090  -100.787079
-63.776302   111.705528  -101.005257
-62.917244   111.933937  -101.342499
-61.939781   112.468613  -101.780678
-60.754059   113.291527  -102.377319
-59.211868   114.280380  -103.083450
-57.528515   115.392761  -103.820450
-56.132027   116.548119  -104.348778
-54.879528   118.056931  -104.702301
-53.704937   119.587334  -105.162125
-52.948864   120.986153  -105.504105
-52.470695   122.208565  -105.800476
-52.118111   123.239105  -106.044441
-51.990459   124.154007  -106.252457
-52.088493   125.107315  -106.475616
-52.387115   125.769249  -106.579124
-52.751698   126.088570  -106.612717
-53.317863   126.003059  -106.594276
-54.093067   125.536873  -106.523323
-55.005489   124.566109  -106.332787
-55.839893   123.195671  -106.046432
-56.277672   121.350639  -105.588028
-56.504253   119.521843  -105.102943
-56.548729   117.844254  -104.610085
-56.350079   116.313271  -104.099152
-56.065487   115.220543  -103.683342
-55.714897   114.597801  -103.396805
-55.420864   114.375755  -103.295532
-55.132423   114.461548  -103.383842
-54.627876   114.862236  -103.643532
-54.118439   115.411797  -103.933327
-53.691162   116.093086  -104.226959
-53.410793   117.095802  -104.541672
-53.206615   118.286598  -104.820961
-52.993156   119.388481  -105.081627
-52.802917   120.523582  -105.320679
-52.615913   121.565132  -105.546196
-52.520844   122.284897  -105.700890
-52.450241   122.813942  -105.816231
-52.407471   123.114922  -105.892830
-52.384884   123.202209  -105.918007
-52.331371   123.195610  -105.948456
-52.235752   123.000282  -105.953079
-52.080235   122.370705  -105.970947
-51.710243   121.103790  -105.942711
-51.123199   119.462662  -105.896210
-50.142132   117.637390  -105.830696
-48.889194   116.002762  -105.811890
-47.337257   114.615166  -105.855629
-45.604900   113.647018  -105.985992
-43.917194   113.189674  -106.179085
-42.231071   113.097885  -106.519753
-40.561462   113.444473  -106.962654
-39.028641   113.987381  -107.352554
-37.660526   114.798958  -107.780556
-36.479549   115.856125  -108.244835
-35.481144   117.092484  -108.855812
-34.807911   118.156792  -109.302422
-34.302181   119.320457  -109.696556
-33.967422   120.533272  -110.011421
-33.856461   121.716446  -110.253044
-33.910542   122.732109  -110.417587
-34.118931   123.619316  -110.533913
-34.671509   124.385216  -110.557137
-35.569038   124.955940  -110.422714
-36.607021   125.245636  -110.214226
-37.510490   125.116684  -110.030067
-38.389244   124.621254  -109.740295
-39.158695   123.565132  -109.429016
-39.932091   122.152946  -109.057343
-40.595444   120.259209  -108.555916
-40.933659   118.443306  -108.076378
-40.891277   116.856239  -107.668159
-40.612396   115.570648  -107.371277
-40.133102   114.574333  -107.173279
-39.437122   113.911591  -107.105850
-38.681576   113.661598  -107.214546
-36.901833   115.648849  -107.912689
-36.439087   116.391037  -108.180481
-35.890442   117.873444  -108.655540
-35.494831   119.187599  -109.045799
-35.283085   120.200790  -109.307289
-35.027237   121.132156  -109.546326
-34.820278   121.898849  -109.737068
-34.654285   122.398209  -109.868507
-34.426540   122.465935  -110.094673
-34.335926   122.251305  -110.177490
-34.264462   121.702286  -110.165558
-34.213715   120.440605  -110.053688
-34.217876   118.211624  -109.743744
-34.362091   114.702522  -108.949730
-34.669952   110.305717  -107.625092
-35.091438   105.838097  -105.954567
-35.668404   101.758720  -104.137299
-36.429539   97.992821  -102.180733
-37.597439   94.766373  -99.657249
-38.901917   92.213982  -97.306427
-40.203186   90.397507  -95.351013
-41.428421   89.142220  -93.625053
-42.625988   88.349678  -92.168465
-43.668446   88.123802  -91.047768
-44.463959   88.198868  -90.372841
-45.140903   88.672287  -90.116432
-45.611916   89.367249  -90.155167
-45.925144   90.345573  -90.457047
-45.973278   91.431572  -90.956451
-45.607304   92.866318  -91.762581
-44.926502   94.438499  -92.745415
-43.837555   96.262405  -93.896667
-42.459671   98.062698  -95.032799
-40.680660   99.899727  -96.259766
-38.683182   101.754005  -97.555573
-36.263298   103.677055  -98.921646
-33.743595   105.676338  -100.265358
-31.273710   107.734604  -101.498108
-28.998987   110.026611  -102.675034
-26.815569   112.713028  -103.999222
-24.586823   116.203316  -105.461960
-22.450575   121.037796  -107.259476
-21.112490   126.464195  -108.728981
-20.278677   131.313751  -109.675728
-19.727049   136.044144  -110.455925
-19.288239   140.905502  -111.555832
-19.064850   145.271561  -112.289749
-18.717299   148.110291  -112.683716
-18.214056   150.351929  -112.763649
-17.797316   152.167404  -112.783951
-17.538015   154.018066  -113.014107
-17.266544   155.732697  -113.182877
-17.050087   156.741760  -113.312706
-16.874405   157.421997  -113.391602
-16.685915   157.987518  -113.449577
-16.534250   158.021729  -113.689262
-16.403044   157.700775  -113.913315
-16.406729   156.730148  -114.195129
-16.583632   154.039551  -114.879395
-16.808521   150.597290  -115.619797
-17.154308   146.671783  -116.247475
-17.608995   142.120682  -116.650063
-18.161493   137.180038  -116.535515
-18.997572   131.702911  -115.593857
-20.032257   126.261703  -114.212311
-20.859316   121.864128  -112.844505
-21.483809   118.482170  -111.617996
-22.006128   115.815895  -110.537544
-22.530045   113.672119  -109.591202
-22.967705   112.029610  -108.728226
-23.263359   110.878952  -108.066925
-23.479548   110.067062  -107.582619
-23.629055   109.523773  -107.230766
-23.729439   109.150787  -106.971664
-23.812107   108.912102  -106.777390
-23.866116   108.828056  -106.665863
-23.904823   108.826241  -106.588646
-23.862251   109.005966  -106.567070
-23.731255   109.339958  -106.618706
-23.490557   109.988533  -106.779549
-23.192966   110.978912  -107.054649
-22.808331   112.037773  -107.437386
-22.383532   113.371063  -107.880791
-21.963640   114.712303  -108.312256
-21.446066   116.284607  -108.759399
-20.882566   117.816620  -109.193794
-20.152571   119.380806  -109.610649
-19.349157   120.790764  -109.998749
-18.470812   121.939598  -110.333626
-17.668322   122.727783  -110.621567
-16.907629   123.389267  -110.890991
-16.108025   123.529991  -111.221283
-15.405619   123.459427  -111.466301
-14.816366   123.187164  -111.628494
-14.279914   122.797745  -111.748077
-13.824859   122.357834  -111.835968
-13.415727   121.838493  -111.855934
-13.131937   121.192032  -111.808334
-12.915655   120.352974  -111.662491
-12.792867   119.239433  -111.413383
-12.788019   117.870575  -111.051834
-12.933229   116.433464  -110.623489
-13.214338   115.033089  -110.110443
-13.632998   113.447327  -109.472054
-14.176792   111.908264  -108.813828
-14.857871   110.376328  -108.086517
-15.713881   109.052795  -107.325638
-16.790321   107.979790  -106.611801
-18.084230   107.050339  -105.945618
-19.415236   106.304153  -105.344070
-20.629833   105.765442  -104.845848
-21.586849   105.395615  -104.465416
-22.293447   105.209518  -104.227356
-22.845421   105.131348  -104.051926
-23.258211   105.085152  -103.928391
-23.473177   105.087013  -103.854897
-23.549963   105.091675  -103.822495
-23.547962   105.114143  -103.800102
-23.360743   105.218185  -103.757797
-22.866034   105.428062  -103.709991
-21.907915   105.632858  -103.670654
-20.616261   105.784744  -103.665199
-19.121393   105.949768  -103.691345
-17.586891   106.229599  -103.727554
-16.134890   106.496597  -103.812553
-11.983179   108.612206  -104.788124
-10.946560   109.336815  -105.146896
-9.695627   110.334503  -105.656769
-8.548687   111.481644  -106.307938
-7.462546   112.967873  -107.068893
-6.561716   114.638100  -107.898560
-5.725079   116.697876  -108.689072
-4.917362   118.707878  -109.392677
-4.295750   120.742989  -110.079041
-3.856417   122.964722  -110.755890
-3.648543   125.204987  -111.436523
-3.541088   127.480904  -112.112122
-3.444552   129.443314  -112.646210
-3.421633   131.374771  -113.189842
-3.402898   133.072205  -113.666252
-3.486860   134.692825  -114.183151
-3.552732   136.017517  -114.640282
-3.593123   137.094101  -114.993332
-3.629238   138.063110  -115.346382
-3.676926   138.745667  -115.864326
-3.760167   139.215805  -116.278786
-3.750595   139.430511  -116.562752
-3.695419   139.375061  -116.763847
-3.581160   138.992599  -116.897804
-3.486884   138.271851  -116.978302
-3.316425   137.007874  -117.038101
-3.171121   135.215790  -117.051491
-2.921859   132.432022  -116.835258
-2.763413   129.025803  -116.405235
-2.697981   124.926514  -115.721344
-2.648719   120.614258  -114.927513
-2.731908   116.691772  -113.968872
-2.961650   112.866539  -112.874718
-3.320736   109.258614  -111.690613
-3.788685   106.158478  -110.519623
-4.378956   103.663162  -109.459740
-4.870556   102.092194  -108.595322
-5.472414   100.505966  -107.719925
-5.983055   99.262321  -106.984848
-6.407534   98.373192  -106.432846
-6.745307   97.731735  -105.969414
-7.069273   97.289490  -105.625244
-7.323864   97.150764  -105.450836
-7.516989   97.217697  -105.373047
-7.626336   97.546700  -105.419327
-7.605432   98.037865  -105.636124
-7.468072   98.771210  -105.984138
-7.040653   100.352432  -106.635506
-6.560606   102.074379  -107.300941
-6.135136   103.957939  -107.928345
-5.604629   106.092941  -108.633690
-4.976727   108.174004  -109.348328
-4.196035   110.316048  -110.048798
-3.407907   112.174828  -110.643883
-2.570209   113.817383  -111.221031
-1.836497   115.284767  -111.730431
-1.163370   116.415184  -112.114105
-0.552929   117.338928  -112.411865
0.022302   118.002586  -112.608727
0.505611   118.447182  -112.759216
0.964620   118.607666  -112.884987
1.381139   118.567978  -112.905113
1.696244   118.508804  -112.906776
1.995355   118.340416  -112.859482
2.251158   117.909218  -112.788155
2.429247   117.329750  -112.669975
2.593973   116.611504  -112.446167
2.702163   115.706642  -112.146149
2.780490   114.436066  -111.717896
2.805865   113.090523  -111.227562
2.811333   111.607651  -110.636955
2.784226   110.200882  -110.059654
2.708455   108.869919  -109.492897
2.670521   107.519096  -108.923592
2.666857   106.112930  -108.325409
2.694329   104.683838  -107.703796
2.742327   103.386642  -107.132133
2.854289   102.279732  -106.658829
3.023581   101.324722  -106.256912
3.226582   100.566277  -105.949348
3.474455   99.911484  -105.708488
3.713591   99.415649  -105.528954
4.051306   99.060158  -105.347778
4.454912   98.832321  -105.194611
4.858352   98.675423  -105.081284
5.311314   98.588295  -104.974236
5.844867   98.670433  -104.881210
6.463498   98.935371  -104.896957
7.158918   99.467796  -105.064171
7.937937   100.368767  -105.370308
8.761518   101.721443  -105.857521
9.455741   103.173973  -106.422989
10.144920   104.929298  -107.124207
10.672987   106.604836  -107.791893
11.133245   108.431351  -108.447083
11.546352   110.288826  -109.151405
11.888559   112.132187  -109.840172
12.160075   113.975807  -110.530319
12.338589   115.566071  -111.181717
12.482651   116.842682  -111.675949
12.564520   117.967911  -112.108528
12.638588   118.828934  -112.452599
12.726184   119.493591  -112.722168
12.796032   120.060013  -112.946671
12.845802   120.464874  -113.111435
12.873477   120.767303  -113.239922
12.891841   121.019783  -113.355247
12.878754   121.164276  -113.434166
12.855708   121.272034  -113.517036
12.854415   121.362320  -113.568153
12.820036   121.303673  -113.595161
12.717919   120.994637  -113.566978
12.554606   120.496025  -113.498398
12.380664   119.777931  -113.415359
12.322250   119.283264  -113.314438
12.277646   118.804749  -113.204247
12.280385   118.034592  -112.991669
12.428420   116.808220  -112.527214
12.521773   115.592636  -112.038261
12.682463   114.270874  -111.496208
12.880827   112.966003  -110.919853
13.063754   111.770035  -110.400551
13.349873   110.768181  -109.963837
13.765620   109.813545  -109.486168
14.192317   109.048180  -109.101532
15.312078   108.298119  -108.718727
15.660741   108.146355  -108.637024
16.365555   108.061600  -108.529465
17.046839   108.079117  -108.426422
17.749718   108.225227  -108.382545
18.317961   108.352715  -108.356125
18.865942   108.625221  -108.398026
19.413036   109.020508  -108.503883
19.943707   109.503166  -108.659187
20.382673   110.034760  -108.839340
20.799671   110.843925  -109.095543
21.176659   111.925247  -109.480583
21.472710   113.296654  -110.004280
21.666420   114.957581  -110.650131
21.823973   116.593582  -111.258362
21.873100   118.189697  -111.997208
21.857817   119.448051  -112.565887
21.834599   120.435547  -113.029343
21.831722   121.079987  -113.383804
21.797634   121.446777  -113.681175
21.813202   121.614342  -113.824654
21.773455   121.427567  -113.888016
21.775116   120.824600  -113.966545
21.844135   120.327644  -113.807968
21.887966   119.602753  -113.576271
21.941776   118.542419  -113.229973
22.044241   117.108116  -112.750801
22.299496   115.506264  -112.141792
22.768509   113.898026  -111.510223
23.301870   112.417076  -110.881020
24.089750   110.894302  -110.112755
24.893076   109.710785  -109.468712
25.727676   108.875595  -108.968552
26.699299   108.262024  -108.556984
27.802315   107.960518  -108.218178
28.929373   107.886688  -107.967896
30.113407   108.055443  -107.875572
31.256111   108.370865  -107.983192
32.593365   108.870819  -108.293922
33.664921   109.346306  -108.559441
34.766281   110.041969  -108.936501
35.795162   110.833092  -109.273697
36.729668   111.800636  -109.611046
37.537609   112.967880  -110.002014
38.183250   114.368744  -110.508720
38.792671   115.651245  -110.953766
39.209290   116.953705  -111.407745
39.323593   118.253311  -111.849159
39.322014   119.585770  -112.369568
39.093067   120.561485  -112.771004
38.766502   121.312454  -113.079369
38.320942   121.914894  -113.350700
37.835014   122.301315  -113.552078
37.282810   122.430573  -113.660515
36.731377   122.460770  -113.726219
36.173534   122.294006  -113.740158
35.538563   121.966675  -113.634308
34.940315   121.314545  -113.415665
34.365559   120.098831  -113.000198
34.166935   118.711983  -112.518738
34.303291   117.257973  -112.208061
34.728111   115.981010  -112.015518
35.249146   114.717438  -111.768097
35.994659   113.236610  -111.410782
36.769039   111.760345  -111.022049
37.429905   110.093170  -110.522820
38.007046   108.199486  -109.873436
38.317242   106.556328  -109.243591
38.464558   104.914124  -108.538902
38.444225   103.070000  -107.791290
38.215492   101.263603  -106.977760
37.805569   99.364243  -106.130608
37.257347   97.755928  -105.395096
36.505539   96.294189  -104.753128
35.536819   95.072105  -104.222336
34.438202   94.170364  -103.827370
33.338001   93.694832  -103.641815
32.430023   93.433174  -103.575684
31.730341   93.367516  -103.592430
31.186317   93.469040  -103.689339
30.837847   93.776978  -103.848007
30.755365   94.160110  -103.989555
30.979168   94.826653  -104.153473
31.683500   95.853973  -104.377037
32.582405   96.854492  -104.587959
34.077534   98.232758  -104.971649
36.003487   100.145554  -105.486565
38.169994   102.506805  -106.022774
40.166962   105.270737  -106.741119
41.730995   108.158035  -107.521492
43.098148   111.249680  -108.494003
44.170998   114.168732  -109.414467
44.738628   116.885353  -110.219818
45.212589   120.306244  -111.281311
45.702450   124.242935  -112.427231
45.952797   127.846260  -113.416565
46.258549   131.222092  -114.278915
46.530453   134.330856  -115.527748
46.812122   136.345474  -116.259659
46.964718   138.683167  -117.342171
47.076962   140.584137  -118.126205
47.449654   142.113922  -118.098961
47.547516   142.558426  -118.181175
47.507221   142.496582  -118.372604
47.592968   142.173355  -118.556274
47.837536   141.082397  -118.671257
48.289223   139.261368  -118.791435
48.806637   136.833618  -118.823387
49.400410   133.542496  -118.697960
49.692528   130.102341  -118.298927
49.861668   125.865662  -117.591667
49.657070   121.513763  -116.668640
49.537098   117.553406  -115.554550
49.339119   113.793701  -114.297859
49.076927   110.578102  -113.024979
48.811104   108.095535  -111.893379
48.512627   106.109642  -110.908951
48.135887   104.577339  -110.116943
47.717125   103.293358  -109.385193
47.410690   102.439827  -108.818123
47.165539   101.885536  -108.430389
47.033150   101.644035  -108.209152
46.993336   101.698120  -108.158386
47.011307   102.044350  -108.149155
47.108040   102.795906  -108.326004
49.138817   107.942009  -109.876724
49.776222   109.365829  -110.305595
51.043919   111.648056  -111.073059
52.216133   113.667496  -111.764107
53.331364   114.804512  -112.171837
54.215378   115.793968  -112.495712
55.128689   116.579895  -112.701218
55.911789   117.034554  -112.747864
56.589207   117.109100  -112.804733
57.183308   116.477859  -112.817787
57.657246   115.684631  -112.703629
58.027287   114.909981  -112.599091
58.328159   113.958687  -112.386772
58.547951   112.532562  -111.919304
58.771931   110.966270  -111.333344
58.939705   109.071999  -110.681549
59.118626   107.105606  -109.935341
59.332115   105.065239  -109.083847
59.500225   103.413193  -108.364296
59.657009   101.900093  -107.710358
59.971001   100.616501  -107.081642
60.352455   99.561066  -106.524513
60.777756   98.832916  -106.122368
61.270267   98.299156  -105.876495
61.901020   97.945137  -105.665810
62.742336   98.114632  -105.571686
63.577991   98.288971  -105.510300
64.728470   99.062782  -105.697083
65.939766   100.034073  -106.051620
67.489601   101.672150  -106.687050
68.924835   103.245354  -107.239265
70.144951   104.748825  -107.780464
71.141136   106.303238  -108.197929
72.023018   108.094826  -108.659172
72.592010   109.471512  -109.062683
73.017426   110.827171  -109.459175
73.340393   112.354500  -110.134781
73.423523   113.821365  -110.846718
73.109467   115.021667  -111.562935
72.837624   115.965714  -112.132370
72.370277   116.519577  -112.485626
71.769249   116.779778  -112.747269
71.217575   116.869583  -112.944283
70.606407   116.653046  -113.035378
70.125511   116.455566  -113.146568
69.555130   115.954163  -113.128738
69.105560   115.383293  -113.000015
68.624184   114.585243  -112.822632
68.222092   113.765610  -112.597534
67.825928   112.434227  -112.088562
67.508606   111.066109  -111.487595
67.255264   109.735390  -110.883324
67.319954   108.280113  -110.120483
67.450050   107.177040  -109.549545
67.645500   106.244164  -109.116142
68.029327   105.488968  -108.713593
68.502274   104.958031  -108.381187
69.001953   104.741646  -108.213631
69.383369   104.592560  -108.092659
69.984215   104.578552  -108.036621
70.622772   104.636017  -108.014656
71.189789   104.845779  -108.074951
71.966469   105.325363  -108.262268
72.695732   106.104034  -108.635384
73.387169   107.302254  -109.113205
73.864212   108.313431  -109.538628
74.266701   109.191727  -109.895645
74.534004   109.905968  -110.193848
74.707924   110.419487  -110.409752
74.847275   110.777733  -110.558922
74.932098   111.011681  -110.666275
74.932358   111.069489  -110.733917
74.887161   110.950333  -110.717476
74.794800   110.480499  -110.561951
74.682030   109.779564  -110.337753
74.719887   108.728287  -109.986465
74.891823   107.412086  -109.631294
75.248108   105.892075  -109.165520
75.620735   104.544014  -108.698433
76.201347   103.187897  -108.274406
77.016235   102.088554  -107.888054
77.834167   101.322502  -107.594948
78.793198   100.595703  -107.466209
79.671120   100.668961  -107.442123
80.667801   101.350136  -107.530045
81.388855   101.944984  -107.611664
82.341408   103.298294  -107.824684
83.063797   104.748474  -108.101814
83.505730   106.477226  -108.604774
83.730064   108.277023  -109.108635
83.894447   110.277557  -109.820618
83.920403   112.088905  -110.286560
83.912849   113.909828  -110.914902
84.010933   115.325439  -111.481377
84.221909   116.514877  -111.901299
84.310280   117.415909  -112.373100
84.455704   117.858940  -112.566322
84.534889   117.996208  -112.621361
84.574608   117.654152  -112.529755
84.666954   116.696480  -112.246483
84.877151   114.960045  -111.764526
85.049652   112.572693  -111.108101
85.095634   109.725014  -110.333801
85.040863   106.733109  -109.332474
84.770615   104.563087  -108.516388
84.442734   102.971977  -107.837952
84.011902   101.557938  -107.182755
83.612061   100.505150  -106.703506
83.348892   99.954979  -106.459366
83.183945   99.702484  -106.339828
83.139862   99.847847  -106.379364
83.308914   100.529884  -106.601395
83.714989   101.794540  -107.006233
84.899460   104.677322  -107.949097
85.996208   106.835114  -108.590096
87.218430   108.550201  -109.087059
88.305260   109.972977  -109.439842
89.620872   111.152199  -109.550438
90.780647   111.899559  -109.514862
91.868004   112.169533  -109.354378
93.061905   111.626945  -109.127243
94.183792   110.629852  -108.759933
95.225616   109.206322  -108.205002
95.952675   107.529366  -107.501976
96.546654   105.662239  -106.666290
96.675133   101.222549  -105.041954
96.646072   100.207474  -104.642456
96.461632   99.021271  -104.138107
96.274658   98.099174  -103.728699
96.068733   97.458900  -103.423698
95.883881   97.031548  -103.213043
95.686600   96.672737  -103.038414
95.482018   96.401909  -102.920715
95.320908   96.195107  -102.809502
95.152634   95.971115  -102.681236
94.969543   95.800240  -102.559761
94.766579   95.614525  -102.428207
94.591057   95.448975  -102.308556
94.459419   95.303123  -102.199036
94.339134   95.185425  -102.106766
94.255173   95.093369  -102.028381
94.209717   95.053383  -101.989967
94.185699   95.042267  -101.971565
94.210083   95.084984  -101.978165
94.230507   95.113129  -101.966042
94.279999   95.209503  -101.974876
94.350937   95.425087  -101.985428
94.429298   95.674347  -101.985794
94.512619   95.897591  -101.979469
94.581276   96.096649  -101.976471
94.642029   96.297951  -101.977051
94.662064   96.459908  -101.972923
94.695984   96.574760  -101.984245
94.708115   96.651070  -101.969849
94.780022   96.785126  -101.939369
94.843178   96.883545  -101.881706
94.856903   96.932449  -101.816895
94.846191   97.059990  -101.764076
94.856552   97.194069  -101.699615
94.921440   97.491608  -101.617134
95.002296   97.764175  -101.521118
95.054832   97.985413  -101.469154
95.062454   98.126732  -101.414215
95.046898   98.213356  -101.359169
95.045860   98.284294  -101.295998
95.018906   98.324471  -101.248535
94.988541   98.361580  -101.203499
94.978546   98.399994  -101.146111
94.948395   98.369537  -101.110008
94.907326   98.361412  -101.084015
94.869781   98.366943  -101.061653
94.824921   98.369728  -101.039406
94.781349   98.379082  -101.018684
94.721817   98.405151  -101.015450
94.649933   98.409782  -100.996391
94.569595   98.418427  -100.974319
94.514351   98.448158  -100.966209
94.460289   98.470680  -100.957260
94.375679   98.469292  -100.932266
94.246994   98.393837  -100.859474
94.079742   98.275925  -100.767784
93.921600   98.155052  -100.675674
93.783173   98.078308  -100.610107
93.694344   98.039574  -100.564232
93.609436   98.003021  -100.521530
93.525681   97.953186  -100.483009
93.458427   97.909081  -100.447388
93.407608   97.885651  -100.425201
93.383133   97.885551  -100.421463
93.368500   97.895370  -100.435387
