-61.505291   217.764633  -20.582119
-61.515717   217.316193  -20.515530
-61.522541   217.250824  -20.505011
-61.534058   217.171097  -20.484993
-61.538116   217.137604  -20.468655
-61.544945   217.102493  -20.449743
-61.559017   217.072647  -20.431879
-61.580669   217.042221  -20.406355
-61.608322   217.012497  -20.378393
-61.637585   216.985413  -20.350050
-61.660580   216.964920  -20.328413
-61.701099   216.948364  -20.304436
-61.730625   216.934540  -20.288443
-61.767471   216.916428  -20.270784
-61.800377   216.895569  -20.255968
-61.847969   216.867935  -20.236378
-61.898758   216.839615  -20.217131
-61.998337   216.770248  -20.177792
-62.031956   216.740585  -20.164946
-62.123798   216.660706  -20.131672
-62.215275   216.570786  -20.099379
-62.306938   216.470398  -20.068352
-62.404240   216.355270  -20.033096
-62.524094   216.220490  -19.977173
-62.670555   216.077637  -19.910860
-62.850727   215.915268  -19.832769
-63.069370   215.756042  -19.732952
-63.307610   215.585861  -19.626734
-63.524788   215.408417  -19.521839
-63.758282   215.231705  -19.413782
-64.032646   214.823532  -19.244987
-64.375015   214.493759  -19.070782
-64.696236   214.175552  -18.875599
-65.034363   213.912369  -18.717335
-65.422569   213.685989  -18.548790
-65.851364   213.427063  -18.313427
-66.278419   213.200851  -18.120338
-66.757095   213.037033  -17.939220
-67.253151   212.849396  -17.745216
-67.871193   212.693298  -17.577866
-68.558762   212.619949  -17.436756
-69.365562   212.561218  -17.337673
-70.260811   212.758713  -17.345600
-71.452194   213.305588  -17.514738
-72.632172   214.176559  -17.762907
-74.038780   215.676025  -18.167139
-75.432945   217.751190  -18.440540
-76.734436   220.940475  -18.899481
-78.097404   225.090622  -19.438086
-79.288620   229.200348  -19.602774
-80.413834   234.060394  -20.016378
-81.464935   238.452591  -20.553213
-83.472694   249.684387  -20.812878
-84.270668   254.580475  -20.342003
-84.896263   259.453186  -20.076389
-85.209892   264.249847  -19.863379
-85.697609   269.534058  -19.152456
-86.567192   276.491699  -18.648380
-86.876907   281.199921  -18.487835
-87.322777   286.546478  -17.833509
-87.961761   291.842377  -17.317759
-88.251900   297.796448  -16.963676
-88.581993   303.021881  -16.338806
-88.626312   308.123352  -16.207932
-88.477516   313.218842  -15.824244
-88.353775   317.307373  -15.496972
-87.866615   321.484039  -15.225729
-87.503212   325.960266  -15.146205
-87.138573   330.761169  -14.685081
-86.167549   334.713165  -14.659132
-85.246277   338.493164  -14.497340
-83.809067   341.531097  -14.570987
-82.308372   343.903778  -14.811085
-80.171799   346.833557  -14.984561
-77.981369   348.926147  -15.490066
-75.358421   351.245972  -15.688860
-72.380707   352.791565  -16.314573
-69.397278   354.671661  -16.786018
-66.157837   355.207947  -17.564861
-62.887642   355.225983  -18.140490
-59.293079   354.629822  -18.757345
-56.348911   353.010925  -19.537703
-53.297634   350.157928  -20.523119
-50.210159   347.562347  -20.704510
-47.572330   343.357574  -20.847958
-45.640762   340.324280  -20.690687
-42.933270   330.668518  -19.908466
-42.400433   325.176819  -19.647551
-42.411072   319.582642  -19.067354
-43.069569   313.477142  -18.085657
-44.391266   307.962860  -17.028322
-46.312061   300.790741  -15.615005
-48.876213   294.551422  -14.610774
-51.977795   288.310242  -13.485850
-55.451870   282.242096  -11.681302
-59.238617   275.576477  -9.846698
-63.298786   269.945343  -7.583930
-67.621040   264.055542  -5.446251
-71.834442   258.713867  -3.374463
-76.011879   253.884537  -1.059577
-80.179504   249.607788  0.935630
-84.019524   245.846024  2.788371
-87.598488   242.273315  4.395864
-91.003006   239.478165  5.853247
-93.996887   236.929565  7.125871
-96.380898   235.344864  8.246523
-98.191147   234.319214  9.102322
-99.478378   233.196228  9.746091
-100.401619   232.308105  10.319258
-101.081985   231.565414  10.797440
-101.555099   231.196991  11.211583
-101.814377   230.884430  11.627499
-101.782906   230.308167  11.909245
-101.445663   229.665100  12.137314
-100.834549   229.045959  12.343066
-100.171356   228.421814  12.460329
-99.053223   227.648743  12.524827
-97.362602   226.414261  12.649358
-95.326828   224.803055  12.617862
-93.269730   223.189026  12.494992
-90.778488   220.786133  12.491477
-88.434570   218.156357  12.454232
-85.809280   215.528946  12.428658
-83.216064   212.896713  12.486891
-80.277245   209.685425  12.334550
-77.280983   206.444672  12.009670
-74.225670   203.017502  11.753910
-70.926010   199.410477  11.187826
-67.476952   196.147308  10.446539
-63.873489   193.200989  9.672074
-59.903320   191.245682  9.111883
-55.774910   188.937286  7.900015
-51.185909   188.286407  7.158874
-46.884338   186.834213  5.835844
-42.812527   186.380203  4.194089
-38.843746   186.477203  2.875548
-35.242687   186.737610  1.454406
-32.296173   187.231735  0.231172
-29.780153   188.324280  -0.908423
-27.734993   189.896698  -1.978996
-24.574759   200.322144  -3.811652
-24.124508   203.198563  -3.943945
-23.970049   207.997375  -3.909750
-24.399258   212.553848  -3.541332
-25.248592   216.711426  -2.823882
-26.442284   220.352112  -2.014503
-27.809076   224.158096  -1.372917
-29.649336   227.579178  -0.184021
-31.455307   230.363068  0.678371
-33.619473   233.365341  1.895169
-35.717598   235.568222  2.752297
-37.790550   237.314377  3.929279
-39.615730   238.572937  4.875983
-41.414562   239.445404  5.725382
-43.249050   239.789154  6.579837
-45.017506   239.470520  7.532981
-46.468098   238.977936  8.169466
-47.553242   237.987015  9.037024
-48.438625   236.689316  9.660329
-49.128578   234.986404  10.185461
-49.753418   232.665131  10.709877
-50.072922   230.465424  10.861759
-50.204006   227.213043  11.279445
-49.848049   224.160736  11.342852
-49.169693   220.803741  11.107820
-47.979034   217.056046  10.620563
-46.308247   212.989014  9.262408
-44.233902   210.005005  8.406644
-41.892841   207.604965  7.457592
-39.377491   205.912994  6.447632
-36.461327   204.595169  5.455920
-33.385681   202.481766  3.064400
-30.291466   201.484680  1.523099
-27.176714   201.261322  0.240967
-24.061115   201.410431  -1.069919
-20.856346   202.457031  -2.422955
-17.731432   204.563644  -3.688712
-14.326484   207.630814  -5.463692
-11.236441   211.292053  -6.839461
-8.328436   215.712402  -8.039847
-5.989647   220.306488  -8.633331
-3.847802   225.389938  -8.867277
-2.027022   230.935028  -9.139117
-0.625021   235.778046  -9.495670
0.669587   241.439392  -9.456494
1.411519   246.257904  -9.475869
2.160644   252.032547  -9.025342
3.102940   258.584778  -7.951444
3.071773   262.744904  -7.518955
2.885048   266.499695  -7.223549
2.695342   270.615540  -6.599817
2.327818   274.121246  -6.002004
1.911826   277.918579  -5.304147
1.282460   281.168182  -4.202631
0.813164   283.874115  -3.429899
0.555559   286.179565  -2.495325
0.457174   289.010254  -0.792849
0.056276   289.442169  -0.101574
-0.233346   289.230530  0.262486
-0.726356   288.105377  0.542590
-1.099500   286.456696  1.044996
-1.539331   284.022675  1.620124
-2.020385   278.984741  2.355198
-2.233616   272.989777  2.907557
-2.266338   266.804657  3.164995
-2.038041   259.292969  3.399056
-1.590096   250.414474  3.329320
-0.863460   240.924011  3.883023
0.153027   230.724518  3.883805
1.460440   220.079269  4.035896
2.673022   208.784866  4.271878
4.027122   197.416885  4.853948
5.372486   185.767456  5.314912
6.599202   174.232407  5.556760
7.586627   163.281662  6.854562
8.831614   152.921860  9.149536
9.547931   143.236954  10.869952
9.899186   134.154831  12.194681
10.670128   125.098038  13.264428
11.379372   116.728226  14.045203
11.927617   109.836617  15.094731
12.815319   103.016182  16.330032
13.591158   95.944489  17.882874
13.914006   90.937988  18.216387
13.727659   86.884300  18.849121
13.504260   84.500938  19.191137
13.312186   82.933441  19.472025
12.832522   80.917320  19.965961
12.271453   79.765045  20.151276
11.751878   79.173416  20.309795
11.228757   78.955307  20.398373
10.589788   78.942665  20.426146
9.654441   79.162224  20.616638
8.313169   79.510185  20.864681
6.754530   80.383133  21.044600
5.359496   81.597015  21.215597
4.261859   83.436020  21.396400
3.190314   85.320259  22.242594
2.170490   87.426819  22.053410
1.250353   89.283295  21.935453
0.639951   91.074036  21.678932
0.090467   92.887482  21.455143
-0.334809   94.934280  21.478504
-0.738866   96.672371  21.465197
-1.009196   98.506432  21.314470
-1.406046   100.474846  21.509676
-1.545701   101.649254  21.503843
-2.066410   104.254822  21.797863
-2.852861   106.519089  22.639122
-3.637718   108.037827  23.307611
-4.362276   110.150177  25.566523
-6.055562   113.127037  26.918697
-8.091434   115.704620  29.339441
-9.998741   117.284355  31.223972
-11.856369   119.934029  35.293289
-14.132406   121.486763  39.727108
-16.311680   121.948105  44.914494
