-112.869308   231.803085  79.800125
-112.904602   231.753922  79.783630
-112.917740   231.735123  79.780357
-112.924515   231.727402  79.779984
-112.936432   231.714844  79.780434
-112.946205   231.704315  79.780190
-112.951515   231.699982  79.781372
-112.960243   231.694992  79.783226
-112.970894   231.689774  79.786125
-112.975319   231.688614  79.787186
-112.983360   231.684616  79.788513
-112.991638   231.681641  79.790176
-113.003944   231.680237  79.792816
-113.018227   231.681015  79.796608
-113.035759   231.689896  79.804726
-113.051231   231.699295  79.812370
-113.070206   231.720490  79.824364
-113.088219   231.735733  79.851616
-113.115326   231.763977  79.895355
-113.142410   231.791977  79.936584
-113.160225   231.801926  79.964874
-113.180046   231.819382  79.996437
-113.204697   231.865417  80.043594
-113.224792   231.933640  80.099113
-113.250908   232.039566  80.179848
-113.269890   232.131287  80.247955
-113.286827   232.197174  80.300285
-113.299751   232.278809  80.359520
-113.312874   232.388199  80.435181
-113.318085   232.500580  80.508781
-113.324165   232.532349  80.535294
-113.331520   232.550507  80.557640
-113.333878   232.552505  80.564415
-113.336403   232.550949  80.572571
-113.339111   232.551208  80.580574
-113.341888   232.552185  80.588600
-113.345001   232.553680  80.596848
-113.347038   232.553574  80.603493
-113.349022   232.552429  80.609329
-113.351746   232.550797  80.613861
-113.355103   232.548584  80.618126
-113.358742   232.544128  80.620605
-113.362411   232.536377  80.620232
-113.369331   232.522003  80.617798
-113.374191   232.515717  80.618225
-113.381851   232.505936  80.618240
-113.391006   232.492493  80.616745
-113.400848   232.478592  80.615395
-113.410118   232.469299  80.616898
-113.417747   232.465759  80.621002
-113.422951   232.464020  80.625351
-113.429634   232.461761  80.631012
-113.434151   232.461136  80.634590
-113.442421   232.461090  80.641151
-113.451378   232.462860  80.649109
-113.462029   232.465881  80.658615
-113.475594   232.472290  80.671471
-113.488434   232.474594  80.681625
-113.500366   232.470016  80.686325
-113.514297   232.460358  80.688148
-113.525650   232.453369  80.690453
-113.532684   232.452744  80.695328
-113.540337   232.453247  80.701172
-113.548119   232.454041  80.707222
-113.559280   232.447678  80.710335
-113.567940   232.445694  80.714981
-113.581375   232.441055  80.720856
-113.591721   232.436142  80.724007
-113.609634   232.421005  80.724258
-113.626808   232.405624  80.723503
-113.650452   232.381699  80.720566
-113.676231   232.355148  80.717064
-113.702896   232.323074  80.710503
-113.720085   232.311752  80.713127
-113.737190   232.308121  80.720451
-113.760887   232.296555  80.726410
-113.779556   232.283035  80.727585
-113.821190   232.237930  80.720284
-113.878242   232.164078  80.702660
-113.955566   232.044037  80.667229
-114.038208   231.913940  80.630615
-114.113113   231.812286  80.605965
-114.171844   231.733566  80.586777
-114.221878   231.667953  80.570595
-114.262611   231.624268  80.563148
-114.294044   231.596359  80.560593
-114.332153   231.557495  80.554245
-114.372353   231.507919  80.541443
-114.418175   231.438660  80.519791
-114.471771   231.347275  80.487610
-114.562737   231.163727  80.420738
-114.617455   231.044250  80.375420
-114.696358   230.868179  80.310860
-114.781204   230.681763  80.244400
-114.860222   230.500900  80.176865
-114.939812   230.318161  80.111511
-115.018639   230.134979  80.047119
-115.084503   229.980942  79.991653
-115.148354   229.850357  79.949036
-115.203522   229.752899  79.920944
-115.250542   229.675674  79.900116
-115.284119   229.625824  79.886894
-115.324905   229.569565  79.872597
-115.342773   229.546829  79.867462
-115.367798   229.520767  79.863472
-115.383522   229.508530  79.863243
-115.403694   229.502289  79.868179
-115.435966   229.536163  79.899384
-115.470642   229.585205  79.941338
-115.509415   229.646606  80.017891
-115.550484   229.775574  80.136131
-115.583282   229.979935  80.295311
-115.602837   230.399338  80.487465
-115.715675   230.906952  80.453156
-115.851463   231.583435  80.462967
-115.955269   232.112015  80.486618
-116.027023   232.568741  80.639679
-116.080978   233.009369  80.820290
-116.108803   233.468460  81.045326
-116.165596   233.971725  81.224434
-116.246445   234.570114  81.495255
-116.336525   235.098480  81.762947
-116.392578   235.574661  82.019569
-116.407295   236.121979  82.358025
-116.856369   238.323654  83.146553
-116.968346   238.835327  83.385834
-117.009560   239.764893  83.550835
-117.041664   240.484573  83.740814
-117.219505   241.296539  83.767288
-116.912300   242.395355  84.041458
-116.822731   243.297455  84.562805
-116.755417   243.796463  84.855286
-116.565742   244.425919  85.085678
-116.309303   245.331268  85.507484
-115.961983   246.469559  85.941154
-115.505867   247.446716  86.581154
-115.296082   248.117142  86.980255
-115.230019   249.173538  87.690201
-114.522072   250.145325  88.123306
-114.282974   250.807831  88.548210
-113.982216   251.686966  89.125702
-113.540710   252.739700  89.942680
-113.642288   254.315750  90.130638
-113.726593   256.038666  90.633934
-113.754059   257.072266  90.517502
-113.822578   258.136353  90.399719
-73.055748   186.461624  90.217773
-72.814056   188.631653  89.757683
-113.978546   262.001953  92.163300
-114.272400   262.814209  93.354156
-114.384933   263.302490  93.874535
-114.375107   264.264862  93.999046
-114.929268   265.982758  93.519295
-115.335701   267.588409  93.403503
-115.560890   268.855377  93.734535
-115.545502   269.958740  94.141563
-115.375244   271.186920  94.788612
-115.168900   272.076447  95.218452
-114.933540   273.024780  95.595329
-114.651848   274.668030  95.790962
-114.529808   275.181702  95.875999
-114.223404   276.224579  96.214851
-113.776695   276.351837  97.138077
-113.320999   277.480042  97.793388
-112.727539   277.778107  98.646309
-112.247353   278.103729  99.360619
-111.585175   278.528809  100.102509
-111.511261   279.149323  100.441925
-111.387581   280.080505  100.984985
-111.300041   281.674042  102.259651
-111.153069   282.806702  103.134308
-111.012276   283.503937  103.628532
-110.770691   285.912354  103.813789
-110.352341   287.607971  104.001396
-110.104980   288.573212  104.116074
-109.709953   289.474030  104.351120
-109.445229   290.082977  104.517059
-108.987099   291.971771  105.115936
-109.029976   293.288910  105.581375
-108.979164   294.218048  105.983612
-109.106819   294.790802  106.308121
-108.577507   296.085327  106.376892
-107.928535   297.373962  106.494720
-107.472885   298.285095  106.592285
-106.612221   300.731812  106.468437
-105.604568   302.448669  105.910942
-105.047699   303.400177  105.644157
-104.130859   304.651428  105.109100
-103.236031   305.983948  105.096886
-102.362228   307.812134  104.858414
-101.426682   309.181335  104.856346
-100.626213   311.423767  103.319916
-99.597450   311.796295  102.298424
-99.062103   312.326141  102.424858
-98.377655   312.292267  102.569504
-97.689362   311.797729  102.729706
-97.153091   311.959625  102.708832
-96.511757   312.221191  102.985542
-95.425362   312.542297  102.522881
-94.020195   312.607086  102.678650
-93.089775   312.941284  103.442688
-91.773544   313.269196  103.698112
-91.156242   313.527893  104.092842
-90.181656   313.626404  103.902992
-89.598930   313.665619  103.832672
-64.727493   253.257568  104.290222
-87.600555   314.141846  104.158890
-87.061302   313.576843  103.374275
-85.980415   313.558289  103.166855
-84.764687   313.854980  103.132988
-61.521332   253.514999  103.432190
-83.950417   314.343018  103.291237
-60.399998   253.886856  103.381836
-59.520706   253.883026  103.438660
-81.684616   313.534119  103.372559
-79.789108   312.343170  103.977364
-78.243324   311.575165  103.797318
-77.661270   311.238281  103.796661
-76.702484   310.510040  103.293488
-76.147041   310.039703  103.009392
-75.780853   309.746552  102.772339
-75.054611   308.757141  102.295067
-74.316681   307.845184  102.041779
-73.748940   306.734436  100.381516
-72.998306   304.953583  99.148689
-72.668846   303.968079  98.177025
-72.244560   302.970886  97.840210
-71.887589   301.217346  98.172440
-71.421021   299.138367  98.015701
-71.036194   297.970276  98.949715
-70.782959   296.895050  99.298477
-70.501411   295.532074  99.287560
-70.398834   295.345978  99.033051
-69.961807   294.297302  98.956894
-69.556496   293.299042  98.465897
-68.751656   292.165375  98.622032
-68.156303   291.073730  98.649460
-67.687714   290.164978  97.854858
-67.233971   288.963165  97.993843
-67.014557   288.064972  97.906532
-66.019508   284.037354  98.308754
-65.741867   282.890259  97.889915
-65.553535   279.370911  98.207062
-65.403214   277.628143  98.434479
-65.041313   275.508392  97.925514
-64.730026   274.704834  97.732353
-64.678619   274.331573  97.337120
-64.720940   273.560089  96.557915
-64.423988   272.623322  95.600266
-62.319786   268.462860  91.228432
-62.035156   267.649506  90.451851
-60.219028   261.078644  95.019226
-59.330711   257.841278  95.312012
-58.803463   255.918427  94.467072
-58.584133   254.157990  94.247772
-58.273762   252.615448  93.707062
-58.292805   250.811234  92.545685
-58.109867   248.610260  91.791176
-57.772434   246.609604  90.738716
-57.548626   244.509842  89.883133
-57.191380   242.478455  88.991196
-56.794163   240.432739  88.193207
-56.381432   238.363892  87.340744
-55.971695   236.226364  86.731529
-55.487778   234.224319  85.631424
-55.202072   232.331177  84.763954
-54.695496   230.431686  83.857002
-53.919540   228.651108  82.704735
-53.218212   227.433197  81.943634
-52.611950   226.205521  81.551445
-51.918774   225.042801  81.472313
-51.311714   223.913254  81.098061
-50.945282   223.051422  80.764389
-50.678162   222.371948  80.470421
-50.314278   221.652008  80.161858
-50.008770   220.538162  79.768127
-49.600784   219.948883  79.718140
-49.364750   219.099503  80.071365
-49.064785   218.476593  80.185356
-48.877987   217.994492  80.292259
-48.775387   217.219818  80.507912
-48.557716   216.108505  80.780853
-48.559803   215.804810  80.965492
-48.536240   215.449036  81.135017
-48.500519   215.229294  81.292961
-48.544235   215.440186  81.050247
-48.547142   215.484711  80.994438
-48.540291   215.751526  80.746635
-48.521313   215.854416  80.829384
-48.588894   215.930939  80.724388
-48.641792   216.314606  80.572685
-48.776222   216.762939  80.404793
-48.961575   217.436630  80.337730
-49.539131   218.095657  80.133011
-49.648956   219.116989  80.485100
-49.734478   219.767990  80.727333
-49.918259   220.653366  81.073257
-50.138668   221.642334  81.446983
-50.581905   222.739487  81.836708
-51.078091   223.976654  82.346680
-51.726910   225.113586  82.806648
-52.245277   226.256073  83.559509
-53.022903   227.455475  83.655563
-53.824989   228.632889  84.160736
-54.487514   229.823883  84.603912
-55.277386   230.815781  85.011444
-55.909054   231.617630  85.472244
-56.705257   232.525513  85.981621
-57.634430   233.518738  86.515053
-58.954990   235.095245  86.559502
-60.149254   236.521500  86.250587
-60.955330   237.781555  85.964851
-61.580181   238.964645  85.752754
-62.174202   240.121033  85.598808
-62.938850   241.440170  85.669937
-64.185036   243.197662  86.165039
-65.601753   246.396957  86.163429
-66.864746   248.512665  87.103851
-67.700050   249.815216  87.464790
-68.856369   251.151718  87.678200
-70.296066   252.358902  87.718628
-72.029251   253.042480  88.559814
-73.988716   253.401764  89.786797
-75.241257   253.714722  90.510635
-76.778481   253.848343  91.110146
-78.725624   253.787445  91.980560
-80.517174   253.800018  92.776909
-81.379517   253.780731  93.141037
-83.264183   254.180496  92.820587
-84.493324   254.446075  92.650871
-86.784500   254.548904  92.834976
-89.640503   254.424835  92.363350
-91.995407   254.760468  92.773895
-93.178925   254.904938  92.979362
-94.705894   254.514313  93.519402
-95.719810   254.114151  93.788895
-96.700111   253.560837  94.150482
-98.413223   252.695633  94.757774
-99.255852   252.277008  95.051804
-100.328529   251.797943  95.479156
-102.191216   251.184540  96.291985
-103.806686   250.530762  97.254471
-105.501526   249.751801  98.174934
-107.072861   248.923462  98.921661
-109.175117   247.614258  99.881630
-111.027214   246.742889  100.276718
-114.076424   245.680161  98.722511
-116.858597   244.517303  97.282707
-119.184845   243.385208  96.016739
-121.734482   241.854340  94.561134
-123.158554   241.162064  93.878136
-124.147835   240.723099  93.487251
-126.232475   239.897232  92.902107
-127.496086   239.460785  92.579636
-129.191864   239.119614  92.025726
-130.508316   238.640656  91.268944
-131.458893   237.914169  90.143295
-132.377548   237.495377  89.541023
-133.151947   237.153015  88.810043
-133.692429   237.387634  87.587303
-134.126953   237.428238  87.103638
-134.295853   237.487061  86.792336
-134.428650   237.261368  86.508011
-134.605362   236.976059  86.486282
-134.732391   236.688873  86.397423
-134.791565   236.440948  86.274979
-134.802917   236.020676  86.052483
-134.805634   235.719330  85.873978
-134.837280   235.427750  85.640968
-134.664413   234.882401  85.230949
-134.569336   234.072067  84.693474
-134.239487   233.250000  84.058220
-133.511887   232.607086  83.474388
-132.762848   231.689377  82.803871
-130.355682   230.352554  81.674385
-129.478500   229.342316  81.036758
-128.504059   228.468323  80.442535
-127.387756   227.692520  80.379852
-125.800133   226.125061  80.218124
-123.855484   225.005035  81.488907
-120.955399   224.728882  83.695435
-118.806290   224.479233  84.957863
-117.478699   224.376251  85.577263
-116.258553   224.339935  86.298119
-111.259552   224.704117  87.594826
-110.226097   225.205429  87.392319
-108.879631   225.464294  87.827980
-107.459930   226.086456  88.005417
-106.339058   226.406708  88.043083
-104.704659   226.792542  88.113510
-102.977074   227.003906  88.332001
-101.430145   227.373993  88.300652
-99.719284   227.761841  88.880798
-97.490608   227.928024  89.578682
-95.697182   228.321838  90.127266
-94.302811   228.598160  90.641144
-93.515396   228.824112  90.967331
-92.009773   229.260361  91.542259
-91.009338   229.615845  91.839310
-89.677757   230.373520  91.463280
-88.560638   230.989731  91.100945
-87.199417   231.676483  90.816391
-85.821831   232.486023  90.324173
-84.498672   233.266708  89.910934
-83.607361   233.772293  89.627998
-81.473381   235.301636  88.719002
-79.564636   236.556946  87.970444
-77.925606   237.444855  87.421402
-76.162697   238.403748  86.876213
-74.711380   239.173843  86.459595
-73.135139   240.042969  86.126129
-71.838593   240.689209  85.912956
-70.183846   241.413864  85.589371
-68.470802   242.022873  85.427429
-66.747223   242.830307  85.015366
-64.623039   244.096527  84.272873
-62.570454   245.561813  82.979279
-61.101292   246.810638  82.289307
-59.732792   248.040054  82.135765
-58.810013   248.790268  81.845551
-57.711178   249.544464  81.332359
-55.335243   251.313553  79.937912
-54.939632   251.708328  80.640221
-54.726753   251.889069  81.078484
-53.334339   250.381638  87.282158
-52.129078   249.766647  91.116928
-51.136448   249.649490  93.687347
-50.381569   249.676941  94.456215
-48.655308   248.520172  96.394470
-47.592041   248.871277  97.246490
-46.880405   249.191666  97.462585
-46.313492   249.377274  97.507614
-45.312752   249.892075  97.715416
-45.507343   248.983185  99.446152
-44.991291   249.482132  98.540344
-43.982285   250.377350  98.644035
-43.339222   251.034073  98.736992
-42.912125   251.872910  98.772675
-41.767174   253.191681  98.740295
-41.464539   253.527176  98.871155
-40.888477   254.024506  99.003464
-40.334160   254.486847  99.138985
-39.934616   254.811035  99.285782
-39.453686   255.234375  99.596657
-38.911861   255.403214  99.599327
-38.428719   255.541077  99.484596
-38.123138   255.708466  99.467148
-37.900921   255.922821  99.478767
-37.635143   256.082855  99.479431
-37.342552   256.066498  99.351036
-36.964226   255.960587  99.195503
-36.775127   256.025635  99.211250
-36.767193   256.079224  99.229240
-36.677059   256.145935  99.223671
-36.639748   256.213470  99.213699
-36.585148   256.217255  99.201889
-36.559528   256.231842  99.199974
-36.520996   256.228668  99.208290
-36.459915   256.280823  99.221916
-36.405659   256.350189  99.242226
-36.350117   256.439758  99.288048
-36.260433   256.496735  99.382286
-36.187992   256.564484  99.444565
-36.131935   256.645050  99.498985
-36.103077   256.717407  99.535004
-36.082825   256.801453  99.581291
-36.066055   256.871918  99.628601
-36.052990   256.961914  99.681473
-36.042141   257.058136  99.738953
-36.031879   257.142090  99.788857
-36.017262   257.231567  99.842979
-36.011692   257.337646  99.904045
-36.008205   257.440887  99.964081
-36.003288   257.527344  100.017151
-35.990837   257.643585  100.080597
-35.986195   257.741760  100.131599
-35.972580   257.840057  100.175690
-35.964516   257.939117  100.217720
-35.969223   258.054810  100.271957
-35.969158   258.156189  100.317009
-35.973358   258.247101  100.352608
-35.969788   258.319611  100.370354
-35.969418   258.383850  100.381096
-35.972534   258.441345  100.387924
-35.991306   258.454834  100.376732
-36.019783   258.471436  100.376732
-36.034580   258.482574  100.365334
-36.045708   258.453278  100.328537
-36.049091   258.414490  100.288750
-36.056751   258.214294  100.200920
-36.044052   258.088898  100.136162
-36.026932   257.954407  100.053650
-36.021187   257.799408  99.935753
-35.984764   257.567627  99.764107
-35.914318   257.169495  99.586876
-35.902164   256.083588  99.214188
-35.877487   255.717651  99.019455
-35.833385   255.220337  98.753548
-35.752342   254.495895  98.420273
-35.732506   253.715714  98.088234
-35.654999   252.942734  97.767906
-35.580685   252.145111  97.449783
-35.493107   251.341232  97.113297
-35.422230   250.393661  96.774879
-35.117252   248.690796  96.590378
-34.934128   247.273544  96.362350
-34.606255   245.681488  95.814888
-34.466042   244.189621  95.301491
-34.344337   242.089706  94.722916
-34.304611   240.567184  94.247429
-34.441593   239.039505  93.835220
-34.313145   237.592224  93.252563
-33.989220   235.618622  92.688255
-33.879547   233.681290  92.300339
-33.485855   231.973282  91.488106
-33.261253   230.006348  90.736626
-33.182522   228.065735  90.508606
-32.853039   226.101807  89.869652
-32.640541   224.273712  89.269630
-32.657166   222.071503  88.891014
-32.584484   220.300858  88.545494
-32.759243   218.415436  88.201813
-32.520199   216.547348  87.687637
-32.134632   214.974304  87.338356
-31.754173   213.629654  86.844109
-31.669525   212.250168  86.551483
-31.585577   211.618454  86.374962
-31.455114   210.926498  86.226830
-31.395309   209.420990  86.071022
-31.199078   208.022598  85.819679
-31.204180   207.242249  85.620674
-31.134228   206.506577  85.436249
-31.071524   205.976105  85.301323
-31.018143   205.654968  85.223320
-30.808414   205.397079  84.793266
-30.646378   205.245163  84.490341
-30.532436   205.215347  84.322876
-30.446709   205.272751  84.239738
-30.385847   205.468704  84.246208
-30.327408   205.857986  84.287231
-30.335207   206.524948  84.275185
-30.515123   207.126236  84.484116
-30.919254   207.906052  84.612343
-31.349470   208.864929  84.922035
-31.489571   209.628998  85.299446
-31.593491   210.420059  85.534431
-32.040939   211.786011  86.088577
-32.357708   213.190140  86.617348
-32.998161   214.784103  87.216660
-33.367332   216.400024  87.779289
-33.689331   217.730301  88.328285
-34.237003   219.409653  89.104073
-34.470776   220.748642  89.582657
-34.590801   222.023254  89.975700
-34.961063   223.570511  90.571289
-34.922878   225.405426  91.023941
-35.128155   227.309387  91.789345
-35.471401   229.009247  92.062439
-35.755623   230.738373  92.528366
-36.086704   232.483109  92.952042
-36.308716   234.093552  93.499619
-36.309025   235.685349  94.244453
-36.647873   237.212753  95.131142
-36.807846   238.645752  95.714149
-37.037827   240.453720  96.242012
-37.085995   242.182159  96.668022
-37.012157   243.944427  97.087158
-37.101238   245.572830  97.812210
-37.187126   247.403931  98.541107
-37.118717   249.572418  99.114822
-36.978729   251.000473  99.714348
-36.800667   252.188507  100.215820
-36.813736   253.558365  100.718369
-36.758015   255.314819  101.020493
-36.557938   256.771790  101.629715
-36.489426   258.055969  102.360481
-36.292824   259.002625  102.611412
-35.816853   260.506104  102.405487
-35.566814   261.961823  102.561043
-35.378685   262.780060  102.774979
-35.215302   263.655670  103.120857
-34.773827   264.607483  103.712288
-34.347069   265.283875  104.537506
-34.012947   266.139069  105.354897
-33.660900   266.909637  105.221909
-33.380203   267.539368  105.553757
-33.095165   267.972931  105.674767
-32.652954   268.450623  105.630501
-32.177280   269.095703  105.769508
-31.333185   269.847961  106.105728
-30.619951   270.758972  106.075500
-29.673273   271.372589  106.240761
-29.195200   271.731598  106.417023
-28.307411   272.079468  106.575508
-27.557781   272.301483  106.642067
-26.856861   272.910217  106.524773
-26.048964   273.463318  106.461571
-25.199459   273.911591  106.443268
-24.310459   274.209320  106.452240
-23.456524   274.367706  106.417839
-22.835411   274.402649  106.541634
-22.118410   271.205658  109.229950
-20.867012   270.779358  107.698250
-19.947660   271.025085  107.075897
-19.127125   271.325317  106.698685
-17.851294   271.719543  106.523361
-16.683176   272.119110  106.478607
-15.613653   272.544983  106.014626
-14.598106   272.709564  105.594521
-13.935914   272.531921  105.266678
-13.275475   272.136627  105.013763
-12.591195   271.792053  104.725311
-11.628044   271.280426  104.351883
-10.689762   270.628143  103.938957
-9.788518   270.046295  103.619278
-8.840450   269.281342  103.160950
-8.141848   268.066376  102.474571
-7.482114   267.101898  102.202950
-6.630176   266.159180  102.406189
-6.016757   264.586334  102.320030
-3.684203   261.378967  101.692497
-3.116143   260.307648  101.412498
-2.395571   258.863190  100.905426
-1.891440   257.369202  100.408646
-1.337187   255.832062  100.390556
-0.757105   254.326187  100.728920
-0.188703   253.012177  100.717567
0.362144   251.704132  100.876930
0.840214   250.725342  100.809334
1.101421   249.423431  101.126488
1.479047   248.224136  100.935364
1.930056   247.143387  100.791573
2.392889   246.015472  100.699677
2.903211   244.588211  100.448456
3.444779   242.792053  100.345047
3.902961   241.460632  99.938705
4.314958   240.305939  99.538185
4.581052   238.537430  99.362427
4.814662   237.030060  99.237564
4.871856   235.591888  98.900986
5.102741   234.623337  98.370781
5.354529   232.906754  98.052681
5.313912   230.812393  97.872566
5.276961   228.526382  98.023552
5.592209   226.766983  97.561539
5.311725   225.289322  97.335632
5.541034   223.615982  97.374100
5.634881   222.151154  97.555000
5.690590   220.824600  97.425262
5.998020   219.635986  97.032524
5.850778   218.180145  97.003914
5.941534   217.027420  96.896515
6.018195   215.357819  96.596451
6.137393   214.147766  96.167671
6.240479   212.733032  95.769516
6.254619   211.287827  95.414078
6.306324   209.706299  95.090790
6.556147   208.322510  94.610863
6.550119   206.687805  94.445358
6.579588   205.113922  94.273796
6.953258   203.982971  93.857597
7.371595   203.008759  93.397018
7.766935   202.144318  92.764366
8.231133   200.919312  92.188873
8.796947   199.626862  91.510300
9.155720   198.657822  90.966537
9.731991   197.309845  90.546860
10.273381   196.165909  90.241051
10.636687   195.503265  90.059921
11.231725   194.681900  89.824898
11.949021   193.613388  89.654388
12.695565   192.671280  89.552574
13.534289   191.992935  89.455505
14.260143   191.532730  89.257492
14.803382   191.265121  89.121002
15.904909   190.887787  88.985611
17.313255   190.819305  88.919548
18.507191   190.406097  89.383179
19.648392   190.449432  89.698006
20.449545   190.611496  89.850220
21.378923   190.905304  89.926735
22.216234   191.388168  90.149277
23.242985   192.152863  90.380043
24.299969   192.993011  90.717064
25.303144   193.862122  91.005379
25.892859   194.840454  91.446571
26.653490   195.939972  92.123688
27.255253   197.078094  92.670471
27.998064   198.404877  93.058975
28.690765   199.840332  93.876831
29.168558   201.364838  94.802048
29.611797   202.623474  95.483864
30.043083   203.898895  96.060127
30.431177   205.643280  96.793762
30.626732   207.508987  97.422676
30.706663   209.279968  98.266106
30.801907   211.226700  99.325600
30.958906   212.879578  100.131744
31.192099   214.508835  100.738159
31.184334   216.235931  101.473297
31.366144   217.805145  102.307671
31.659649   220.075317  103.054672
31.638559   221.663071  103.653862
31.415707   223.781082  104.132957
31.458881   225.543564  104.447433
31.404108   227.304474  105.008598
31.105547   228.990799  105.826172
30.887453   230.462570  106.399887
30.780613   231.834015  106.747574
30.745457   232.659805  107.009544
30.599384   233.959320  107.571762
30.363483   235.032043  108.044701
30.126835   236.388016  108.448334
29.938534   237.683578  108.907829
29.814627   238.609650  109.229568
29.580122   239.716278  109.602951
29.289213   241.904053  109.413994
29.007492   243.143372  109.558838
28.667641   244.084656  109.899231
28.406319   244.788940  110.233795
28.200979   245.632294  110.371529
28.044403   246.298187  110.456985
27.944698   246.746719  110.693169
27.585094   247.647110  110.878929
27.312025   248.379578  111.047165
26.973837   249.342834  111.048538
26.676661   250.013748  111.135239
26.587866   250.728287  111.290047
26.795769   251.781418  110.968056
26.689850   252.054169  111.060951
26.699879   252.394882  111.078873
26.614597   252.981064  111.469849
26.473980   253.270798  111.676231
26.186253   253.508636  111.760727
26.026884   253.637039  111.792877
25.953259   253.732971  111.823334
25.913370   253.798553  111.844765
25.880623   253.850189  111.860306
25.836487   254.165482  111.969101
25.814899   254.222992  111.948708
25.809231   254.269180  111.931229
25.805637   254.405212  111.901291
25.692619   254.685226  112.104851
25.709927   254.878326  112.194145
25.746485   254.953888  112.240578
25.829309   254.928207  112.241272
25.855862   254.916336  112.239189
25.908915   254.859085  112.220512
25.956211   254.824661  112.210884
26.017321   254.729736  112.177689
26.057734   254.672623  112.149574
26.101797   254.555450  112.111214
26.127642   254.481140  112.087158
26.150105   254.412247  112.065872
26.168928   254.339127  112.040871
26.179525   254.279221  112.028252
26.191050   254.232452  112.020866
26.196678   254.198608  112.022972
26.143982   254.222168  112.062469
26.129200   254.403519  112.066238
26.116941   254.518936  112.088814
26.013206   254.680191  112.130486
25.974232   254.783188  112.174019
25.896595   254.927368  112.238762
25.798031   255.103500  112.316582
25.665558   255.406448  112.390022
25.596066   255.634216  112.404175
25.532942   255.811249  112.428017
25.482121   255.980865  112.464798
25.474897   256.197388  112.555267
25.475449   256.317810  112.599052
25.448053   256.422516  112.607582
25.373077   256.524506  112.664772
25.350908   256.532318  112.667793
25.377048   256.487701  112.640648
25.404621   256.450714  112.594124
25.431229   256.316925  112.438683
25.468641   256.140533  112.243202
25.518648   255.788620  111.941269
25.591660   255.292664  111.618454
25.673504   254.847687  111.319283
25.760899   254.106705  110.885490
25.818329   252.481796  110.206512
25.872797   251.277588  109.713112
25.942984   249.644684  109.082237
26.272285   248.272995  108.328415
26.422033   246.797760  107.647110
27.141848   245.173096  106.854843
27.542208   242.855270  106.063095
27.907890   240.643631  105.595810
28.585041   238.639145  104.792191
29.142452   237.097336  104.206535
29.650913   235.069717  104.107567
30.257019   233.039154  103.888130
30.850203   231.183075  103.492577
31.568029   229.275986  102.996498
32.280396   227.096375  102.496010
32.872192   225.424133  102.078102
33.529438   223.297104  101.542542
34.301594   221.410690  100.809967
34.991573   218.909149  100.354652
35.873528   216.525879  99.820816
36.660439   214.652939  99.136002
38.586124   211.736130  98.146614
39.359535   210.508484  97.532761
40.163025   208.474686  96.521866
41.035122   206.808777  95.615784
41.831772   204.806885  94.623032
42.759407   202.795288  93.698204
43.982616   200.545197  92.983849
44.949871   199.101349  92.489517
46.021683   197.632217  91.949081
47.052647   196.447433  91.495415
48.207264   195.365448  91.621719
48.904411   192.873978  91.371773
49.640697   191.841095  91.129829
50.459515   191.111176  90.787804
51.518433   190.620926  90.512421
52.612106   189.912186  90.069122
53.527000   189.448822  89.739731
54.644432   188.833557  89.547104
55.667839   188.512604  89.433250
56.653568   188.401917  89.335793
57.746624   188.377716  89.238235
58.868725   188.524185  89.153275
60.004745   188.775726  89.035591
61.287754   189.318146  89.320633
62.328808   189.802139  89.483467
62.990955   190.194794  89.600189
64.105057   190.813599  89.791916
65.070992   191.719910  89.942451
66.128708   192.688126  89.994247
66.838852   193.425507  90.074043
67.660126   194.448456  90.920380
68.313843   195.456329  91.422035
69.146126   196.695877  91.968773
70.088280   198.512115  92.826981
70.657623   199.897675  93.386230
71.282234   201.886978  94.422585
71.649376   203.689178  95.236465
72.234192   206.210449  96.750381
72.780258   208.510773  98.276466
72.707481   210.653702  99.390274
72.848785   212.412064  100.097130
63.455250   198.308640  89.524269
67.045769   208.137817  91.471466
69.562073   214.202164  95.932251
70.361420   218.989929  99.092018
70.329742   221.842773  100.538017
70.918877   224.588013  101.720993
70.692307   226.754257  102.639580
70.812614   228.668396  103.586716
70.646805   230.527893  104.482437
70.607552   232.113113  105.054092
70.576599   233.779282  105.703880
70.082527   235.963425  106.644562
70.360497   238.132355  107.251503
69.955673   240.332596  107.668671
69.791916   242.427261  107.765793
69.279457   244.365479  108.223595
69.215195   246.041412  108.382484
69.196068   247.450943  108.587326
68.841362   248.223541  108.994987
68.777649   249.686890  109.673874
68.592972   250.730698  110.173698
68.237221   251.789520  110.596733
68.223923   251.939606  110.765015
67.940109   252.918915  111.454750
67.708794   253.785110  112.367638
66.687355   255.199310  114.619133
66.385254   255.483627  115.041252
65.735207   255.852097  115.756371
64.548203   255.576950  117.300812
64.365562   255.895813  117.556351
64.233658   256.022949  117.665466
64.012955   256.208618  118.001297
63.762703   256.431610  118.242264
63.560947   256.771149  118.524483
63.457962   256.760223  118.491608
63.383984   256.654602  118.390076
63.316071   256.575714  118.217331
63.087345   256.211029  117.457314
62.532829   255.390976  117.703224
62.312397   254.779068  117.863930
62.146080   254.144943  118.052658
62.022118   253.724075  117.975670
61.925213   253.495728  117.900558
61.930367   252.992126  117.675751
61.907700   252.091675  116.965584
59.264675   241.230560  106.916809
56.010876   233.589706  101.619774
58.780270   239.156082  102.077454
60.889439   243.120361  102.268990
55.309441   229.871918  90.201797
56.809475   235.643723  92.391396
58.785694   240.046402  94.444893
59.941055   241.753281  95.386093
60.620361   242.239853  95.777534
61.733322   242.260880  96.725601
62.666832   241.914337  98.495369
63.189941   240.890442  100.946327
63.658978   240.087433  102.407181
63.880383   239.133224  102.987495
64.135857   238.147522  103.387222
64.326637   237.309906  103.449387
64.639885   236.505554  103.392151
65.584938   235.228836  103.864441
66.455452   233.685165  103.928810
67.278336   232.353195  103.899384
67.775322   231.086853  104.341682
68.319969   229.574615  104.721893
68.582581   228.655548  104.867531
68.712433   227.983658  104.878242
69.164238   226.372711  104.740936
70.138802   224.920090  104.587151
70.771210   223.860687  104.339226
71.624054   222.271820  103.929031
72.725693   220.711700  103.671974
73.466568   219.424576  103.132095
74.135696   217.874298  102.450691
74.836891   216.172440  101.483276
75.817131   214.025726  100.127754
76.670769   212.092865  99.143417
77.075066   210.918808  98.561699
77.774323   209.559387  98.049393
78.998367   207.632767  97.314682
79.887375   205.939743  96.652367
80.680244   203.645920  95.011856
81.472679   201.498550  93.620064
82.314941   199.667557  92.380577
83.351982   197.795898  91.319771
84.019806   196.319000  90.376015
84.822678   194.703049  89.706947
85.476868   192.783081  89.019470
86.435860   190.642029  88.128967
88.684143   188.455261  87.721497
89.887962   187.321960  87.533401
90.938095   186.572098  87.374992
92.147758   185.555466  87.129883
93.940315   183.850113  86.089554
95.576004   182.367294  85.325737
97.451431   180.185242  84.425735
99.028976   178.688492  84.043076
100.392136   177.681686  83.676254
101.893356   176.949661  83.503944
103.545525   176.107986  83.210365
104.958275   175.445358  82.984268
105.682068   175.347946  82.910545
107.010773   174.271210  82.393494
108.073250   172.481583  81.590828
108.882751   171.707169  81.096741
109.683304   172.250214  81.292206
110.359764   172.884155  81.656090
110.924889   173.524399  81.925644
111.452690   174.148254  82.135643
112.537140   175.034836  82.566551
113.514641   175.512558  82.936378
114.240517   176.479889  83.544159
114.792328   177.295532  83.829102
115.153580   178.095993  84.027283
115.937439   179.429779  84.549957
117.088280   180.748123  84.948952
117.836502   181.672775  85.213882
118.446045   182.678284  85.238892
119.208298   183.696014  85.261154
119.868004   185.567612  85.277313
120.432373   186.898239  85.709427
120.368248   188.319305  86.072807
119.872971   189.192291  86.112556
119.593826   190.447235  85.997139
118.656586   192.242035  85.139793
118.028992   193.824585  84.831635
117.398071   195.469681  84.648628
116.649200   197.995193  84.830994
117.093208   200.508133  85.454918
117.004158   202.741287  85.899101
116.834488   205.661926  86.193527
116.758415   208.555161  86.087074
119.636314   210.510269  85.434967
120.120262   212.008209  85.466263
121.087379   213.882584  85.804199
120.611038   215.854065  85.808235
120.258232   217.034470  85.744781
119.860695   220.024796  85.597420
119.569145   222.554932  85.561584
118.976654   224.251968  85.681602
118.629990   226.920242  86.354073
118.003860   230.092346  87.651093
116.879013   232.167953  89.460289
116.394745   233.013962  90.360611
116.394104   233.414871  90.574562
116.166550   234.828659  91.514069
115.274620   235.169647  91.729111
114.595657   235.897064  92.027122
111.786583   239.101059  96.352104
111.082497   240.008530  97.420464
109.629654   240.186111  98.144966
108.267723   240.082397  98.593208
107.724670   240.859253  99.703094
107.457756   241.711792  101.029808
106.690590   241.989655  101.894241
106.390587   242.905212  102.838722
106.206451   243.143494  103.283440
106.025551   243.185059  103.501770
105.777939   242.844437  103.479820
105.353729   242.482742  103.699020
103.677193   243.472504  106.249893
102.551262   243.908035  108.196259
101.525208   243.059799  108.716415
101.295868   242.950272  109.220490
101.090492   242.733749  109.409645
100.928299   242.580460  109.627586
100.784782   242.376648  109.775513
100.661720   242.096954  109.835426
100.543129   241.772461  109.839165
100.334839   241.818893  110.363586
100.148834   241.767654  110.760979
99.999977   241.554871  110.957817
99.890038   241.395905  111.090118
99.867004   241.253983  111.180199
99.884438   241.066391  111.127846
99.912537   240.977676  111.091667
99.899040   240.856873  111.110962
99.901894   240.779037  111.171219
99.922737   240.657303  111.157616
99.909386   240.503845  111.107574
99.895226   240.366165  111.068314
99.884346   240.267914  111.051094
99.916489   240.161896  111.018318
100.220619   239.887711  110.585289
100.306023   239.774155  110.498009
100.365822   239.702454  110.397179
100.417007   239.600952  110.307343
100.457649   239.489105  110.216835
100.487869   239.357178  110.120232
100.557739   239.203522  110.049644
100.621574   239.058884  109.980522
100.675133   238.930374  109.917725
100.723984   238.815979  109.859558
100.744324   238.735855  109.819458
100.856079   238.726944  110.034340
100.938942   238.749405  110.170143
100.980034   238.725998  110.319138
100.960358   238.689438  110.380150
100.840790   238.648178  110.409767
100.666176   238.654663  110.498840
100.523651   238.601990  110.547966
100.423569   238.536636  110.553940
100.327667   238.528076  110.559990
100.195023   238.492172  110.472122
100.094162   238.436554  110.392448
100.024132   238.401962  110.325844
99.864174   238.186127  110.161530
99.685371   238.008621  109.996765
99.599113   237.887054  109.923744
99.520142   237.802307  109.864578
99.449226   237.734528  109.814949
