-34.570347  104.455894  5.143388
-34.580593  104.463600  5.169059
-34.635754  104.477631  5.102861
-34.655251  104.470665  5.122243
-34.672718  104.461349  5.126381
-34.686722  104.449631  5.128154
-34.699486  104.435265  5.128399
-34.721344  104.411659  5.154574
-34.746338  104.386871  5.175718
-34.768936  104.362297  5.188937
-34.812527  104.318398  5.083110
-34.838062  104.276894  5.025407
-34.859837  104.239250  4.984978
-34.880810  104.209488  5.013407
-34.906773  104.203163  4.991229
-34.928207  104.190712  4.976762
-34.946037  104.183609  4.983063
-34.960335  104.174805  4.983794
-34.980732  104.162636  4.978589
-34.992329  104.147278  5.007343
-35.001125  104.128242  5.063083
-35.013927  104.116791  5.074261
-35.018688  104.101723  5.113088
-35.033459  104.089714  5.132515
-35.038372  104.073105  5.176904
-35.040142  104.049362  5.243645
-35.042507  104.021500  5.331832
-35.044476  103.992912  5.421164
-35.048466  103.965324  5.495067
-35.051117  103.937492  5.572604
-35.054043  103.907242  5.647298
-35.057529  103.878227  5.719553
-35.062027  103.850533  5.782006
-35.074825  103.849777  5.837661
-35.092712  103.871666  5.901945
-35.103874  103.877617  5.959997
-35.169003  104.046936  5.996894
-35.224102  104.077988  5.977311
-35.235775  104.067871  5.960612
-35.269787  104.021713  5.771847
-35.299454  103.931648  5.469058
-35.316223  103.826698  5.124479
-35.327194  103.707420  4.757746
-35.336548  103.612656  4.461224
-35.340336  103.543953  4.240509
-35.342171  103.478767  4.008933
-35.340771  103.416023  3.750466
-35.342209  103.356071  3.486527
-35.342274  103.296173  3.233898
-35.343224  103.240379  2.985365
-35.344864  103.184990  2.749906
-35.349415  103.131256  2.538772
-35.355495  103.077339  2.345245
-35.360600  103.025795  2.167841
-35.366848  102.976982  2.006794
-35.374626  102.934128  1.864277
-35.382183  102.885483  1.717595
-35.390316  102.842400  1.592035
-35.400410  102.796936  1.484211
-35.411255  102.753586  1.386155
-35.421902  102.707893  1.291292
-35.445972  102.641449  1.281539
-35.465431  102.583885  1.251229
-35.471260  102.510773  1.301407
-35.481625  102.429680  1.373790
-35.486282  102.353271  1.439137
-35.488281  102.286240  1.495444
-35.490063  102.274544  1.454831
-35.490570  102.267433  1.412575
-35.490063  102.259544  1.368936
-35.489441  102.255043  1.317601
-35.487251  102.252533  1.268675
-35.484013  102.247749  1.222412
-35.474606  102.224724  1.195075
-35.435650  102.203865  1.180492
-35.332710  102.192139  1.186272
-35.221123  102.190720  1.191179
-35.057796  102.213005  1.201087
-34.843338  102.359871  1.452959
-34.578510  102.488731  1.575292
-34.298065  102.617188  1.661390
-33.992470  102.756020  1.716982
-33.609249  102.940002  1.729429
-33.171265  103.149605  1.691790
-32.705692  103.378021  1.608765
-32.143806  103.713776  1.476932
-31.532541  104.210747  1.293482
-30.945028  105.087151  1.430685
-30.389572  106.284843  1.569123
-30.026094  107.560829  1.818181
-29.828377  108.957741  2.106117
-29.830276  110.524162  2.614232
-29.986368  111.731407  3.235703
-30.283237  112.932899  3.944140
-30.505278  113.849174  4.435766
-31.499762  115.516190  5.188029
-32.499592  116.994232  5.864045
-33.429932  118.065689  6.456832
-34.619907  118.995033  7.070212
-35.747288  119.687119  7.456964
-36.820904  120.303413  7.834782
-37.739532  120.803291  8.159556
-38.586945  121.216927  8.427399
-39.300018  121.547943  8.633064
-43.571419  121.831505  8.690184
-47.132313  121.708351  8.795937
-49.324543  121.366959  8.932591
-50.783737  120.973328  9.120944
-51.894123  120.699097  9.968102
-60.421288  120.849236  -9.075852
-64.525978  121.918915  -17.220541
-66.571510  122.896057  -19.441624
-67.713432  123.219170  -20.306761
-68.372696  123.101517  -20.684517
-68.857056  122.825317  -20.990908
-69.127419  122.485268  -21.312706
-69.259666  122.080009  -21.709835
-68.219208  120.886841  -22.423340
-66.949837  119.523560  -23.135315
-66.008965  118.677086  -23.751820
-65.203133  118.214699  -24.301220
-63.292618  118.043083  -24.899548
-61.089531  118.287560  -25.315113
-58.392208  119.211082  -25.213726
-55.855701  120.108604  -25.356913
-53.218536  121.451057  -25.384623
-50.402733  122.928848  -25.401499
-47.553417  124.954399  -25.186771
-44.830669  126.969620  -24.847364
-42.498402  128.558777  -24.740057
-40.546459  130.062790  -24.458103
-38.709957  131.268463  -24.288984
-37.324646  132.390839  -23.942673
-36.298973  133.356140  -23.511826
-35.667591  134.405548  -22.887386
-35.309433  135.344147  -22.215790
-35.203300  136.097290  -21.493067
-35.207645  136.749481  -20.846811
-35.300232  137.270554  -20.252687
-35.448753  137.790817  -19.634331
-35.596882  138.163422  -19.183001
-35.823555  138.314270  -18.942108
-36.128727  138.222076  -18.922770
-36.422634  138.056702  -18.985121
-36.710743  137.831116  -19.115555
-37.028286  137.458237  -19.346729
-37.302505  137.215698  -19.433846
-37.610420  136.532944  -19.919130
-37.918938  135.739288  -20.491787
-38.163029  134.968811  -21.051382
-38.329369  134.332672  -21.510071
-38.352718  133.224442  -22.332256
-38.126915  131.799408  -23.344034
-37.763454  130.261322  -24.343874
-36.716373  128.418945  -25.496855
-35.539814  127.015160  -26.268745
-34.317688  125.948151  -26.951336
-32.991112  125.680656  -27.123064
-30.801502  125.507484  -27.203653
-28.195656  125.613312  -27.058065
-25.595964  125.603096  -27.199619
-23.229239  125.977409  -26.950291
-16.498989  126.622414  -27.137806
-14.519997  126.893753  -27.041716
-12.023272  127.359154  -26.648348
-9.743368  127.683205  -26.176229
-8.069970  127.255089  -25.511898
-6.889057  126.951088  -25.038408
-6.116709  126.754929  -24.722675
-5.627775  126.591057  -24.462484
-5.296247  126.529289  -24.194498
-5.093740  126.476532  -23.918388
-5.039150  126.448555  -23.585533
-5.105839  126.469948  -23.214964
-5.268357  126.576355  -22.774317
-5.672097  127.344437  -21.603647
-6.222327  128.168701  -20.408407
-6.844365  129.073196  -19.135588
-7.433593  130.160110  -17.696323
-8.381434  131.512100  -16.266108
-9.291900  132.836212  -14.853414
-10.135571  134.293976  -13.480228
-10.911132  136.019836  -12.031731
-11.449504  137.835403  -10.618906
-11.464544  140.894760  -8.766386
-11.204414  143.430099  -7.494203
-10.900599  145.389557  -6.490058
-10.504033  146.893356  -5.838121
-10.027072  148.446442  -5.232510
-9.268472  150.242783  -4.300594
-8.503095  151.833984  -3.462042
-7.679376  153.271545  -2.855925
-6.935367  154.410507  -2.441357
-6.264758  155.160263  -2.396434
-5.682520  155.735672  -2.470009
-5.100964  156.109879  -2.725348
-4.487215  156.403259  -3.041813
-3.822012  156.550690  -3.465255
-2.915739  156.040817  -4.896625
-2.110178  155.150757  -6.551103
-1.463377  154.237274  -8.023815
-1.128153  152.974182  -9.733848
-0.743009  151.725479  -11.559164
-0.478980  150.322693  -13.447900
-0.278275  148.508286  -15.627512
-0.111520  146.601746  -17.602837
0.003729  144.371658  -19.515968
-0.009161  141.414398  -21.606798
-0.576282  137.996216  -23.354706
-1.074090  134.739563  -24.914988
-1.298647  131.492584  -26.642048
-1.514381  127.970825  -28.595879
-3.090882  120.077141  -29.276606
-4.541474  113.762627  -29.325684
-4.721780  108.424751  -29.461996
-4.473991  105.511703  -29.621630
-4.288794  103.416016  -29.748434
-5.025319  99.841927  -27.558294
-5.245757  96.882225  -25.499842
-5.153565  95.094254  -24.146460
-4.734846  94.189590  -23.279421
-4.349709  93.661331  -22.579334
-3.986508  93.278633  -22.136854
-3.561571  93.089241  -21.760063
-3.159293  93.055405  -21.291296
-2.954464  93.176430  -20.652956
-4.027317  94.361633  -19.193300
-5.457763  96.580414  -17.187086
-7.844247  100.188644  -14.925243
-9.304466  103.416542  -12.844756
-10.491476  106.638046  -10.835830
-12.118210  110.856590  -8.826357
-13.503867  113.516182  -8.419398
-15.057581  116.769608  -8.015903
-15.967121  119.921768  -7.613421
-17.055092  123.760666  -6.280612
-17.900827  126.421974  -5.606753
-18.345528  128.705978  -4.944601
-18.468836  130.486343  -4.422895
-18.836580  134.024673  -3.273585
-18.068764  139.591888  -3.847114
-17.189939  144.884476  -3.478807
-16.040720  147.830688  -4.015481
-15.771919  148.861267  -4.424984
-15.182811  150.693527  -4.564492
-14.372650  152.853287  -4.163180
-13.134403  155.119644  -3.187853
-11.425481  157.471497  -3.231183
-8.840787  159.826675  -2.422746
-6.001782  161.913223  -1.729024
-1.415644  164.100372  -0.457193
3.371163  165.342133  -0.279816
7.371524  166.159164  -0.088389
11.570110  166.962677  0.211655
16.209970  166.691986  -0.571487
19.916176  166.832886  -0.727094
22.912006  166.363754  -1.151707
25.011824  165.710648  -1.738891
26.760733  164.645218  -2.570920
29.267048  162.234604  -3.820283
31.292633  159.726196  -5.199297
32.753693  157.127228  -6.526688
34.234886  154.060638  -7.432830
36.436111  150.870468  -7.768003
37.809444  148.078003  -8.374278
38.003212  145.486938  -9.323595
37.807175  142.973221  -10.183569
37.082851  140.425156  -10.855683
36.670311  137.737442  -11.816659
35.216412  134.341461  -12.917877
33.473976  131.448944  -13.771360
31.236683  129.290527  -14.232048
29.103628  127.754021  -14.337831
26.845829  126.459129  -14.096248
24.879932  124.871277  -13.778435
22.537910  123.826683  -13.463661
20.642790  123.151711  -13.206610
18.878147  122.679489  -12.994624
17.382578  122.109253  -12.776926
16.333633  121.729355  -12.563257
15.416122  121.405815  -12.276529
14.368035  121.218803  -12.117380
13.482710  121.126160  -11.888217
12.722380  121.106155  -11.605371
12.105656  121.182602  -11.356773
11.606137  121.542183  -10.960050
11.219922  122.044579  -10.517560
11.987766  124.467308  -8.326188
12.242023  125.742256  -7.028686
12.713378  128.700897  -4.163196
13.153401  131.310928  -1.675834
13.394275  132.771194  -0.160827
14.039647  134.591446  1.565033
15.094694  137.361938  3.152960
16.373669  139.865845  4.875857
17.927866  141.426376  6.520853
19.667095  143.712341  7.936421
21.230152  145.639008  8.649499
22.408546  147.064972  9.335383
23.674484  148.718491  10.096443
25.518250  150.855591  11.277719
27.483973  152.414124  11.908381
29.651831  153.911438  12.606939
31.396061  155.413773  13.172814
32.804325  156.594940  13.296997
34.157051  157.446182  13.169291
35.241314  158.528503  12.819773
36.888615  159.089417  12.450883
38.879791  159.429092  11.835903
41.110100  159.262360  10.900011
43.113434  158.539368  9.445159
44.092720  157.626007  8.049435
45.397484  156.086273  5.900252
46.935013  154.140839  3.062649
47.765030  152.990814  1.409788
48.711357  150.990341  -0.888389
49.843304  148.721664  -3.159850
51.563465  146.065750  -5.387707
52.475407  142.638733  -7.369339
53.929165  139.855423  -9.369597
55.474483  137.207092  -11.283408
56.795551  134.723190  -12.862885
57.722218  132.458984  -14.226801
58.234787  129.620316  -15.380833
58.645184  126.817047  -16.652166
58.950932  124.428886  -17.683666
59.355896  121.644218  -18.659142
59.673100  118.408257  -18.893805
60.061275  115.686302  -19.068867
60.251488  113.578796  -19.249094
60.686512  111.651733  -19.269175
60.901836  110.379272  -19.210915
61.235985  109.106110  -18.417564
61.386696  108.287254  -17.858383
61.462509  107.821220  -17.435019
61.479134  107.718689  -17.005018
61.608723  107.815331  -16.309616
61.462040  108.304176  -15.279917
60.907494  109.445831  -13.806802
59.867954  112.832222  -10.162477
58.899323  116.202332  -6.694605
58.160206  119.364815  -3.712253
57.651913  123.051361  -0.461989
56.974358  126.356277  2.074151
55.922535  129.446243  4.135855
54.938854  133.307510  6.095809
54.116402  137.136673  8.135526
52.983292  140.938553  10.467588
51.673847  144.571274  12.375500
50.396744  148.534470  15.207615
49.472736  152.101913  17.547377
48.818119  155.799622  20.313692
47.337299  159.411392  21.612261
46.236134  162.915955  22.708895
45.472263  165.416885  23.638439
44.457867  166.560425  23.979080
42.573479  168.478745  25.191517
40.777088  170.790436  27.280851
39.186771  173.327408  30.275721
38.158310  175.175217  32.602348
37.294617  177.193176  34.074856
37.023975  178.880554  34.768009
37.129009  180.449554  35.571018
37.004429  182.704712  36.732571
37.363110  185.263885  37.059601
38.744904  187.500229  36.972130
39.826172  188.571716  36.583771
40.419960  189.126801  36.411942
40.980293  190.022003  32.828743
42.192936  190.586700  29.681019
43.995689  190.179779  25.942165
44.883709  189.151443  20.949251
46.669590  188.876434  14.416389
49.173435  187.503662  9.238940
50.637047  185.620117  4.892738
51.084869  183.922409  0.097118
50.781502  180.973160  -6.080712
50.488556  178.465942  -10.247869
51.225121  176.536179  -13.822222
51.406620  173.595062  -18.387821
51.480900  172.059158  -20.492680
51.348682  171.939224  -20.727217
51.340248  172.004791  -20.675385
51.443962  171.903717  -20.868650
51.502029  171.778412  -21.055498
51.515049  171.677002  -21.111298
51.518364  171.609207  -21.083132
51.462772  171.514725  -21.061329
51.437733  171.575363  -20.846893
51.407776  171.709549  -20.521622
51.389229  171.829788  -20.245090
51.286076  171.934906  -19.920538
51.211536  172.053482  -19.613834
51.164173  172.169571  -19.367847
51.129807  172.271606  -19.149153
51.492031  172.338715  -18.356804
51.878643  172.460632  -17.596083
52.237713  172.548370  -17.045570
52.849186  172.350006  -16.633968
53.342457  172.168137  -16.311043
53.865372  171.915283  -16.053968
54.342453  171.670486  -15.950369
54.898647  171.371124  -15.971426
55.483925  171.047806  -16.084803
55.974766  170.826096  -16.122185
56.495106  170.630875  -16.124660
56.950409  170.558990  -16.021030
57.291260  170.520065  -15.920857
57.550125  170.508530  -15.834399
57.780552  170.484543  -15.776675
57.971565  170.497299  -15.692923
58.142429  170.525742  -15.596388
58.408520  170.655792  -15.325559
58.490505  170.690567  -15.238130
58.656254  170.734024  -15.082080
58.779984  170.779907  -14.970780
58.888779  170.827194  -14.854546
58.981762  170.863983  -14.762429
59.038399  170.899429  -14.667860
59.052849  170.930725  -14.609508
58.974754  170.918793  -14.590651
