-95.861618  282.899384  154.170395
-96.049164  282.837433  154.290771
-96.266472  282.637177  154.547455
-89.869392  204.341110  154.380646
-89.248116  204.331085  154.221329
-89.082260  204.341522  154.146957
-89.003448  204.329269  154.116501
-95.907135  282.071411  154.681290
-90.238701  203.847488  154.759125
-95.541664  281.735443  154.696411
-95.409271  281.660431  154.607559
-95.241135  281.285614  154.423126
-94.963860  280.948273  154.178955
-94.816696  280.803162  154.000168
-94.694939  280.700287  153.849670
-94.602585  280.607788  153.735703
-94.547783  280.591522  153.602127
-94.489655  280.611206  153.431595
-94.432556  280.646179  153.233719
-94.376244  280.670135  153.033783
-94.293549  280.667328  152.911957
-94.223412  280.626984  152.855728
-94.159431  280.568390  152.804443
-94.093414  280.512787  152.755096
-93.969009  280.407806  152.617065
-93.923607  280.380981  152.512299
-93.893127  280.361328  152.449036
-93.880943  280.360687  152.418564
-93.871078  280.358673  152.385666
-93.858864  280.354370  152.339752
-93.833694  280.325836  152.249283
-93.854362  280.188904  152.353928
-93.908249  280.058319  152.504974
-93.948494  279.965210  152.605133
-94.142441  279.996185  152.851318
-94.265823  280.019135  152.997711
-94.321846  280.079926  152.943481
-94.391197  280.136871  152.854706
-94.389198  280.205841  152.702957
-94.373344  280.222961  152.567749
-94.347198  280.214264  152.455307
-94.295876  280.152405  152.393005
-94.190247  280.077148  152.303787
-94.036438  280.038574  152.227982
-93.924171  280.000336  152.181366
-93.773956  279.955048  152.134659
-93.538116  279.907410  152.096375
-93.380943  279.994141  152.067429
-93.243034  280.043854  152.067032
-93.155617  280.140533  152.091187
-93.028702  280.279266  152.112228
-92.926010  280.342621  152.225571
-92.801826  280.415588  152.472244
-92.652420  280.439880  152.638153
-92.491852  280.465454  152.735596
-92.359657  280.603210  152.861542
-92.173874  280.680664  152.968674
-92.073410  280.800140  153.098495
-92.038925  280.933258  153.172546
-92.069527  281.465698  153.289429
-92.088715  281.917847  153.382965
-92.224419  282.680573  153.297867
-92.082115  283.086182  153.088211
-92.091415  283.452118  152.998138
-92.236992  283.990295  153.045441
-92.766304  284.774811  152.987778
-94.123405  286.202820  153.659958
-94.424576  286.833740  153.782227
-94.744385  287.121796  153.826721
-95.132332  287.393860  153.833054
-96.082848  288.186066  153.700851
-97.127510  288.443085  153.243790
-98.456238  289.094055  151.265945
-99.538544  289.012177  149.576385
-100.006493  289.207703  149.505936
-101.185143  289.961334  149.807877
-102.098030  290.090912  150.192780
-102.732300  290.072571  150.411606
-103.947060  290.190826  150.625488
-105.398903  289.989838  150.532242
-106.606659  290.191559  150.713852
-107.777802  290.155548  150.748184
-108.795670  289.907745  150.772293
-110.347313  289.889587  151.068817
-111.793434  289.662720  151.493774
-113.186699  288.534607  152.438507
-114.375351  287.677216  152.910721
-115.412392  287.161133  153.246368
-116.291924  286.365814  153.345352
-117.274399  285.691376  153.116058
-118.500107  285.258484  153.203918
-119.209679  284.877197  153.013428
-120.045380  284.623322  152.811264
-120.788101  283.879303  152.520859
-121.683868  282.838470  152.360672
-122.257027  281.254669  152.160995
-122.721504  280.137390  152.019516
-123.203842  278.975861  151.869080
-123.789474  277.332825  152.170319
-124.130013  276.269623  152.290833
-124.493752  274.341309  152.287216
-124.797882  272.310791  152.407639
-125.027588  270.629883  151.988556
-125.051964  268.915558  151.590927
-125.411575  267.340485  151.548248
-125.376617  265.324005  151.316193
-125.448479  263.464325  151.284607
-125.227295  261.409943  151.108139
-125.156570  259.684906  151.093658
-125.168533  258.010681  151.077606
-125.232002  256.536987  150.943192
-125.089989  254.521027  151.567963
-124.922958  252.748245  151.992889
-124.954445  252.101929  152.113663
-124.692757  250.968460  151.813980
-124.849495  249.642883  151.798065
-122.498268  243.254776  150.852020
-122.227325  242.447449  150.602371
-122.020279  241.663727  150.506836
-121.772507  240.705078  150.458725
-121.472710  239.959747  150.376343
-120.940620  238.828995  150.301590
-120.346558  237.729156  150.021942
-119.020775  236.387909  149.994705
-118.254059  235.247208  149.774948
-118.116875  234.988937  149.970291
-116.750595  233.270813  150.467758
-115.126839  231.738007  150.273743
-113.947449  230.592743  150.461014
-113.073425  229.852417  149.996597
-112.094116  229.284454  149.365082
-110.913284  228.602051  148.814194
-109.527382  228.083618  148.393234
-108.344803  227.678619  148.001404
-107.594765  227.233322  148.093521
-105.643387  227.168808  147.442780
-104.458740  226.718994  147.249069
-103.359863  226.587280  147.157303
-102.254478  226.382736  146.954773
-101.346573  226.502884  146.955109
-100.199623  226.402222  146.904846
-97.913986  226.597321  147.154831
-95.883064  226.840286  147.663757
-93.381454  227.512390  147.673370
-91.072456  227.822922  148.173431
-89.611816  227.769318  148.771027
-87.822075  227.921585  149.025330
-86.143990  228.137283  149.367264
-84.394676  228.570618  149.552536
-82.743774  229.149200  149.674606
-80.900223  229.554443  149.882324
-79.082680  230.172104  149.752808
-77.184845  230.938339  149.671295
-75.226875  232.287903  149.217163
-73.535812  233.532486  148.766052
-71.736954  235.541489  147.784119
-70.422913  236.924713  147.622086
-69.093048  238.374924  147.441925
-67.740662  239.914551  147.562927
-66.517052  241.358307  147.380173
-64.815605  241.868729  146.939651
-63.761913  243.766586  146.350082
-63.022091  245.817856  145.842682
-62.374668  247.154343  145.596756
-61.411091  248.611038  145.142792
-59.731018  250.954437  143.932846
-57.729294  252.071579  142.115051
-57.045380  253.284592  141.929138
-56.863213  254.454468  142.331131
-59.212894  259.965576  146.205811
-59.603428  261.942810  146.938538
-59.780113  263.464844  146.994995
-59.647060  264.353638  146.837860
-58.617088  264.945740  145.600677
-57.745602  264.845123  144.542908
-57.600506  265.465363  144.215973
-57.482151  266.094574  143.941162
-57.412689  266.806610  143.593658
-57.180187  267.192291  143.603760
-57.058804  267.611176  143.451447
-56.934715  267.938477  143.050293
-57.170727  268.455322  143.484131
-57.521049  268.948669  143.252228
-57.936470  269.467407  142.954758
-58.321419  269.565857  142.351257
-58.817585  269.501801  142.674545
-59.309315  269.418243  142.924103
-59.696804  269.221771  143.030151
-60.155701  268.798767  142.840820
-60.955971  268.620300  142.604416
-61.555721  268.261505  142.420288
-61.913437  267.761871  142.088486
-62.401440  266.358063  141.844482
-62.568615  265.401093  141.365921
-63.116154  264.146851  141.136368
-63.628132  263.013428  140.867920
-63.811356  261.293121  140.845169
-64.207382  259.572083  140.792770
-64.577713  258.361969  140.748276
-65.011696  255.538681  140.346130
-65.558876  253.678665  140.276459
-66.071671  252.333511  140.217728
-66.897881  250.630981  140.545105
-67.397903  249.171219  140.603043
-68.156067  247.720261  140.874237
-68.834724  245.936920  141.325058
-69.303177  244.778885  141.469620
-69.716560  243.426270  141.426956
-70.025055  242.146362  141.440918
-70.499786  240.515671  141.367401
-70.798149  239.118332  141.135361
-71.226723  237.597397  140.900757
-71.762550  236.000824  140.869049
-71.907951  234.450272  140.642868
-71.756233  232.220688  140.882263
-71.794319  230.554642  141.066422
-71.856209  229.319733  141.122391
-71.859619  227.852051  141.029510
-71.908455  226.202591  141.011902
-71.992157  224.554230  141.016190
-71.975883  222.453995  141.502701
-71.719093  221.110138  141.909134
-71.655136  220.198685  141.983139
-72.165909  218.879837  142.404037
-72.067566  217.266418  141.984009
-72.093468  216.634125  141.871933
-72.192192  216.031372  141.770172
-72.295563  215.394440  141.584671
-72.412056  214.680969  141.504166
-72.265312  214.223221  141.454041
-72.379333  213.848923  141.340958
-72.411781  213.571472  141.136566
-72.359871  213.397812  141.047668
-72.351944  213.158554  140.888657
-72.320763  212.912003  140.759201
-72.335556  212.680923  140.662445
-72.344498  212.572571  140.565536
-72.346420  212.479721  140.468399
-72.383858  212.458344  140.388809
-72.410034  212.427490  140.288757
-72.416733  212.368881  140.219635
-72.472298  212.581711  140.186264
-72.509224  212.711716  140.162643
-72.679787  213.200790  140.121979
-72.923111  213.984985  140.113281
-73.018852  215.044647  140.050735
-72.947433  215.876526  139.990280
-72.830673  217.570404  140.490555
-72.963692  218.579285  140.607361
-73.033585  219.015930  140.761063
-72.998749  219.762787  140.897430
-72.929581  220.514465  140.996506
-72.786125  221.150742  141.205688
-72.798035  222.115433  142.076599
-72.503914  222.747559  142.454620
-72.242165  223.650574  142.657669
-71.975533  224.688110  142.920059
-71.511673  225.974701  143.026184
-71.179642  227.314041  143.187561
-70.691139  229.021072  142.954132
-70.299301  230.125259  143.128754
-69.787498  231.052200  143.185593
-68.967735  231.748810  143.098160
-68.105911  232.159393  142.956223
-67.267014  232.595535  142.887863
-66.031158  233.350128  142.655960
-65.077812  233.895966  142.569427
-64.250015  234.207764  142.498718
-63.316566  234.509781  142.629074
-62.378105  234.721344  142.722275
-61.419510  234.757324  142.775970
-60.635151  234.583740  143.327774
-59.933823  234.452148  143.534500
-59.179249  234.349228  143.746109
-58.499268  234.235550  143.846298
-56.778870  234.618362  143.612793
-55.861713  234.279175  143.296356
-55.449276  233.800034  142.877792
-55.014061  233.321121  142.515839
-54.483696  232.643021  142.001511
-53.943008  231.986176  141.511673
-53.467957  231.333496  141.055084
-52.794312  230.146820  139.982056
-52.180157  228.504654  139.444748
-51.702972  226.873047  139.333069
-51.072128  225.049911  139.909668
-50.784245  223.827698  139.949280
-50.532513  222.827057  139.838898
-50.445278  222.034866  139.583038
-50.409119  221.336990  139.390305
-50.232315  219.861160  139.232544
-49.906490  218.398087  139.116043
-49.487434  216.968323  139.034088
-49.198009  215.415573  138.967056
-49.107216  213.820282  138.770248
-49.054520  212.382889  138.450699
-49.056793  211.632889  137.998962
-48.810020  210.308395  137.794739
-48.484383  208.795853  137.637756
-48.239285  207.830505  137.408295
-47.981857  207.007767  137.061996
-47.618958  206.021393  136.705658
-47.146240  205.210876  136.409607
-46.674210  204.381470  136.138672
-46.265034  203.821350  135.949570
-45.739662  203.188629  135.723907
-45.023579  202.493057  135.627716
-44.343323  201.991974  135.397751
-43.692829  201.644440  135.230530
-42.913673  201.357483  135.088730
-42.148434  201.196701  134.951340
-41.390759  201.149384  134.843567
-40.661907  201.167496  134.765472
-39.363266  199.964508  135.131302
-38.262630  200.263290  135.329620
-37.866962  200.638763  135.403748
-36.985004  201.540421  134.998444
-36.069553  202.714783  134.385269
-34.981380  203.946014  133.940796
-34.109509  205.033386  133.695862
-33.163830  206.199768  133.466385
-32.075367  207.359985  133.302902
-31.057470  208.110748  133.297607
-30.198421  209.644638  133.595886
-29.727892  210.355042  133.836960
-29.086262  211.333771  134.204636
-28.082449  212.354538  134.624039
-27.086464  213.659088  134.817596
-25.920647  214.769196  134.862106
-24.438845  215.537170  135.184677
-23.656624  216.428009  135.397919
-23.121759  217.390564  135.557373
-22.380383  218.267487  135.702377
-21.434765  219.258255  135.700195
-20.086777  220.523529  135.466476
-19.067507  221.258514  135.142105
-18.084909  222.191238  135.017044
-16.894201  222.880814  134.973236
-15.964125  222.749481  135.483932
-15.741907  223.043777  135.562164
-15.437087  223.197006  135.653992
-14.938076  223.233688  135.696976
-13.995878  223.192139  135.562134
-13.406991  223.103973  135.438538
-12.805108  222.736069  135.045807
-12.361088  222.528473  134.795593
-11.941200  222.356155  134.582199
-11.431026  222.101257  134.465454
-11.001119  221.911148  134.359528
-10.592268  221.652817  134.175064
-10.188992  221.467682  133.869797
-9.789069  221.487915  133.538162
-9.556718  221.293243  133.240128
-9.513941  221.121277  133.118164
-9.525855  221.098907  133.052841
-9.429049  220.678513  132.818375
-9.399036  220.403549  132.626251
-9.485683  220.410004  132.548767
-9.540072  220.430618  132.391556
-9.615436  220.476883  132.270172
-9.662552  220.464798  132.132996
-9.828256  220.566711  131.985825
-10.268484  220.659134  131.502045
-10.580052  220.828979  130.986237
-11.045911  220.980377  130.759888
-11.476532  221.199661  130.654251
-12.951309  221.694962  130.468262
-13.523355  221.758362  130.504623
-14.386689  221.945694  130.494629
-15.366497  222.039169  130.392776
-16.183090  222.184097  130.343567
-17.199015  221.247345  129.903702
-18.214659  221.385132  129.805801
-18.971535  221.434143  129.748627
-19.735243  221.349319  129.703613
-21.030376  220.525711  129.888214
-21.980934  218.580093  129.790131
-22.968636  217.569244  130.359589
-24.132080  216.723541  131.134766
-24.940432  215.716751  131.862137
-25.446991  215.118042  132.123428
-25.800442  214.626999  132.341171
-26.222706  214.103317  132.691071
-26.605139  212.230316  133.295456
-26.865576  211.135803  134.166107
-27.040373  210.255341  134.722137
-27.176924  209.668640  134.828522
-27.241468  209.279404  134.836899
-27.272291  208.387573  134.750626
-27.291924  207.677231  134.568558
-27.075708  205.856979  134.321594
-26.951815  205.590408  134.248398
-26.645206  204.896042  134.087936
-26.405905  204.523956  133.968552
-26.041185  203.740631  133.749817
-25.062538  203.033508  133.964996
-24.158691  202.493774  134.188828
-23.565926  202.016769  134.411575
-22.949303  201.530441  134.271896
-22.506210  201.225510  134.195999
-21.906080  200.829071  134.063568
-21.278254  200.539017  134.012634
-18.338957  197.922928  133.107986
-17.924692  198.128403  133.237534
-16.661177  198.735474  132.839874
-15.532382  198.316177  133.093521
-14.195580  198.344193  133.130554
-13.648939  198.871475  133.244751
-13.429525  199.516281  133.417252
-13.244231  200.157288  133.595413
-12.961298  201.138702  133.648300
-12.648512  201.918365  133.730301
-12.120527  202.981232  133.595444
-11.785709  203.977554  133.574600
-11.313969  204.905182  133.551910
-10.926795  205.783325  133.536789
-10.429643  206.772125  133.749619
-9.864995  208.076813  133.771667
-9.205223  210.033173  133.687958
-8.491611  210.602890  132.949692
-7.873452  211.405167  132.853943
-7.922523  212.754745  133.148224
-6.706995  213.257584  131.661880
-6.021438  214.221283  131.370056
-6.270761  214.973679  131.410248
-6.561228  215.621948  131.481842
-6.461754  216.249054  131.402985
-6.283579  216.912704  131.281128
-6.650920  217.565094  131.387894
-6.991606  218.168915  131.504349
-7.412781  218.724136  131.596313
-7.643546  219.243515  131.775406
-7.181098  219.567078  131.603348
-7.691545  217.824890  131.527328
-8.474379  218.656586  131.812836
-9.269177  220.580612  132.237823
-9.340925  220.392120  132.196152
-10.276600  221.457993  133.043579
-10.962797  222.242813  133.753265
-10.992825  222.156693  133.794128
-11.264309  222.188156  133.988113
-11.566567  222.144394  134.211624
-12.001550  221.867249  134.510544
-12.392758  221.400955  134.944260
-12.891856  220.704544  135.265335
-13.259419  220.055359  135.530045
-13.541105  219.286743  135.792282
-13.644833  218.508987  135.913345
-13.620365  217.594849  135.966202
-13.583888  216.412277  136.021378
-13.611014  215.273422  136.226547
-13.439607  214.269592  136.182297
-13.242989  213.489395  135.889908
-12.938458  212.379349  135.484116
-12.703503  211.431183  135.254272
-12.203154  209.822311  134.871994
-11.900563  208.979980  134.625214
-11.288843  207.401276  134.186020
-10.613344  206.122803  133.703629
-10.007288  204.433258  133.281677
-8.839808  202.435745  133.286850
-7.781616  200.958496  133.227692
-7.075388  200.000916  133.120010
-6.261184  199.333008  133.082214
-5.413220  198.733322  132.938126
-4.278225  197.973984  132.766663
-3.116888  197.455215  132.589279
-2.104773  197.168411  132.359192
-1.194952  196.862503  132.323837
-0.185383  196.684875  132.133804
0.779113  196.568192  132.011429
1.961433  196.508240  131.971161
3.232902  196.476578  131.973282
4.599318  196.536392  132.010330
5.951194  196.599075  132.074341
7.165347  196.743332  132.092606
8.250871  197.023392  132.150299
9.258704  197.727631  132.236847
10.499109  198.438889  132.534286
11.716333  199.190018  132.855240
12.504685  199.991241  133.188873
13.489296  201.053680  133.032104
14.423985  202.007126  133.007294
15.061662  202.799179  133.177551
15.699418  203.829468  133.033279
16.252363  204.656250  133.153534
17.081392  205.842270  133.057510
17.754923  206.802963  133.088272
18.041311  207.592697  133.312607
18.338903  208.379349  133.497147
18.702915  209.472519  133.775253
19.411943  211.846375  134.282257
19.642565  212.621613  134.420517
19.818062  213.894547  134.685303
19.897488  216.129242  135.078827
19.843891  218.123459  135.196701
19.570280  219.917236  135.015686
18.956787  221.356613  135.215515
18.616890  222.328415  135.393478
18.282429  223.063004  135.511383
17.753511  223.728577  135.624969
16.886597  224.364243  135.639725
16.177637  225.034576  135.602097
15.392817  225.636948  135.591125
14.378736  226.235733  135.447021
13.652285  226.619156  135.433777
12.881345  226.993103  135.383102
12.141736  227.205261  135.345871
11.385720  227.337418  135.492126
10.521892  227.314224  135.482880
9.662158  227.188110  135.516068
8.823670  227.169113  135.555038
8.101860  227.117630  135.558990
7.537466  226.891266  135.468643
7.207909  226.574402  135.442368
6.754159  226.285522  135.530334
6.277819  225.108109  135.757172
5.900810  223.988907  135.728012
5.693417  223.005600  135.715240
5.577175  221.922989  135.544159
5.672286  221.075989  135.387573
5.943209  220.210968  135.291000
6.388909  219.234406  135.196274
6.900052  218.237442  135.408630
7.714247  217.358826  135.427109
8.656376  216.594101  135.368317
9.444368  216.112000  135.328171
10.345246  215.558014  135.383896
11.402011  215.009689  135.750458
12.375638  214.645386  136.371231
13.566063  214.388474  136.731247
14.491023  214.165771  136.937439
15.900433  214.382446  137.195923
17.033176  214.423294  137.291245
18.095234  214.346420  137.386841
19.193419  214.396942  137.160934
20.677019  213.980209  136.934586
21.773743  214.118362  136.528091
22.979124  214.462341  136.509491
23.830467  214.732010  136.632263
24.618124  214.954834  136.901001
25.227280  215.104309  137.035599
25.699163  215.311264  137.264648
26.136667  215.517090  137.482071
26.800655  215.828735  137.688400
27.388624  216.106964  137.869629
27.851944  216.317978  138.011368
29.313475  216.890396  138.802414
30.120264  217.334183  138.843857
30.387804  217.477692  138.852692
30.539562  217.557266  138.856659
30.679844  217.661240  138.874023
31.032776  218.025162  138.562286
31.187931  218.267731  138.523529
31.314917  218.708313  138.354080
31.250608  218.962921  138.167618
30.763803  219.016510  138.266418
30.426432  219.031021  138.135773
30.014090  218.960098  138.299133
29.726440  218.663437  138.416855
29.631712  218.637360  138.550629
29.374290  218.668503  138.528809
29.325254  218.957306  138.230591
29.172905  219.645325  137.544266
28.803493  219.063690  136.583954
28.521658  218.442719  135.730453
28.191582  218.072861  135.231674
27.873888  217.875916  134.431808
27.609560  217.441757  133.458038
27.345333  217.176727  132.606628
27.179895  217.002655  132.087097
27.115128  216.524200  131.421677
26.978168  215.927719  130.750809
26.588339  214.582214  130.249298
26.303816  213.367554  129.891174
25.646219  211.098404  130.759537
25.200373  209.031281  131.520248
25.082541  207.379883  131.888779
25.100830  206.109406  131.955933
25.180201  204.819717  131.975800
25.304457  203.850555  132.063461
26.420513  202.027069  131.014160
26.519049  201.401535  130.714188
26.276081  201.227173  129.965927
26.390224  200.786560  129.646912
27.257204  199.826355  129.313049
27.787714  199.044571  129.464325
28.540182  198.617325  129.369843
28.722746  198.651474  129.336670
29.343769  198.288422  129.458984
30.102859  197.962006  129.495468
30.975826  197.182449  129.937485
32.246998  197.742905  129.755035
32.967323  197.737930  129.708847
33.728477  197.930832  129.641968
34.522625  198.024765  130.098190
35.681168  197.971893  130.184189
36.650696  198.275101  129.800980
36.835636  198.698380  129.963242
37.658791  199.375763  130.894287
39.501152  200.657928  131.566742
39.986546  201.439499  132.012802
40.350899  202.048965  131.892990
40.762939  203.019089  131.838333
41.108696  203.591568  132.142090
41.372353  204.257141  132.566193
41.451286  204.820847  132.813248
41.688744  205.517990  133.129227
42.707130  206.815384  133.991486
43.143887  207.710449  134.497681
43.420052  208.392487  135.212051
43.692535  209.159546  135.545563
44.645267  210.932968  134.721756
44.447933  211.501099  134.722290
44.639809  212.223557  134.887711
45.162186  212.930603  135.030090
46.038612  214.205109  135.575165
46.300915  214.619675  135.847595
46.922867  215.651535  136.182114
47.449543  216.636154  136.533844
47.995850  217.513016  136.973312
48.421528  218.209290  137.319046
49.399845  219.121536  137.393387
50.145569  219.733826  137.582611
50.559616  220.162918  137.857666
51.202065  220.612900  137.961075
51.605263  220.826431  138.336914
52.301559  221.020966  139.026932
52.838959  221.127457  139.585358
53.343281  221.201691  139.938339
54.046989  220.985336  140.037842
54.499168  220.722519  140.284576
54.987766  220.478241  140.609589
55.419769  220.151474  140.690750
55.789417  219.912064  140.649277
56.502483  218.810760  140.786194
57.349842  217.940399  140.964172
58.020767  217.059860  140.954865
58.833382  215.988922  140.970734
59.597569  215.027756  140.685425
60.014999  213.941391  140.492203
60.321724  213.144287  140.380798
60.661835  212.524094  140.307449
60.910404  212.168030  140.098587
61.239803  211.531906  139.699493
61.370338  210.983368  139.363480
61.468945  210.583542  139.212463
61.558369  210.447708  138.913971
61.653152  210.369995  138.719925
61.712452  210.307083  138.616760
61.722095  210.303635  138.551483
61.694542  210.311844  138.445709
61.710758  210.424927  138.254944
61.513397  210.290405  138.236221
61.359348  210.438263  138.247879
61.480915  210.811050  138.344101
61.395790  211.120209  138.383453
61.286968  211.492706  138.429855
61.206753  212.074402  138.100052
61.284939  212.791275  137.636475
61.004131  213.073578  137.384079
60.732639  213.711456  137.206619
60.384747  214.257355  137.181015
60.055454  214.715179  137.178253
59.670074  215.243286  137.140793
59.005886  215.547913  137.242096
58.297272  215.786942  137.660690
57.602448  216.204575  137.695206
56.858952  216.587128  137.412842
56.175407  216.873734  137.029663
55.488930  217.195175  136.695297
54.959110  217.377792  136.652756
54.183876  217.134949  136.352783
53.334362  216.830719  136.333054
52.643200  216.629044  135.829590
51.985310  216.094650  134.806137
51.478313  215.879929  134.495560
50.414406  214.252899  134.566483
49.611427  213.685150  134.138901
48.936520  213.285522  133.867050
47.963039  212.262054  132.502304
47.373852  211.296967  131.474503
46.892052  210.981964  131.083160
46.401249  210.519714  130.755859
45.971325  209.760025  130.399338
45.469257  208.658386  129.949249
45.046188  206.603683  129.605148
44.760120  205.179565  129.376160
44.675030  204.409393  129.047867
44.664280  203.850601  128.960266
44.774639  203.329697  128.912308
44.968670  202.146912  128.448212
44.974110  202.071533  128.428543
45.136456  201.380783  128.333405
45.480877  200.794296  128.071274
45.874630  200.221695  127.893486
46.235367  199.725967  127.738602
46.898514  199.177795  127.643372
47.546188  199.010895  127.784988
48.044659  198.732040  127.823097
48.877132  198.261551  127.989410
49.848366  197.742737  128.233810
50.737873  197.620483  128.510147
51.247585  197.731476  128.719391
52.085152  197.949768  129.020782
53.387054  198.404831  129.457718
54.722805  199.038879  129.352905
55.988724  199.502274  128.930817
56.799595  200.194504  128.805862
57.637371  200.780228  128.791718
58.398289  201.995331  128.776505
59.243382  202.954727  128.749252
59.781796  203.856598  128.868179
60.476086  204.871552  128.929733
61.303261  205.944931  128.902771
62.395172  206.728134  128.799042
63.303162  207.542892  128.799591
63.797981  208.500061  128.823029
64.180878  209.513092  128.803070
64.527252  210.522964  128.917160
64.879387  211.290955  128.916794
65.147629  211.891541  128.984451
64.890930  212.934723  129.213593
65.062622  213.928131  129.341080
65.106789  214.245834  129.514847
65.009308  214.510361  129.592728
64.944336  214.689316  129.670898
64.870750  214.824036  129.715225
64.800354  215.035385  129.768265
64.668945  215.424210  129.498260
64.404930  215.792267  129.288422
64.264542  215.915344  128.884659
64.096146  215.976288  128.812531
63.893135  215.933487  128.782928
63.674728  215.866013  128.751221
63.367683  215.707428  128.710587
63.099426  215.553406  128.536240
63.021446  215.179123  128.148788
62.850761  214.721481  127.696777
62.769688  214.517929  127.550575
62.292168  213.534058  127.066391
61.465939  210.056244  126.529785
61.339901  208.923630  126.317581
60.970127  207.402115  126.315392
60.936905  206.134109  126.292389
61.016216  204.746384  126.375397
61.076637  203.684128  126.356239
61.153370  202.497345  126.461830
61.366653  201.383499  126.893372
61.582413  200.489899  127.080025
61.825729  199.745667  127.149704
62.021263  199.188156  127.184555
62.170876  198.465088  127.155319
62.584797  197.796585  127.004539
63.102798  197.295090  126.950417
63.538544  196.615005  126.927460
64.246071  196.018555  126.983955
64.767746  195.354446  127.135414
65.187698  195.131546  127.359314
65.624741  195.044769  127.451828
66.018082  195.038223  127.611168
66.518509  195.050858  127.781189
67.173347  195.361053  127.859756
67.485733  195.498123  127.972847
68.047882  195.685150  128.213943
68.893829  196.242523  128.384674
69.638748  196.943329  128.841171
70.569458  197.952560  129.420883
71.423409  199.416473  129.756577
72.247635  200.790131  130.205124
72.854088  202.282593  130.930298
73.405388  203.283890  131.410126
74.293480  204.948288  131.573868
75.161026  206.283691  131.727127
75.972473  207.284210  131.944641
77.424202  209.358749  131.866837
78.863136  210.843536  131.649658
79.854630  212.373154  131.909409
80.774132  213.556229  131.980133
81.828033  214.684006  132.031860
82.616882  215.763931  131.949188
83.587608  217.158432  131.571213
84.648834  218.276947  131.216995
85.374008  218.820160  131.308517
85.820213  219.550064  131.362808
86.634659  220.235306  131.521622
87.546638  220.863113  131.515839
88.161674  221.315430  131.674118
88.942184  221.733124  131.857086
89.684563  222.084915  132.046585
90.331993  222.407654  132.258392
91.123611  222.364761  131.986282
91.913094  222.600418  132.011337
92.999825  223.161530  132.093903
93.538017  223.430435  132.213577
94.366852  223.400803  131.958008
95.043007  223.409592  132.123184
96.015694  223.341339  132.364151
96.569374  223.069290  132.102112
97.219208  222.619766  131.628799
97.438393  222.125259  131.604370
97.650253  221.344345  131.593704
97.788979  220.862686  131.617767
97.808594  219.711761  132.003693
97.615112  218.427963  132.330658
97.496651  217.055939  132.530197
97.572868  216.175735  132.197586
97.626335  215.174026  131.810196
97.656334  213.937332  131.446274
97.425812  212.487061  131.308853
96.938354  210.919586  131.004990
96.787910  209.991913  130.864838
96.513100  208.830673  130.422424
96.126518  207.571426  130.113998
96.052734  206.797913  129.823395
96.022003  206.179703  129.542953
95.976479  205.741013  129.243759
95.921440  205.237228  129.114182
95.863762  204.807587  129.029007
95.627037  204.130051  128.807281
95.411102  203.579758  128.427231
95.389854  202.771378  127.953758
95.524040  202.193344  127.572693
95.558739  202.036057  127.420868
95.539047  201.980209  127.360619
95.482063  201.786530  127.165939
95.498749  201.600739  127.013779
95.479980  201.512985  126.906792
95.470016  201.544617  126.748581
95.513626  201.622940  126.659119
95.718857  201.716370  126.497543
95.970375  202.145874  126.360382
96.195114  202.940628  126.196953
96.314301  203.754791  126.099411
96.440117  204.288391  126.123222
96.522713  204.785263  126.168343
96.886070  205.793671  126.221695
97.394608  208.025742  126.367188
97.914375  209.467438  126.472252
98.517723  210.764801  126.296150
99.181412  211.742249  126.001312
99.676491  212.450394  125.879967
99.786209  213.356079  126.191010
100.146996  214.191437  126.410133
100.404465  215.008972  126.584946
100.796883  216.056732  126.744270
101.266533  216.703751  126.782509
101.988319  218.476761  127.246277
102.675629  219.390717  127.277817
103.088394  219.972092  127.499557
103.484344  220.169785  127.678703
104.108246  220.614975  127.891731
104.905296  221.130814  128.000793
105.534637  221.597885  128.237915
106.355698  222.083221  128.155258
107.434143  222.376083  128.099960
108.332001  222.525620  128.290039
108.861290  222.677521  128.695160
109.377800  223.009369  129.220993
109.871674  223.202469  130.287109
110.218132  223.056519  130.931915
110.668602  222.859818  131.311722
111.222343  222.701782  131.451645
112.040871  222.394852  131.520294
112.830154  221.397614  131.917175
113.526749  220.818298  132.293350
116.171295  217.369232  133.829605
116.869583  216.255890  133.834854
117.806618  214.741180  133.763580
119.139366  213.254410  133.269974
119.757317  211.508514  132.888000
120.115494  210.048630  132.840027
120.466461  208.793533  132.750946
120.523888  207.605591  132.593719
120.746529  206.439514  132.548630
120.855858  205.838348  132.343811
120.999077  205.051880  132.224899
121.087555  204.231827  132.121460
121.110474  202.984436  131.876007
121.195328  201.758209  131.788132
121.147964  200.616791  131.679245
121.456543  199.117538  131.723557
121.487556  198.302261  131.597641
121.609207  197.700775  131.568253
121.876961  197.220032  131.582474
122.042976  196.937424  131.563934
122.158592  196.343170  131.605530
122.080727  195.552277  131.297928
122.054100  195.332779  131.253738
121.937729  195.259384  131.200394
121.758652  195.131195  131.106949
121.747093  195.080505  131.079834
121.420151  193.976318  130.100250
121.250702  193.944489  129.870255
121.212585  194.169113  129.769684
121.234673  194.216858  129.742493
121.287460  194.310440  129.757614
121.217163  194.594498  130.136810
121.381035  194.969757  130.098373
121.540695  195.330627  130.062286
122.479324  196.277893  130.614975
122.929237  197.133484  131.003952
122.885048  197.146408  130.960907
122.901405  197.251724  130.999893
122.880371  197.364334  131.046341
122.947830  197.774994  131.380707
122.998077  198.246429  131.730087
122.025200  197.477295  131.402054
122.129227  197.891479  131.528625
122.104858  198.643326  131.832413
122.065605  199.160660  132.048477
122.117874  199.402878  132.187469
122.191475  199.598907  132.281250
122.196548  199.740479  132.324341
122.225784  199.784225  132.122025
122.283455  199.731049  131.558121
122.254265  199.644180  131.157166
122.194588  199.613525  130.947495
122.226387  199.681015  130.720764
122.320961  199.773499  130.516891
122.431099  199.959595  130.313690
122.545570  200.152008  130.172272
122.644722  200.450989  130.114578
122.621101  200.830994  130.481598
122.700020  200.961029  130.644592
122.795357  201.023834  130.739273
122.877808  201.064560  130.815567
122.953293  201.090256  130.881500
123.029465  201.128937  130.932114
123.131004  201.153305  130.982513
123.216988  201.189346  131.016678
123.305710  201.230698  131.040512
123.340569  201.268967  131.057068
123.361847  201.236984  131.034393
123.377846  201.214584  131.024704
123.396156  201.201508  131.028000
123.393921  201.201508  131.029648
123.374336  201.099380  131.066376
123.441246  200.937622  131.108704
123.487328  200.867065  131.161911
123.515572  200.832001  131.197357
123.533348  200.815582  131.219116
123.506599  200.771606  131.364670
123.442421  200.788773  131.647064
