-147.377396   191.266312  64.583511
-147.389633   191.242386  64.594299
-147.390427   191.215607  64.600121
-147.404419   191.165710  64.622437
-147.443954   191.101181  64.677628
-147.455811   191.077225  64.694382
-147.598801   191.094940  64.941635
-147.639160   191.048904  65.088493
-147.713730   191.004105  65.228409
-147.840668   190.949875  65.395088
-147.937347   190.903061  65.542198
-147.973984   190.801697  65.612228
-148.002472   190.677155  65.628967
-148.068085   190.662842  65.685478
-148.111969   190.499664  65.850739
-148.091522   190.387344  66.011330
-148.075745   190.103073  66.280243
-148.111526   189.872482  66.557899
-148.146378   189.660446  66.744751
-148.152893   189.672470  66.688667
-148.118500   189.664948  66.651459
-148.122299   189.653961  66.578186
-148.136368   189.637329  66.523499
-148.106857   189.594345  66.476494
-148.074127   189.538345  66.429565
-148.079361   189.477493  66.368622
-148.106552   189.443100  66.226364
-148.112106   189.410416  66.221771
-148.137634   189.398575  66.238930
-148.177048   189.378799  66.264168
-148.204880   189.321838  66.376076
-148.194778   189.267853  66.339203
-148.201645   189.216370  66.307076
-148.193451   189.139053  66.246185
-148.198944   189.055740  66.162933
-148.188339   188.966522  66.088470
-148.202377   188.888031  66.037079
-148.241669   188.833710  66.031464
-148.283737   188.760300  66.025871
-148.324799   188.696579  66.030663
-148.356323   188.630981  66.035988
-148.372238   188.548813  66.064400
-148.383926   188.477127  66.072281
-148.424179   188.403961  66.068398
-148.436295   188.356735  66.063744
-148.493912   188.297211  66.035553
-148.558380   188.233429  66.034103
-148.639877   188.208420  66.057617
-148.773392   188.154190  66.088760
-148.873840   188.079193  66.079704
-148.900681   188.027359  66.077332
-148.997482   188.034088  66.100517
-149.017853   187.991699  66.098167
-149.080688   187.951965  66.099030
-149.142410   187.932159  66.103828
-149.243713   187.880264  66.098534
-149.376312   187.832733  66.103561
-149.440933   187.763107  66.093964
-149.531281   187.737885  66.112061
-149.559067   187.725342  66.117912
-149.593811   187.713791  66.133652
-149.708038   187.733429  66.143661
-149.794388   187.745056  66.159599
-149.911987   187.671921  66.248505
-149.996109   187.605225  66.335358
-150.009109   187.579742  66.323593
-150.032242   187.551666  66.309784
-150.056946   187.521164  66.296234
-150.086395   187.468521  66.272476
-150.117859   187.422913  66.250252
-150.155640   187.365982  66.224457
-150.211929   187.332550  66.194145
-150.252609   187.286575  66.170959
-150.275986   187.251175  66.147102
-150.308777   187.211670  66.125168
-150.330582   187.163849  66.103371
-150.354996   187.117584  66.092651
-150.401382   186.986099  66.083748
-150.507828   186.802948  66.077538
-150.674469   186.477371  66.047958
-150.900040   186.045624  66.063538
-151.337158   185.616135  66.161469
-151.585114   185.008835  66.209068
-151.966888   184.015152  66.035553
-152.336670   182.980621  66.110237
-152.914078   181.316147  65.820251
-153.686508   179.465332  65.788261
-154.689453   177.476242  66.122597
-155.213242   175.203598  65.851639
-155.822144   172.729156  65.607994
-155.795013   168.792191  65.254189
-156.310349   166.121979  65.197968
-156.622482   163.585571  65.340225
-156.629745   160.749924  65.276291
-156.431793   158.181442  64.825294
-156.111023   155.369370  64.717758
-155.624420   153.051727  64.596962
-154.903305   151.113327  64.405663
-153.927368   149.354279  63.887234
-152.686142   148.298569  63.003109
-151.440567   148.045609  62.362274
-150.060364   148.552750  61.613674
-148.769547   149.314224  60.900848
-147.082275   150.764618  59.748955
-145.519333   152.990707  59.066242
-143.822647   156.316071  58.466499
-141.925781   160.018890  57.027847
-139.862717   164.564941  56.357731
-138.054138   169.644043  56.038795
-136.355499   175.735260  55.480022
-134.719559   182.307053  56.460945
-132.851822   189.121353  57.219078
-131.338699   195.826202  57.617825
-130.318863   202.541275  57.331825
-129.158844   209.487808  57.326668
-127.865112   216.688034  57.242512
-126.478401   224.009476  57.695545
-124.910553   231.853745  58.026157
-122.972275   238.378525  58.367153
-121.128708   244.381271  59.330063
-119.387939   250.292328  60.037071
-117.795975   255.699432  60.877998
-116.070671   261.510010  61.974072
-114.527847   266.618286  62.888294
-113.160461   271.023926  62.900410
-112.127930   275.516968  63.948277
-111.309715   279.100372  65.121864
-110.470909   282.755157  65.983780
-109.719643   285.575256  66.897270
-109.379128   287.523254  67.643494
-108.970444   289.181519  68.386215
-108.928139   290.861053  68.913551
-108.802361   291.841278  69.424881
-108.778496   292.438324  69.712830
-108.815765   292.810150  69.911133
-108.951012   293.015930  70.156448
-109.152252   292.910736  70.465591
-109.587578   292.557739  71.023674
-110.102982   291.643921  71.554924
-110.735237   290.105835  72.128044
-111.493225   288.383911  72.002068
-112.432991   285.414886  71.711304
-113.667068   281.559448  71.647964
-114.585518   277.279114  71.035149
-115.491661   271.698669  70.717285
-116.099686   265.921265  69.968552
-116.639076   259.672058  69.474342
-117.459686   253.524292  69.473175
-118.116859   247.146942  69.375465
-118.793610   240.728073  68.694283
-119.494499   234.438354  68.268867
-119.828194   227.116425  67.231789
-120.136887   221.236191  66.978401
-119.974396   214.812454  66.541336
-120.041321   209.289688  66.279831
-119.737434   204.105865  65.954498
-119.495850   199.990479  65.956078
-119.360397   196.441238  65.939415
-119.037491   192.931717  66.079887
-118.800339   188.911194  66.060249
-118.373932   185.199142  65.573036
-118.134079   182.324707  65.288834
-117.653358   179.232742  64.374062
-117.187546   176.490768  63.804092
-116.730461   174.863693  63.275818
-116.573059   173.733978  63.082485
-116.462051   173.204514  62.919987
-116.405907   173.052216  62.781742
-116.381851   173.071671  62.763531
-116.342010   173.318283  62.677769
-116.388161   174.300034  62.786179
-116.486603   176.180176  62.533611
-116.749969   178.043732  62.497147
-117.050278   180.215591  62.490482
-117.751472   183.653656  62.563786
-118.468552   188.075836  62.805466
-119.182518   191.927917  63.061493
-119.921661   196.102768  64.319328
-120.526672   199.214554  64.826271
-122.154793   203.735489  65.327187
-123.208206   207.016113  66.327415
-124.096222   209.348145  66.884674
-125.311523   211.903458  67.310287
-132.161514   220.726440  69.687531
-134.251480   222.986557  70.461319
-134.822830   223.417664  71.018387
-137.103607   225.159225  71.925270
-140.264191   227.271606  73.089767
-142.448700   228.333893  73.915253
-144.649673   228.839645  74.257004
-146.682693   228.644653  75.016869
-147.879623   228.195160  75.536743
-149.500717   227.482590  75.824593
-150.617035   226.891129  76.408615
-151.368149   226.076508  76.721481
-151.961502   225.112595  77.005623
-152.615128   223.405945  77.634354
-153.015411   221.607208  78.100632
-153.262970   220.292755  78.144852
-153.087479   218.181030  77.859291
-152.531937   215.302719  77.493088
-151.446960   211.882904  77.090088
-150.811508   210.187683  76.750969
-149.404602   207.932205  76.141006
-147.674454   205.888580  75.613464
-145.461792   203.986969  74.737900
-142.781265   202.343369  73.874649
-139.519287   200.901047  72.349457
-135.970718   199.722366  70.979919
-132.434036   199.559387  69.838371
-128.947906   199.812973  68.748123
-125.162018   200.662506  67.266998
-121.120880   201.976105  65.239616
-117.765900   203.548935  64.157875
-114.133163   205.539352  62.690384
-110.055473   207.699020  62.374004
-106.847267   210.137558  61.928085
-103.163429   213.402847  61.321690
-99.836441   216.286469  61.172585
-97.454071   219.670670  61.335796
-95.007896   223.946182  61.341679
-93.026321   228.115906  61.774494
-91.875229   232.279633  62.229919
-91.590187   235.628632  63.408951
-91.851715   239.001144  64.387314
-92.414452   241.517715  65.246887
-93.892784   245.139084  66.296806
-95.897148   248.642502  67.572105
-98.142662   250.640320  68.812866
-100.605446   253.382080  69.274368
-103.183838   255.302856  70.289886
-106.467522   257.759460  71.346329
-109.619652   259.078064  72.830872
-113.482460   261.077911  74.022453
-117.736526   262.791962  75.135231
-122.479713   263.883209  76.555145
-127.201721   264.351196  77.993942
-131.437531   264.512268  79.778793
-135.675674   264.412231  81.281792
-139.763031   263.190399  82.834839
-149.179062   259.444702  85.724907
-152.749954   257.513550  86.587044
-156.553101   254.935669  87.696953
-160.579849   251.972687  88.936584
-164.530228   248.348465  89.938591
-167.559769   244.908188  90.679062
-170.766815   240.710739  91.178474
-176.599457   229.914352  91.886154
-178.320160   224.677856  93.582939
-180.131912   219.167572  93.853073
-181.406433   214.468445  94.181976
-182.371155   210.567123  94.345161
-183.249771   205.610214  95.407379
-183.427933   201.107971  95.307861
-183.541351   196.635468  95.036728
-183.045059   192.908386  94.784309
-180.567062   182.990005  92.786736
-178.974747   178.545792  92.043129
-176.738617   173.949142  91.191338
-175.094299   170.204254  90.237244
-172.897812   167.761902  89.298660
-169.817657   165.541260  88.600624
-167.104782   164.846390  86.792511
-163.998886   163.552078  85.204002
-161.068909   163.298401  84.088882
-157.488800   162.621735  82.731445
-153.186295   163.189636  81.946701
-149.403549   163.942902  80.627144
-145.865524   165.162964  79.425110
-141.724182   166.617355  77.940231
-137.778305   168.822830  76.826393
-134.040939   171.899567  75.839890
-129.985046   175.310959  74.499962
-125.465622   179.856033  75.088646
-122.685501   184.496964  73.564003
-119.462601   190.084167  71.979248
-116.318237   195.951935  70.667992
-113.297546   202.228241  69.577309
-110.601997   208.540619  69.002739
-108.149971   214.839569  68.611435
-105.290588   221.128174  68.039780
-103.136925   227.545090  68.054634
-100.891655   233.366043  68.801178
-99.230820   239.058823  69.161263
-97.371552   244.062973  69.378571
-96.233139   247.872009  70.002861
-95.472000   250.991623  70.312836
-94.783684   253.816147  70.613007
-94.363121   256.226501  71.018211
-93.983185   258.573303  71.526207
-93.657791   260.741150  71.806793
-93.427330   262.101440  72.058144
-93.103256   263.300293  72.152664
-92.955727   263.867554  72.184120
-92.898521   264.461273  72.247383
-93.032043   264.846161  72.366943
-93.217598   264.914612  72.489601
-93.643471   264.822388  72.543198
-94.463890   263.878662  72.606567
-96.079674   261.937775  72.601746
-97.792778   259.485779  73.214485
-101.670830   253.256744  73.969841
-103.498215   249.488541  73.753326
-105.081383   245.326660  73.386230
-110.050774   226.840179  72.306244
-111.310509   222.249649  72.486153
-112.724129   216.997452  72.800400
-113.955124   211.177795  73.040222
-115.034531   205.141495  73.798912
-115.910828   199.442947  75.162125
-115.922562   193.949432  78.341591
-116.918991   189.052811  78.897446
-117.618164   185.228653  79.521278
-118.415260   180.924393  80.355721
-118.744209   177.520187  80.957329
-118.856888   175.385742  81.361664
-119.007599   173.845474  81.494698
-119.264603   172.010559  81.614716
-119.094139   170.696213  81.817421
-119.287689   170.198929  81.767654
-119.352470   169.996658  81.735733
-119.425751   170.069687  81.528526
-119.382843   170.832977  80.509659
-119.305588   171.549316  79.905174
-119.208046   172.116104  79.723366
-118.998268   173.211304  79.472977
-118.628860   175.152267  78.787468
-118.210426   177.436920  78.127174
-117.742432   180.047119  77.672546
-117.055428   183.497192  77.066063
-116.365227   186.853256  76.590004
-115.646561   191.113663  76.013443
-114.771782   194.688507  75.729744
-113.988991   197.608215  75.487907
-113.061722   200.499268  75.158905
-112.164101   203.105927  74.857780
-111.128136   205.728821  74.619415
-110.080559   208.280563  74.566101
-109.245781   209.696121  74.484451
-108.029251   211.625977  74.254349
-106.550125   213.465698  74.015366
-104.808441   215.199860  73.621246
-103.174713   216.980850  73.396713
-101.260521   218.440002  72.849503
-99.594437   219.573334  72.517082
-98.115601   220.335114  72.311295
-96.898300   220.989075  72.233543
-95.336487   221.706619  71.755333
-94.037811   221.698090  71.368103
-93.075775   221.452667  71.036171
-92.278084   221.013748  70.781464
-91.556763   220.439468  70.590729
-90.795296   219.438446  70.376457
-90.115288   217.961472  70.202553
-89.509453   216.026703  69.941940
-89.035210   213.543121  69.910683
-88.853271   210.855637  69.743080
-88.750259   207.733200  69.753075
-88.661758   204.353668  69.770340
-88.870506   201.080994  69.957382
-88.920624   197.358810  70.065712
-88.862045   193.921371  70.325142
-88.456360   190.565735  70.745247
-87.569382   185.090347  71.066170
-86.846748   182.659103  71.327812
-85.681755   179.800079  71.243637
-84.315758   177.669220  71.407005
-82.734344   175.842178  71.394333
-80.992142   174.319168  71.229958
-78.933968   173.245865  70.868668
-76.712631   172.611343  70.488564
-74.698570   172.376251  70.182480
-72.702065   172.648300  69.966148
-70.270531   173.616074  69.910744
-67.570206   175.043777  69.954933
-65.000275   176.967468  70.072433
-62.987301   178.961395  69.933113
-61.254242   180.845779  69.339478
-60.142944   182.523026  69.108284
-59.115173   185.075806  68.921852
-58.354019   187.153900  68.808083
-57.946281   190.256180  68.800148
-57.834160   193.143539  68.807831
-58.124611   195.778900  68.837540
-60.011841   201.676315  68.887909
-61.416077   204.427536  69.001068
-62.752453   206.848587  69.252983
-63.985744   208.354660  69.520416
-65.313416   209.874756  69.591866
-66.613556   211.015930  69.651100
-68.461182   211.903549  69.781052
-70.131248   212.262207  70.006195
-71.654739   212.335922  70.129829
-73.330215   211.997604  70.214233
-74.945129   211.113861  70.224709
-76.394226   210.029999  70.210358
-77.878006   208.590942  70.162506
-79.344551   206.397446  70.044594
-80.071846   204.529251  69.878555
-80.992577   201.933655  69.875671
-81.991844   198.733505  69.997093
-82.609459   195.707062  70.176094
-83.230186   192.440781  70.539955
-83.675255   189.842957  70.894920
-83.917435   187.773804  71.220894
-83.865585   186.415909  71.444885
-83.784470   185.423920  71.591042
-83.482300   184.673019  71.728882
-82.710678   184.323120  71.877403
-81.643227   184.294617  71.940048
-80.075935   184.816925  71.929642
-78.550591   185.828476  71.938446
-76.713531   187.568771  72.239914
-75.519363   188.824860  72.210884
-74.325470   190.187500  72.109123
-73.262054   192.222870  71.935684
-72.372574   194.646500  71.813080
-71.670174   196.448853  71.639160
-70.919762   198.156708  71.392471
-70.112198   200.378494  71.145355
-69.583847   202.333450  71.078369
-69.189819   203.868683  71.100174
-68.930527   204.779617  71.130188
-68.431885   206.032394  70.991821
-68.190094   206.474869  71.229591
-68.035713   206.658386  71.295456
-67.831505   206.369064  71.611938
-67.270302   204.351852  72.282822
-67.174507   203.941437  72.354820
-66.870476   202.846954  72.494865
-66.486389   201.846481  72.539856
-66.024643   200.734756  72.650040
-65.519112   199.310349  72.701920
-64.928810   198.042282  72.878899
-64.089943   196.897690  73.165787
-62.487549   196.249054  72.558609
-60.661179   196.044388  72.065987
-59.017406   196.340851  71.833412
-57.211349   196.624557  71.037773
-56.165428   198.226044  71.667984
-54.869129   200.189133  71.323700
-53.716366   203.139496  71.310860
-52.665714   206.459778  71.058983
-51.684505   209.608353  70.831375
-50.845123   213.112183  70.850327
-49.700489   216.940109  70.971565
-48.342522   221.325089  71.167938
-47.151661   225.044708  71.397461
-45.925392   229.126480  71.381104
-44.295303   233.843277  71.346123
-42.825489   237.962799  71.606438
-41.233620   242.219360  71.528648
-39.969025   246.410172  72.057487
-39.051769   250.329987  72.363716
-38.314510   253.621826  72.705231
-37.682922   256.757538  73.043472
-37.310314   259.001312  73.274704
-36.901905   261.205048  73.437096
-36.423050   263.158600  73.536613
-36.083778   264.822632  73.668465
-35.619606   266.575836  73.172104
-35.378353   268.049744  73.192993
-35.094315   269.675964  72.999863
-34.772774   270.761902  72.948975
-34.470474   271.491760  72.846428
-34.316093   271.985382  72.643158
-34.221745   272.383392  72.552834
-34.167038   272.505035  72.380127
-34.126820   272.521576  72.258385
-34.105244   272.213684  72.099564
-34.236961   270.716797  72.077133
-34.385712   268.958191  72.123314
-34.645679   267.099487  72.208580
-34.965736   264.601776  72.108330
-35.312592   261.724518  72.024567
-35.602432   258.108612  71.864418
-36.007973   254.334290  71.757858
-36.318714   249.944382  71.613914
-36.954853   244.952454  71.555122
-37.359547   240.376434  71.498924
-38.070953   236.120361  71.894669
-38.858780   231.912033  72.181061
-39.626804   227.515366  72.434746
-40.430191   222.846985  72.719025
-41.421043   218.511002  73.090889
-42.537239   213.545456  73.637039
-43.040203   209.069183  74.136703
-43.679165   204.421967  74.879944
-44.310139   199.061005  75.569252
-44.789597   194.550049  76.175217
-45.315624   190.547455  76.949883
-45.808910   186.673813  77.604530
-46.064533   183.573349  77.991547
-46.258228   180.137924  77.939552
-46.250004   177.634399  77.834282
-46.482166   176.153656  77.735352
-46.679604   175.386307  77.804153
-46.752831   175.087952  77.914696
-46.775982   175.008514  77.996826
-46.793060   175.033661  78.123917
-46.813171   175.071976  78.220436
-46.880978   175.294113  78.231453
-47.037636   176.122177  78.153122
-47.061684   177.268494  77.851112
-47.076927   178.394791  77.569870
-47.170025   180.282532  76.943840
-47.114742   182.401108  76.615479
-46.704765   184.849152  76.040192
-46.137608   187.191620  75.615540
-45.542416   189.641342  75.651146
-44.595097   193.207855  75.255249
-43.275372   196.759033  74.440872
-41.637650   200.840607  73.772324
-40.284336   204.134903  73.473717
-38.945381   206.890579  73.350212
-37.282375   209.966522  73.431671
-35.313213   213.196671  73.223358
-33.426121   215.785675  73.308838
-31.321741   218.146637  73.170502
-29.313509   220.362885  73.447197
-27.829784   221.805283  73.517174
-26.856409   222.809631  73.703400
-25.200809   221.620300  73.636780
-25.161074   221.538437  73.632607
-25.247561   221.136658  73.538666
-25.626316   220.600250  73.436691
-26.797970   219.728546  72.760025
-28.723869   219.021591  70.991653
-30.878983   218.519394  69.702248
-32.664791   218.188782  68.962753
-34.631638   217.838211  68.296577
-36.565926   217.805283  67.203133
-38.086479   217.710037  66.636490
-38.881287   217.441986  66.509171
-39.378216   217.200409  66.439171
-41.166565   216.732407  68.033470
-42.234745   216.333527  69.414124
-42.506542   216.150986  70.108536
-42.502888   216.017075  70.472542
-42.222336   215.913193  70.734741
-41.743996   215.934204  71.037819
-41.254566   215.509079  71.586502
-40.896198   215.107162  71.905136
-39.811356   211.789536  72.597382
-39.369095   210.598038  72.809875
-38.612190   208.856735  72.771614
-38.013824   207.090805  72.622070
-37.201286   205.220825  72.386780
-36.525116   203.675308  72.272163
-35.710270   201.947067  72.231201
-34.854214   199.931320  72.350716
-33.953896   197.468475  72.598068
-32.741959   194.479935  73.159531
-31.575228   191.837341  73.599655
-30.207811   189.339905  74.240387
-28.957676   187.326675  74.811768
-27.415415   186.031967  75.250755
-25.715963   185.046600  75.615898
-24.397243   184.460861  75.724098
-23.164217   184.200012  75.658195
-21.319082   184.306015  75.464424
-19.658895   184.962463  75.206169
-18.160095   185.784744  74.984398
-16.615377   186.905472  74.698250
-14.863256   188.454758  74.423904
-13.207015   190.392120  74.240913
-11.284906   193.130890  74.056381
-9.864984   195.377029  73.722504
-8.004371   198.485336  73.909500
-7.305792   200.491318  73.878235
-6.374224   202.520615  73.412064
-5.561555   205.294388  73.141945
-5.241107   207.353638  73.012466
-5.036919   209.581955  72.882744
-4.973068   211.730515  72.948509
-5.185553   213.342758  72.992981
-5.631562   214.948868  72.954506
-6.430255   216.991440  72.936516
-7.212005   218.006454  72.727768
-7.632980   218.398224  72.645210
-7.987569   218.683502  72.548836
-8.470699   219.108383  72.384514
-8.887280   219.350266  72.275612
-9.145863   219.577209  72.216286
-9.313817   219.840012  72.305206
-9.179222   220.109009  72.366837
-8.874642   220.255325  72.485764
-8.345518   220.407898  72.479095
-7.629747   220.727707  72.486725
-6.457461   220.993515  72.415840
-5.008391   221.355637  72.449409
-3.408051   221.748520  72.805710
-1.883895   222.272278  73.156410
-0.543760   223.019989  72.938072
0.758232   223.343414  72.533775
1.637933   223.582336  72.280144
2.144138   223.814041  72.174339
2.467072   223.777893  72.048500
2.654441   223.601028  71.970551
2.714845   223.454239  71.838737
2.685377   223.375351  71.790199
2.216492   222.253418  71.377113
1.734643   221.487640  71.309700
1.050694   220.509354  71.253090
0.118700   218.862106  71.121628
-0.797507   217.166336  70.992813
-1.848997   214.973465  70.916313
-2.823577   212.634308  70.841316
-3.875010   209.974213  70.700233
-4.363375   208.885529  70.666565
-5.236834   206.370331  70.963028
-5.934609   204.016647  71.125198
-6.199294   202.782791  71.205315
-6.626663   200.869171  71.516235
-6.982096   198.648178  71.720741
-7.178052   197.038315  71.810883
-7.202407   196.283936  71.778046
-7.145810   195.489273  71.733086
-7.071591   194.872391  71.735611
-6.653340   194.096420  71.704407
-6.224030   193.682983  71.699158
-5.719376   193.425980  71.684319
-4.816160   193.425430  71.553841
-3.705528   194.042023  71.393478
-2.818992   194.488525  71.318153
-1.786833   195.355423  71.246475
-0.540324   196.810577  71.002724
0.492321   198.140198  70.664154
1.608918   199.784668  70.249870
2.612925   201.521652  69.845177
3.295954   203.304031  69.442314
3.968915   205.159027  68.999504
5.132761   207.780685  68.718788
6.133190   210.589752  68.296562
6.924797   212.851379  68.047928
7.502066   214.631577  67.817123
7.964303   216.328232  67.519485
8.497765   217.741150  67.554497
8.929917   218.928162  67.599945
9.306005   219.912155  68.063965
9.596547   220.894043  68.205795
9.726626   221.750000  68.401909
9.881064   222.307724  68.504128
10.044145   222.826569  68.548553
10.278294   223.547287  68.596931
10.465317   224.102448  68.650085
10.628285   224.391129  68.634796
10.763139   224.672607  68.644569
10.851176   224.911133  68.672127
10.922378   225.066162  68.681190
11.009718   225.027267  68.748436
11.072471   224.824402  68.810379
11.095918   224.635834  68.861870
11.093622   224.377396  68.905106
11.084417   223.996567  68.913239
11.068483   223.490997  68.909119
10.991995   222.601395  68.908051
10.953828   221.264801  68.954155
10.741704   219.659271  69.039261
10.637376   218.520126  69.075409
10.582961   217.693863  69.114311
10.574631   216.966614  69.156830
10.544197   215.801346  69.399445
10.584009   213.799271  69.649170
10.975436   211.872040  69.720528
11.299071   210.359604  69.882217
11.617396   208.706726  69.642113
11.813147   207.961319  69.752754
12.514832   206.555649  70.025383
12.752839   206.203354  70.078072
13.426413   205.274200  69.847984
14.136582   204.754135  69.733269
14.712399   204.421021  69.693321
15.413728   204.192352  69.589729
16.143911   204.025925  69.484436
16.938046   203.950806  69.373535
17.775282   204.144989  69.167366
18.555717   204.398132  68.893181
19.158358   204.653992  69.039444
19.800373   205.179291  69.027557
20.514986   205.957245  68.861755
21.140902   206.751007  68.561836
21.624336   207.491547  68.297226
22.013268   208.160233  68.028458
22.306211   208.952423  68.008614
22.861916   210.204880  67.704796
23.315977   211.241226  67.658890
23.558331   212.815628  67.526390
23.882067   213.929306  67.266144
24.957834   217.965866  65.924553
25.455755   219.646469  65.591370
25.609356   221.037231  65.811707
25.941601   222.558975  65.762421
27.159168   226.514954  64.642181
27.795113   228.403961  64.195267
28.320532   230.520294  64.179352
29.251438   234.746033  64.234764
30.211123   236.989548  63.921211
31.751480   242.358139  64.531509
32.957058   247.030823  65.139091
33.179993   248.480087  65.557861
33.676102   251.100861  65.976967
34.059807   253.352493  66.243500
33.828907   256.354370  66.772491
33.661503   257.491455  66.857887
33.358639   258.231995  67.224274
32.982658   258.268585  67.196503
32.576485   258.066437  67.111786
31.644470   256.427124  66.526657
31.055597   254.907349  66.401733
30.196486   252.591080  66.032944
28.986296   246.879959  64.719780
28.286657   243.545212  64.064301
27.369492   238.055649  63.455456
26.669386   227.783859  63.161819
26.602245   223.323227  63.369137
26.252983   213.821518  64.808105
26.444565   210.127731  65.583839
27.593161   203.256577  67.125008
27.309755   200.316650  67.918808
28.168753   198.604218  68.492081
29.375334   197.338699  69.066650
29.946985   197.349823  69.179176
30.668318   197.637238  69.255363
31.531530   198.404099  69.121391
32.944660   201.504303  68.823265
33.421955   203.072281  68.553963
33.941914   205.343781  68.320213
34.288853   208.288544  68.092804
34.311245   209.352371  67.960114
34.230919   211.406433  67.860214
33.885166   212.334183  67.609985
33.435707   213.588547  67.296768
33.473934   213.864349  67.143669
33.766743   214.140060  66.832619
34.668129   214.491562  66.871353
35.239910   214.426361  66.944977
36.167255   214.764557  67.014549
37.211670   215.192093  66.950890
40.417255   216.421783  66.811493
43.613384   218.444839  66.990219
46.478813   221.444031  67.239838
47.520351   222.648849  67.381859
48.785015   225.566788  67.549080
49.013744   226.307510  67.755966
49.402699   227.684601  67.969650
49.740059   229.209335  68.192451
50.015339   232.040634  68.004829
49.969975   232.978699  67.859634
49.547970   233.847488  67.654602
49.452709   233.941971  67.648758
47.986904   233.896179  68.606850
47.375443   233.416321  68.722847
46.376850   233.180710  69.681000
45.439053   231.491196  69.582375
44.359615   228.151382  70.161278
44.003120   225.788239  70.369507
43.825043   220.411758  70.100471
43.847256   218.197784  70.122292
44.003635   215.158051  70.097115
44.450123   211.845886  70.330902
45.859299   207.058914  70.946663
46.708786   205.034561  71.233284
50.097527   201.311508  71.617638
50.832901   200.571762  71.709915
51.870216   199.852356  71.787605
52.633682   199.697067  72.327728
53.742085   199.972672  72.083122
54.351540   200.457275  71.792305
54.759491   201.133057  71.729568
55.089684   202.266342  71.432747
55.455029   206.307251  70.642700
55.586731   208.499435  69.925461
55.146423   213.968262  68.844986
54.808861   215.609619  68.569229
54.017014   218.477890  68.085632
53.516754   219.641586  67.978180
52.835556   221.235062  67.859840
52.266388   222.653046  67.783592
51.662685   223.809113  68.025375
51.486046   224.203247  68.129883
51.432682   224.458313  68.262253
51.415318   224.553055  68.349457
51.937965   224.446518  68.610970
52.423294   224.351944  68.764580
54.206108   224.357544  69.563560
54.808132   224.344437  69.724724
56.349892   224.456665  70.116669
56.978146   224.564926  70.267311
59.036644   225.272552  70.648987
61.377220   226.390091  70.881119
62.634445   227.737183  71.042732
63.344643   229.252625  71.151566
63.449661   232.018158  71.382469
63.467041   233.635376  71.391785
63.127197   236.823730  71.458572
63.076954   238.077362  71.526894
62.999928   239.461884  71.599495
62.966637   240.798584  71.692711
62.951469   241.892548  71.756157
63.067768   243.342285  71.688797
63.142586   243.977036  71.663719
63.354374   244.730789  71.716286
63.645302   245.495865  71.823280
64.511208   246.123444  72.031731
64.987816   246.295700  72.147415
66.179695   246.156097  72.181786
66.948914   245.518082  71.763596
68.390228   243.588394  71.246788
68.859528   242.793716  71.247513
69.983253   241.010788  71.403572
70.467735   238.566742  71.302139
70.602249   237.542908  71.153755
70.453255   233.531479  70.502563
70.232018   229.974579  70.886505
70.065575   227.524933  70.853554
70.423279   224.678726  71.508018
70.657242   222.857681  71.488792
71.515961   219.049683  71.614609
72.059891   216.948349  71.826462
72.711838   214.567749  72.028198
73.415329   212.309753  72.310844
74.747917   209.525986  72.910820
75.298828   208.460205  73.132248
75.943993   207.247421  73.382622
79.704010   206.108871  72.761734
80.490250   205.898819  72.588722
82.333832   207.113708  72.267365
82.899567   207.877090  72.145638
84.130844   211.803528  71.621811
84.762650   213.968582  71.583214
85.351105   219.451965  71.280304
85.671051   222.406479  71.358376
86.212440   229.289474  71.128227
86.854752   237.198410  71.234146
87.155960   240.918686  71.312103
87.338272   248.383926  72.113930
87.530411   251.495392  72.167511
87.852089   257.429291  72.642365
88.110275   260.065308  72.682465
88.504219   264.431549  73.217278
88.670692   265.970642  73.426872
88.765320   269.149200  73.277687
88.737564   270.805450  73.213760
88.609932   271.635376  73.152802
88.420898   272.338959  72.967850
88.063568   272.692505  72.666794
87.635696   272.750580  72.155983
87.133766   272.670898  72.171211
86.749832   272.344818  72.088692
85.246834   269.345093  71.753166
81.473869   256.121826  70.678535
80.876801   252.846252  70.424400
79.776115   242.775208  70.350426
79.427238   238.228668  70.332771
79.919434   228.394775  70.980446
79.991852   222.514328  71.482910
80.562584   214.642883  72.802872
81.002312   211.181122  73.751137
82.001976   205.964401  75.033386
82.427292   204.128250  75.407280
83.613892   201.441849  76.252579
84.167152   200.481155  76.623848
84.997017   199.493362  76.870361
86.610245   199.018936  77.241020
87.434784   199.085159  77.266129
89.591545   201.311676  76.882591
90.287071   202.372650  76.719276
91.345421   204.440247  76.223930
92.334061   206.698029  75.848740
94.703285   212.182861  75.013573
95.661156   214.665909  74.347160
97.151855   219.442963  73.801514
97.306953   220.334656  73.815819
97.067848   221.173965  73.703629
96.965080   221.500824  73.560272
96.987312   221.384949  73.566307
97.013802   220.847626  73.582024
96.981186   219.917389  73.901093
97.252930   216.720795  74.332245
98.048180   213.675766  74.837509
99.124489   211.245895  75.345917
99.734734   210.122513  75.526741
101.654648   208.758362  75.747993
102.621971   208.676392  75.972359
103.893219   208.653488  76.088097
106.069016   209.892410  76.377617
106.952759   210.500412  76.555298
108.211678   212.144867  76.867165
110.143967   214.756180  76.801613
111.155609   216.174515  76.736763
112.754402   218.513580  76.634399
113.230354   219.250443  76.610703
113.640411   219.954391  76.615181
114.065353   220.548065  76.694641
114.211060   220.769577  76.682487
111.361626   222.927109  79.472961
109.149239   220.299973  81.852112
109.172440   219.314911  81.553734
109.539116   216.388443  81.428368
109.832466   213.376648  80.348488
110.156006   209.961548  79.459587
110.216156   207.026199  79.110962
109.969093   200.659119  79.070175
109.526031   197.256165  79.253906
107.691231   186.674042  81.186905
106.638222   181.726288  82.219261
105.337868   176.729706  83.286644
101.462395   168.085953  84.606079
100.132996   164.851227  84.848969
95.783653   157.566376  85.325401
94.472778   155.597488  85.538162
91.820122   153.595459  86.007172
84.991203   151.320251  86.075989
82.323792   150.684006  86.083649
79.145966   150.446472  85.663506
73.479851   151.515182  85.034447
71.255028   152.247040  84.516914
69.369301   153.310226  84.185783
67.980782   154.815216  83.665413
66.909157   157.022629  83.001099
66.567780   158.980804  82.371880
67.119659   163.377319  80.990440
67.664513   165.528687  80.217552
69.117790   169.144958  79.166252
72.226913   174.098618  77.889763
75.107269   177.981049  77.139259
80.827904   185.320908  75.688461
84.098244   188.525024  75.343407
87.756897   192.226105  75.227386
91.513092   195.250000  75.328957
95.566917   198.168762  75.587685
99.027565   200.502533  76.187454
104.566978   202.142532  75.735527
109.134239   203.511078  75.563744
115.917862   206.282608  77.277412
118.503227   207.102432  77.921127
120.930077   207.882446  78.559029
125.527206   209.015625  78.860878
127.188797   209.399429  78.893845
129.265915   210.174332  79.122223
129.520432   210.388092  79.126915
129.618240   210.900650  79.265999
129.586609   211.215622  79.262886
129.385284   211.514893  79.212746
128.378647   212.635818  78.889053
127.347260   213.595612  78.006973
125.489815   215.079468  76.759605
123.829094   217.422562  76.742706
118.570183   222.585419  75.735596
116.127426   224.690506  75.013084
111.184410   229.064331  74.832932
108.891708   230.840012  74.851173
104.863594   233.197311  74.465103
103.267708   234.107712  74.341118
101.551865   235.176193  74.250038
99.237892   238.029037  75.479752
97.154900   240.156128  75.956253
92.329292   243.824982  75.926270
89.830246   245.687775  76.074409
87.254631   247.834274  76.123810
84.283897   249.958893  76.047600
81.181702   252.510696  76.170990
74.888565   256.509399  76.373611
71.683167   258.651794  76.413330
67.896881   260.826263  76.320282
64.022507   263.278534  76.761063
55.426731   266.733826  75.946854
52.270214   268.073853  75.771973
49.109871   269.196136  75.596756
43.834866   270.938202  75.089218
41.856506   271.571289  74.803703
39.382660   272.014069  74.285187
36.881863   270.522369  74.299988
35.200489   270.037415  73.776474
32.807011   269.601654  73.102531
31.980747   269.352203  72.862175
31.077953   269.356842  72.722198
30.787882   269.188446  72.594818
31.294449   269.110657  72.445274
32.582561   268.837952  71.954292
36.109692   268.478638  71.119194
41.561356   268.079498  70.181099
47.276821   267.682953  69.801849
61.850891   266.107849  70.496803
67.453896   266.101685  71.373993
74.311440   266.318909  72.266891
80.146751   266.207794  73.659592
90.492538   267.353333  76.339684
94.758781   267.806122  76.915092
97.941696   268.128021  77.428444
103.597321   267.734863  78.693810
106.098404   267.824799  79.232193
109.304779   267.940979  79.657074
112.184853   267.629150  79.553200
114.546997   267.462860  79.498238
116.111130   266.974030  79.487869
118.195175   266.936188  79.230728
120.191322   266.465759  78.455849
122.346817   265.795807  77.907448
122.925766   265.560181  77.797874
123.592133   265.129700  77.800903
124.100883   264.796265  77.786171
124.587563   264.199097  77.773888
125.055840   263.405914  77.846420
125.696953   262.891663  78.117996
126.365936   261.530579  78.112793
126.702995   260.968170  77.955078
127.180748   260.084869  77.711197
127.348785   259.758636  77.624054
127.558899   259.587189  77.625313
127.759796   259.445435  77.609657
127.961792   259.354797  77.617935
128.191925   259.343933  77.688538
128.287582   259.324554  77.718262
128.428879   259.311890  77.805481
128.567841   259.446594  77.968987
128.643982   259.591125  78.107231
128.672531   259.720612  78.209709
128.712082   259.852692  78.338417
128.730972   259.973816  78.451691
128.662643   260.104034  78.509644
128.574051   260.224121  78.548965
128.532166   260.406982  78.614204
128.497803   260.591583  78.654724
128.274658   260.918304  78.687019
128.046768   261.188904  78.683594
127.595703   261.091522  78.427277
127.337433   261.318207  78.308403
126.832146   262.176849  78.769791
126.485718   262.385132  78.973495
126.034775   262.838165  79.210327
125.792961   263.046844  79.192421
125.566315   263.196014  79.286873
125.414162   263.293549  79.357681
125.195091   263.494141  79.689133
124.954063   263.758209  79.947525
124.859901   263.907135  80.022232
124.687988   263.986420  80.129959
124.494606   264.084320  80.256874
124.423935   264.141266  80.367966
124.311501   264.258850  80.500496
124.237343   264.323547  80.597084
124.176460   264.368652  80.629219
