-88.146103   155.091888  -42.148640
-88.132614   155.041550  -42.151070
-88.116844   154.976089  -42.157513
-88.109009   154.877335  -42.177158
-88.100868   154.791046  -42.189327
-88.089363   154.702774  -42.228268
-88.075569   154.620453  -42.270863
-88.062973   154.546448  -42.306118
-88.065407   154.529877  -42.334522
-88.054146   154.493729  -42.375427
-88.043526   154.459320  -42.416134
-88.031380   154.424927  -42.456593
-88.018639   154.391708  -42.501778
-88.004013   154.365997  -42.536163
-87.978600   154.347427  -42.571014
-87.960701   154.340652  -42.590477
-87.922379   154.313766  -42.624386
-87.872421   154.300812  -42.667694
-87.814293   154.274307  -42.714920
-87.781952   154.250061  -42.750175
-87.744141   154.228027  -42.779663
-87.711288   154.195358  -42.812115
-87.678375   154.149628  -42.840111
-87.643005   154.114731  -42.869392
-87.630630   154.082336  -42.887142
-87.623489   154.060394  -42.891769
-87.630936   154.014328  -42.944149
-87.680054   153.940262  -42.991360
-87.691559   153.927368  -42.996166
-87.710617   153.906250  -43.001968
-87.725288   153.889069  -43.005104
-87.736961   153.873962  -43.006718
-87.748299   153.857864  -43.003723
-87.759140   153.842697  -43.003952
-87.772636   153.825211  -43.004047
-87.791542   153.804916  -42.995789
-87.815575   153.783432  -42.981186
-87.845940   153.757507  -42.958717
-87.869530   153.737717  -42.943390
-87.893242   153.708817  -42.929085
-87.916595   153.674637  -42.917179
-87.934250   153.646942  -42.907490
-87.944595   153.622238  -42.893810
-87.949120   153.613647  -42.889484
-87.947762   153.616821  -42.889057
-87.949074   153.632202  -42.891102
-87.952995   153.666382  -42.888775
-87.947090   153.710159  -42.888706
-87.937302   153.757996  -42.886436
-87.920258   153.808395  -42.882740
-87.925606   153.792099  -42.886417
-88.084908   153.370377  -42.902916
-88.775108   150.832352  -43.035778
-90.447594   144.445999  -43.189037
-91.884087   137.147827  -42.465588
-92.892754   129.510483  -40.928719
-93.278275   123.077721  -39.096573
-93.247826   118.392303  -37.478935
-93.005867   115.612488  -36.441448
-92.830460   114.194122  -35.928692
-92.750175   113.926178  -35.872272
-92.710464   114.272728  -35.959831
-92.635376   115.530174  -36.184334
-92.425781   118.635445  -36.831654
-91.893837   123.024925  -37.996250
-91.072876   127.885696  -39.163822
-89.930733   132.430588  -40.221741
-88.487473   136.138718  -41.197456
-86.981300   138.944031  -42.053310
-85.680527   140.913269  -42.720081
-84.595917   142.147934  -43.261585
-83.670616   142.591080  -43.961597
-82.908585   142.711792  -44.567898
-82.231155   142.550095  -45.083744
-81.686676   142.208633  -45.415535
-81.358513   141.263947  -45.410664
-81.298286   139.464890  -45.262047
-81.385757   136.249405  -44.751972
-81.485947   132.508392  -43.793659
-81.441628   129.190399  -42.832043
-81.324371   126.295914  -41.899353
-81.063950   123.809769  -41.064392
-80.797760   121.674294  -40.273903
-80.358932   120.027390  -39.692299
-79.660889   118.801140  -39.334156
-78.823792   117.946785  -39.180557
-77.756683   117.478027  -39.254215
-76.559380   117.294197  -39.489380
-74.912064   117.398438  -40.058678
-72.955559   117.799934  -40.878017
-70.512917   118.829208  -41.884785
-68.001053   120.363396  -42.992161
-65.215866   121.978851  -44.177639
-62.627571   123.957878  -45.408241
-60.188164   125.938751  -46.653675
-57.922142   128.294006  -48.065258
-56.037560   130.729919  -49.284657
-54.506153   133.287979  -50.436813
-53.613705   135.608932  -51.312660
-53.130119   137.560242  -52.001247
-52.997036   139.202545  -52.488152
-53.133396   140.425018  -52.775116
-53.499554   141.200073  -52.914783
-54.186218   141.571732  -52.931721
-55.103672   141.581192  -52.809216
-56.374039   141.142441  -52.561256
-57.870071   140.298782  -52.074574
-59.385715   138.681442  -51.455364
-60.884624   136.431870  -50.690929
-62.117519   133.722763  -49.806744
-62.825787   131.034988  -48.901279
-63.013680   128.701218  -48.106903
-62.846165   126.821220  -47.583229
-62.486870   125.338463  -47.158432
-62.085293   124.019791  -46.896202
-61.237785   122.899750  -46.957687
-60.137402   122.139427  -47.306789
-58.744465   121.755035  -47.804699
-57.017517   121.721565  -48.555103
-55.303280   122.053307  -49.363060
-53.857449   122.760689  -50.009140
-52.324692   124.119926  -50.823269
-50.782166   125.980873  -51.868126
-49.507111   128.247650  -52.908508
-48.778389   130.225632  -53.796379
-48.489822   131.811447  -54.399593
-48.427113   132.950424  -54.779022
-48.559250   133.668304  -55.008617
-48.786785   134.009842  -55.099960
-49.020447   134.050995  -55.114983
-49.245415   133.921967  -55.096710
-49.552937   133.483139  -55.010361
-49.962158   132.605545  -54.794521
-50.330795   130.471695  -54.527760
-50.605564   128.751480  -54.162415
-50.682255   127.349312  -53.832085
-50.283337   125.994118  -53.593342
-49.590183   124.952522  -53.491264
-48.847683   124.205238  -53.612858
-48.046513   123.854622  -53.783684
-47.167049   123.670921  -54.037045
-46.350845   123.665077  -54.347580
-45.712082   123.899483  -54.627876
-45.232903   124.214767  -54.913372
-44.901386   124.462692  -55.123100
-44.719429   124.447510  -55.223030
-44.597107   124.030952  -55.248497
-44.415100   122.996788  -55.166431
-44.107765   121.297600  -54.896137
-43.490730   119.001839  -54.457794
-42.331203   116.680061  -53.918774
-40.730560   114.899574  -53.622868
-35.034687   113.456696  -54.547974
-33.309208   113.626717  -54.881702
-30.722076   114.209251  -55.444889
-28.342049   115.145981  -56.160583
-26.413843   116.447479  -56.880444
-24.946695   117.716370  -57.506275
-23.749155   119.128578  -58.207031
-22.445641   121.017563  -59.032845
-21.447800   122.746490  -59.759769
-20.764946   124.536972  -60.418671
-20.495073   126.096489  -60.927433
-20.936087   127.304878  -61.302387
-21.946171   128.095215  -61.478859
-23.883169   128.424149  -61.581631
-25.730560   128.143082  -61.402103
-27.317457   127.639381  -61.118237
-28.494102   126.755463  -60.866364
-29.598650   125.106316  -60.380287
-30.592918   122.852577  -59.700130
-31.343599   120.369080  -58.767574
-31.833858   117.727776  -57.659782
-31.994213   115.743378  -56.873993
-32.004948   114.180267  -56.247341
-31.558891   112.714325  -55.860863
-30.558485   111.600586  -55.848240
-29.112282   111.184006  -56.142445
-27.499048   111.732590  -56.610703
-26.378256   112.308548  -57.049778
-25.294424   113.619392  -57.847435
-24.216396   115.597603  -58.892879
-23.289721   118.045715  -60.018196
-22.032692   120.540520  -61.359497
-21.113504   122.588760  -62.356480
-20.612778   123.894104  -62.962845
-20.342035   124.556969  -63.292961
-20.180086   124.737556  -63.432159
-20.043636   123.686012  -63.872314
-20.010210   122.645576  -64.037910
-20.215485   121.082466  -64.023643
-20.599684   119.003502  -63.494633
-21.254000   115.323601  -62.262486
-22.095665   109.572060  -59.980072
-23.114635   104.506126  -57.198265
-24.132227   99.730080  -54.185936
-25.483500   96.651787  -51.414482
-27.137854   94.047195  -49.172188
-28.834114   92.107735  -47.163902
-30.781441   91.019745  -45.369720
-32.370544   90.317558  -44.149261
-33.620052   90.192284  -43.479492
-34.501244   90.385353  -43.254749
-35.092831   91.020775  -43.413204
-35.769325   92.401360  -43.889000
-36.058598   93.683037  -44.369255
-36.104160   95.123917  -45.160461
-35.627602   98.846428  -46.731972
-34.508503   103.686142  -48.948002
-32.696178   109.807243  -51.651073
-30.754953   115.537201  -53.923542
-28.678507   121.405190  -56.396107
-26.712387   126.433792  -57.966709
-24.907999   130.847137  -59.373985
-23.288641   135.334122  -60.686722
-21.822233   140.151489  -61.836212
-20.486660   145.292297  -62.900723
-19.323645   148.552979  -63.432125
-18.294863   151.330658  -63.836395
-17.097574   154.522278  -64.103088
-15.363754   158.884613  -64.157562
-13.531425   162.739563  -64.269646
-11.972606   166.085434  -64.253448
-10.674826   168.678131  -64.224197
-9.626145   170.674194  -64.235237
-9.219099   171.178055  -64.373306
-8.808983   171.655792  -64.449112
-8.483265   172.025833  -64.494957
-8.061851   172.031601  -64.623840
-7.475266   171.677734  -64.982674
-6.843053   170.536026  -65.652458
-6.446504   169.132629  -66.384010
-6.061457   166.425003  -67.450218
-5.492790   163.262955  -68.470535
-4.843938   159.506836  -69.495461
-4.624598   155.682571  -70.436417
-4.516665   150.714630  -71.336617
-4.589684   144.952560  -72.001480
-4.763263   138.316101  -72.192513
-5.199438   132.443619  -71.870392
-5.385725   125.210495  -71.538773
-5.921960   121.232521  -70.251282
-6.354662   118.416847  -69.101654
-6.789597   116.285385  -67.934860
-7.190301   114.395821  -66.863441
-7.569829   113.082787  -65.892929
-7.896714   112.019867  -65.266502
-8.122339   111.393242  -64.897545
-8.306037   111.059875  -64.697906
-8.548189   111.090645  -64.530273
-8.737421   111.189163  -64.476532
-8.884134   111.714378  -64.478027
-8.999087   112.398529  -64.488289
-9.019178   113.189590  -64.517799
-8.934049   114.226112  -64.635155
-8.635136   115.794632  -64.945915
-8.092003   117.658020  -65.368950
-7.460741   119.387894  -65.821358
-6.466914   121.707771  -66.453087
-5.545474   123.426254  -67.023308
-4.698581   124.858757  -67.489326
-3.831172   126.198380  -67.950455
-2.790370   127.406410  -68.425873
-1.741801   128.379150  -68.841507
-0.680114   129.042191  -69.135910
0.326094   129.465683  -69.370407
1.403113   129.623642  -69.486862
2.461028   129.735306  -69.483932
3.557210   129.725647  -69.498558
4.623127   129.602631  -69.396126
5.603498   129.366486  -69.291077
6.366087   128.813187  -69.132286
6.928126   127.926102  -68.950745
7.323577   126.750954  -68.639481
7.478485   125.333565  -68.238785
7.452046   123.823578  -67.748199
7.288723   122.254059  -67.197525
6.365890   120.169250  -66.382813
5.972838   119.570595  -66.147583
4.664516   118.021263  -65.940941
3.103472   117.349648  -65.802116
1.785983   116.544510  -65.566353
0.527262   116.763000  -65.323395
-0.392317   116.413727  -65.333878
-1.074990   116.245361  -65.348755
-1.822600   117.413567  -64.896767
-2.289710   118.213974  -64.607231
-2.447940   119.329613  -64.311066
-2.554096   120.087486  -64.119629
-2.582486   120.701263  -64.071938
-2.168201   121.699150  -64.347595
-1.248830   123.326370  -64.869278
-0.117330   125.420441  -65.570084
1.496377   127.855186  -66.372673
3.154528   131.416702  -67.080780
4.949587   134.523849  -67.634476
6.453537   137.531052  -68.268387
7.845130   140.316681  -68.878105
9.215700   143.129410  -69.426071
10.580484   145.955429  -69.943069
11.926270   149.160477  -70.472710
13.285733   152.453262  -70.882156
14.628216   155.563690  -71.206688
15.756718   159.032288  -71.596161
16.787571   161.975128  -71.811234
17.742718   164.397339  -71.940430
18.601393   166.720062  -71.912506
19.414427   168.768204  -71.866776
20.280588   170.771484  -71.718498
21.114725   172.516769  -71.567101
22.003353   173.623016  -71.552292
22.800234   174.100510  -71.697388
23.462486   173.781570  -72.040337
23.978548   172.594086  -72.706093
24.663425   170.721741  -73.656212
25.392445   168.535248  -74.651619
26.475069   165.377197  -75.608391
27.391346   162.706741  -76.214790
27.851896   159.777756  -76.792725
28.050604   156.325867  -77.330681
27.991627   151.928452  -77.450203
27.832262   147.177017  -77.378471
27.357660   142.297256  -76.784378
26.817089   137.496475  -75.979103
26.216173   133.379730  -75.001923
25.521093   129.959732  -74.121780
24.837490   126.784157  -73.170746
23.979826   123.840355  -72.237946
23.429438   122.007156  -71.545296
22.890142   120.406662  -70.857918
22.414179   118.983727  -70.219460
21.952021   117.888504  -69.640099
21.514948   116.985413  -69.128456
21.129530   116.334671  -68.653831
20.797588   115.796440  -68.270309
20.592600   115.222565  -68.009094
20.407656   114.773163  -67.844566
20.271095   114.460754  -67.735443
20.161152   114.270790  -67.621780
20.137268   114.236977  -67.562675
20.208954   114.610138  -67.580582
20.265585   114.818710  -67.595245
20.454700   115.955696  -67.688995
20.679329   116.555099  -67.892929
21.137756   118.252342  -68.247871
21.801649   120.182320  -68.797844
22.610518   122.497925  -69.371796
23.601801   125.580116  -69.976677
24.444096   128.197815  -70.498848
25.497803   130.984253  -70.848083
26.525169   133.277298  -71.198219
27.596327   135.309402  -71.556671
28.588369   136.770248  -71.824532
29.557690   138.040436  -71.988411
30.471767   139.089111  -72.172752
31.292379   139.754288  -72.273216
32.043987   140.190399  -72.347694
32.720039   140.341736  -72.382378
33.275532   140.394150  -72.399467
33.838734   140.303238  -72.422073
34.403362   140.121811  -72.432480
35.034405   139.832138  -72.476227
35.568283   139.431854  -72.480659
36.131950   138.985184  -72.488762
36.742306   138.364090  -72.509819
37.259674   136.638367  -72.791931
37.695690   135.563248  -72.901146
37.975533   134.688721  -72.754463
38.013096   133.572647  -72.564651
37.986565   132.153549  -72.250175
37.951595   130.680710  -71.884888
37.995335   129.123505  -71.437149
38.028954   127.483253  -70.939789
37.993572   125.890533  -70.431465
38.028934   124.558510  -69.967422
38.112724   123.193405  -69.476021
38.308376   121.971382  -69.008659
38.540848   121.012756  -68.625671
39.100163   120.413673  -67.993622
39.660809   119.849533  -67.444107
40.330185   119.677055  -67.073357
40.849201   119.242874  -66.855225
41.425873   118.971954  -66.711159
42.189030   118.831215  -66.631462
42.967804   118.904648  -66.628510
44.103951   119.615578  -66.754776
45.733982   120.674561  -67.151489
47.311260   122.418716  -67.713692
49.084919   124.606575  -68.250999
50.498440   127.157013  -68.883324
51.556194   129.863342  -69.348717
52.429153   132.608459  -69.874672
52.891041   135.656448  -70.789551
53.138309   138.047729  -71.343712
53.244774   140.166534  -71.738022
53.081356   142.317795  -72.186333
52.811630   144.122437  -72.586998
52.559299   145.516403  -72.895348
52.388504   146.460068  -72.965996
51.928097   147.315002  -73.506424
51.552311   147.716400  -73.824661
51.339668   148.005524  -73.948433
51.115757   147.892761  -74.071648
51.055069   147.791138  -74.099831
50.894066   147.389282  -74.172462
50.611397   146.251450  -74.245087
50.210159   144.531952  -74.098145
49.889488   142.107895  -73.653450
49.598557   139.630417  -73.199883
49.515789   137.245193  -72.650764
49.577217   134.918533  -72.115211
49.874306   133.025391  -71.477844
50.292240   131.400223  -71.132324
50.757706   129.975433  -70.637947
51.541275   128.969238  -70.232323
52.353542   128.240677  -69.985458
53.092777   127.855225  -69.784149
53.983334   127.399353  -69.908974
54.768818   127.270523  -70.033653
55.591908   127.583588  -70.105042
56.705605   128.535141  -70.215019
58.147160   129.869370  -70.652435
59.717827   131.956985  -71.210297
60.652920   133.466843  -71.393272
61.291061   134.885590  -71.491211
61.825668   136.200165  -71.588974
62.246380   137.540817  -71.751610
62.435619   138.747314  -72.074707
62.440804   139.334030  -72.039650
62.331772   139.686737  -72.342606
62.288063   139.922668  -72.531357
62.121410   139.745071  -72.566483
61.966663   139.117920  -72.424141
61.854149   138.303207  -72.255501
61.776035   137.131897  -72.094124
61.976669   135.561447  -71.717148
62.541885   133.774353  -71.246964
63.221180   132.406601  -70.858635
64.366226   131.639725  -70.563545
65.767090   131.211395  -70.299683
67.322372   130.879593  -70.210266
68.657570   131.075043  -70.027473
69.970329   131.328964  -69.981880
71.306519   131.719131  -69.922928
72.595207   132.319641  -69.892365
73.824272   133.088776  -69.917259
75.010010   134.166321  -69.960640
76.021744   135.602585  -69.957367
76.881332   136.812073  -69.925583
77.725365   138.413574  -69.955162
78.338257   140.037888  -70.160118
78.909256   141.892334  -70.343269
79.196434   143.555008  -70.564941
79.237900   144.721436  -70.896149
78.965317   145.524292  -71.461395
78.609894   145.957047  -72.099998
78.353455   146.690918  -72.420746
78.205544   147.149170  -72.427345
77.977974   147.573547  -72.462357
77.444344   148.032578  -72.654778
76.941788   148.496918  -72.672539
76.525192   148.643906  -72.752449
76.179634   148.720383  -72.823509
75.838470   148.581665  -72.913345
75.510979   148.332520  -72.984550
75.199791   147.889954  -73.071053
74.959122   147.156677  -73.136070
74.879639   146.227173  -73.160263
74.966934   145.281479  -73.085686
75.293999   144.090790  -72.987343
76.094925   142.580627  -72.842735
76.834846   141.133667  -72.673256
77.666649   139.469116  -72.501991
78.272461   137.825241  -72.308846
78.668472   135.956573  -72.097382
78.977867   133.828995  -71.844200
79.216644   131.746979  -71.539009
79.319366   129.714249  -71.016373
79.253494   127.621033  -70.477844
79.006416   125.426903  -69.895233
78.697525   123.552444  -69.386375
78.295258   121.753731  -68.835663
77.844025   120.340302  -68.291107
77.242493   119.128860  -67.757568
76.514473   118.348999  -67.324112
75.511864   118.193718  -66.762970
74.324867   118.488838  -66.250252
73.377335   119.769707  -65.999069
72.302017   120.348633  -65.822334
71.727135   121.648285  -65.827881
71.198517   122.864014  -66.067093
70.806374   124.392342  -66.263123
70.835884   126.229210  -66.547783
70.993782   127.944008  -66.845566
71.458832   130.837326  -67.402031
72.117928   133.348297  -68.051888
72.994682   135.705612  -68.740219
74.166977   139.156906  -69.316116
74.951218   142.847672  -70.197060
75.869827   146.113098  -70.576088
76.893372   149.193665  -70.923012
78.227257   152.741623  -71.167351
79.414093   155.793655  -71.374916
80.326721   158.208664  -71.591370
81.064651   160.048248  -71.791267
81.819870   163.055801  -71.639832
82.411423   163.605545  -72.115730
83.114342   163.703903  -72.493980
83.911957   163.831116  -72.657944
84.851372   164.767227  -72.441231
85.704872   163.573975  -72.747986
86.369980   161.193375  -73.178963
87.019508   158.543640  -73.599854
87.796013   156.601624  -73.756355
88.367638   153.598969  -74.037369
88.975578   150.162384  -74.143265
89.369629   146.772446  -74.228249
89.632774   143.257828  -74.117592
89.752701   139.567398  -73.847267
89.632469   136.063019  -73.350632
89.223427   132.684418  -72.792274
88.787697   129.704178  -72.142418
88.306450   127.408691  -71.545029
87.866119   125.602707  -71.050903
87.485825   124.333054  -70.683212
87.159149   123.355141  -70.400551
87.110825   123.008354  -70.232437
87.566582   123.489502  -70.295418
87.830025   123.901566  -70.321587
88.387062   124.845352  -70.376892
89.484978   127.096237  -70.558990
90.684601   130.163315  -70.687134
91.730530   133.193146  -70.802155
92.694496   135.775742  -70.986977
93.481819   138.154449  -71.077927
94.136253   140.125687  -71.181183
94.726433   141.580612  -71.275894
95.248428   142.357651  -71.364365
95.716019   142.807144  -71.309052
96.153427   142.946320  -71.154984
96.682396   142.804138  -70.941910
97.205765   142.290512  -70.794067
97.737854   141.462631  -70.194130
98.265854   140.077972  -69.853409
98.769936   138.153717  -69.420494
99.243896   135.808990  -68.971992
99.842918   133.382080  -68.346703
100.233597   131.208115  -67.659004
100.969292   129.094452  -67.047539
101.821678   127.207146  -66.447571
102.892685   125.806290  -65.794640
103.997475   124.668678  -65.222183
105.319809   123.989555  -64.861710
106.470757   123.760498  -64.609322
107.637848   123.959511  -64.543587
108.673096   124.298332  -64.622948
109.606010   124.843124  -64.736214
110.595932   125.967659  -64.891846
111.370438   127.150848  -65.166367
111.968460   128.963196  -65.624199
112.332954   130.959763  -66.168930
112.441818   132.857452  -66.780693
112.274673   134.346115  -67.423035
111.946762   135.462723  -67.999702
111.595200   136.146362  -68.423851
111.262802   136.477295  -68.696732
110.957710   136.612137  -68.918259
110.470161   136.209610  -69.207832
110.045761   135.638763  -69.365440
109.507454   134.498764  -69.434151
108.876976   132.798965  -69.357407
108.359489   130.897964  -69.128822
108.108322   129.029648  -68.741592
108.150673   127.254303  -68.276695
108.337669   125.815666  -67.899506
108.711357   124.488091  -67.494835
109.275009   123.734047  -67.131920
109.950356   123.101707  -66.809105
110.572227   122.541466  -66.517426
111.289703   122.239952  -66.442108
112.037041   122.475525  -66.447548
112.690674   122.987762  -66.523712
113.207535   123.727272  -66.662430
113.610374   124.513695  -66.886131
114.025139   125.851318  -67.136093
114.577278   127.256172  -67.358864
114.928581   128.445221  -67.683365
115.206085   129.650665  -68.043663
115.331360   130.451584  -68.398407
115.458290   131.116165  -68.679832
115.507469   131.360138  -68.849373
115.542351   131.361191  -68.883270
115.585388   131.076187  -68.864433
115.670067   130.305023  -68.778107
115.835449   128.987366  -68.519638
116.272163   127.986656  -68.177078
116.952965   127.054863  -67.711685
117.770584   126.720024  -67.340271
118.654518   126.816063  -67.017548
119.385918   126.862778  -66.769287
120.243034   127.324547  -66.661880
121.060593   128.122269  -66.640961
121.735924   129.736420  -66.620239
122.640999   132.290619  -66.630653
123.243256   135.170517  -66.903809
123.616661   138.463440  -67.192024
123.941277   141.379700  -67.463951
124.316391   143.978912  -67.478951
124.561096   145.960587  -67.578636
124.746132   147.437225  -67.706337
124.879974   148.592834  -67.838448
125.044518   149.361618  -68.020416
125.222092   149.578278  -68.171913
125.468651   149.620056  -68.310905
125.692169   148.745239  -68.489929
126.072388   147.454758  -68.455559
126.613899   144.917542  -68.401810
126.902321   140.981491  -68.393990
126.848648   136.484268  -68.529099
126.657127   132.366989  -68.260460
126.346214   129.409409  -67.892754
126.021454   127.415932  -67.553879
125.605682   125.847565  -67.236908
125.082481   124.699699  -66.927277
124.646019   123.962616  -66.773148
124.293564   123.647408  -66.737000
123.924530   123.757126  -66.862862
123.699013   124.868324  -67.141342
123.419312   126.289284  -67.471352
123.251640   128.693863  -67.747719
123.360977   131.500656  -67.820045
123.850151   134.707047  -67.790054
124.704933   137.479462  -67.713715
125.944084   140.364990  -67.556641
127.301552   143.119354  -67.241867
128.688828   145.689407  -66.942078
129.885132   147.393936  -66.536095
131.011093   148.067291  -66.388390
132.198074   148.567169  -66.122551
133.985214   150.398773  -65.534073
135.470154   149.877029  -65.396355
136.587250   149.082092  -65.219002
137.625000   148.107819  -64.981506
138.521164   147.091309  -64.785103
139.540634   145.374084  -64.205063
140.096222   143.076096  -63.859219
140.604782   140.498856  -63.282440
140.942688   138.112900  -62.744175
141.075073   135.830887  -62.209305
140.836319   133.714523  -61.733852
140.505630   132.056686  -61.348076
140.103302   130.942902  -61.111271
138.335220   129.375916  -61.056641
137.587540   129.476746  -60.968636
136.139603   130.137100  -60.873615
134.551453   131.350983  -60.890434
132.553238   132.398758  -61.235828
130.591599   134.220154  -61.223770
128.520325   136.045380  -61.291420
126.292686   137.710876  -61.239704
123.763481   139.404083  -60.949566
120.429893   140.570465  -60.865829
116.494347   141.420120  -60.729324
111.886688   141.842072  -60.729973
106.516266   141.872604  -60.788296
99.937111   141.728012  -60.679695
92.455338   141.855560  -60.238323
84.302315   141.605804  -59.095661
75.972603   142.048645  -57.774944
68.281036   142.550751  -56.849174
59.611759   143.174866  -55.713543
50.508720   144.082703  -54.396980
40.199741   142.889481  -52.496696
27.963650   138.704514  -49.550137
16.154133   131.703262  -46.748646
6.098420   131.381485  -42.891109
-4.375029   130.967834  -38.118279
-13.365040   129.300415  -31.288675
-20.900389   127.474930  -24.228456
-27.069365   125.098038  -17.836803
-32.319843   123.562042  -12.005764
-35.682594   122.836174  -3.095549
-55.752426   134.576569  0.410087
-59.857826   132.719559  2.904226
-65.455605   129.247391  6.316302
-68.126961   126.777885  8.392467
-72.468407   122.690781  11.485072
-74.821716   120.014259  13.503241
-77.831886   116.874367  15.714433
-80.745064   113.383476  18.483767
-39.912624   96.644463  20.559738
-41.606564   94.704788  21.478989
-43.773079   91.742859  23.126511
-31.361923   95.005165  25.049461
-33.500401   92.366325  26.153425
-35.385899   89.812851  26.988859
-37.320686   87.710556  27.957205
-38.515514   85.530754  28.762737
-39.180492   84.241882  30.113867
-39.279366   82.922386  31.024027
-39.970821   80.831863  32.096012
-40.621563   80.321739  33.335819
-41.812798   78.198624  34.081501
-44.417629   75.878967  34.857826
-45.664394   74.805840  35.626801
-46.157303   74.333244  36.410141
-46.138577   73.664406  37.282253
-46.286484   73.362541  38.068474
-46.583183   72.991714  38.679569
-46.786667   72.689316  39.096703
-46.865833   72.397369  39.248024
-46.892475   72.134247  39.371487
-46.886444   71.934242  39.549686
-46.957333   71.819740  39.821621
-46.980907   71.648666  39.894112
-47.010105   71.593079  40.052273
-46.984108   71.322754  39.886673
-46.999191   71.277313  39.966980
-47.019020   71.217796  39.989815
-47.066895   71.204681  40.070877
-47.121071   71.180138  40.119610
-47.165859   71.108429  40.134995
-47.242840   71.033485  40.110226
-47.310886   70.978058  40.144928
-47.396629   70.882805  40.243832
-47.375977   70.708298  40.296143
-47.327484   70.403633  40.195644
-47.328381   70.254959  40.201977
-47.465752   69.843498  39.740784
-47.623180   69.702980  39.852890
-47.689709   69.489876  40.004124
-47.784805   69.335312  40.130215
